Time;{instance="10.231.0.208:9100"};{instance="192.168.221.10:9100"};{instance="192.168.221.11:9100"};{instance="192.168.221.12:9100"}
1690729431;0.750000006519258;11.499999999068692;2.0000000004074536;5.5000000007567
1690729432;3.75000003259629;12.500000000000014;4.499999999825377;11.500000000523869
1690729433;45.74999997857958;13.000000000465675;2.9999999998835847;39.49999999895226
1690729434;49.500000034458935;13.999999999941807;2.4999999994179234;72.50000000058208
1690729435;49.49999996460974;15.00000000087313;3.000000001338776;82.49999999970896
1690729436;51.00000002421439;13.999999999941807;2.499999997962732;62.5
1690729437;53.24999999720603;12.999999999010484;4.499999999825377;58.49999999918509
1690729438;50.24999997112901;16.00000000034926;1.5000000013969839;51.00000000093132
1690729439;52.25000004284084;11.500000000523883;4.499999999825377;62.5
1690729440;51.000000000931315;16.49999999935973;2.4999999994179234;52.000000000407454
1690729441;49.49999996460974;11.000000000058222;1.0000000009313226;55.49999999930151
1690729442;50.50000003539026;12.999999999010484;5.000000000291038;56.50000000023283
1690729443;50.499999942258;11.500000001979075;2.499999997962732;55.49999999930151
1690729444;52.25000004284084;36.99999999953434;3.5000000018044375;64.50000000040745
1690729445;50.24999997112899;44.499999999243315;7.499999999708962;72.99999999959255
1690729446;50.75000002980233;63.49999999947614;1.4999999999417923;71.00000000064028
1690729447;49.999999976716936;38.50000000093132;4.499999999825377;83.99999999965075
1690729448;52.7500000083819;38.99999999994179;2.4999999994179234;93.0000000007567
1690729449;46.25000001396984;30.000000000291053;4.000000000814907;93.49999999831198
1690729450;47.74999995715916;11.000000000058222;2.500000000873115;66.5000000022701
1690729451;49.25000004004687;9.9999999991269;2.9999999998835847;48.499999998603016
1690729452;45.999999972991645;11.500000000523883;3.4999999988940544;56.00000000122236
1690729453;47.75000000372529;9.9999999991269;2.4999999994179234;51.4999999984866
1690729454;46.75000000279397;19.000000000232845;2.500000000873115;66.50000000081491
1690729455;50.249999994412065;56.500000001688036;4.499999999825377;100
1690729456;51.500000013038516;38.49999999802094;2.4999999994179234;100
1690729457;48.50000001024455;11.000000000058222;4.5000000012805685;100
1690729458;47.749999980442226;48.50000000005822;2.4999999994179234;80.00000000029104
1690729459;48.75000000465661;54.49999999982539;2.9999999998835847;72.49999999912689
1690729460;50.75000002980233;73.5000000015134;2.4999999994179234;71.50000000110595
1690729461;50;31.999999999243315;2.9999999998835847;71.99999999866122
1690729462;47.999999998137355;9.50000000011643;4.000000000814907;48.5000000015134
1690729463;49.24999997019768;38.99999999994179;2.9999999998835847;54.49999999982538
1690729464;51.00000000093132;9.50000000011643;2.0000000004074536;64.49999999895226
1690729465;52.50000001396984;13.499999999476145;5.999999999767169;53.999999999359716
1690729466;50.74999998323619;12.000000000989544;3.500000000349246;52.500000000873115
1690729467;52.2499999962747;11.499999999068692;3.9999999993597157;49.00000000052387
1690729468;49.500000034458935;25.999999999476145;1.4999999999417923;53.499999998894054
1690729469;50.7499999832362;55.000000000291045;3.500000000349246;63.50000000093132
1690729470;54.249999998137355;68.49999999976717;3.500000000349246;72.50000000058208
1690729471;53.24999999720603;93.49999999976717;2.4999999994179234;68.99999999877764
1690729472;47.99999997485429;52.50000000087313;5.000000000291038;71.50000000110595
1690729473;53.75000003259629;24.000000000523883;4.999999998835847;71.49999999965075
1690729474;51.00000000093132;19.499999999243315;2.0000000004074536;70.99999999918509
1690729475;49.74999998230487;54.500000001280576;23.5000000015134;80.99999999976717
1690729476;48.75000000465661;79.99999999883585;1.4999999999417923;100
1690729477;50.249999994412065;40.00000000087313;4.499999999825377;88.50000000093132
1690729478;52.250000019557774;17.999999999301522;2.9999999998835847;58.00000000017462
1690729479;49.24999999348074;67.50000000029104;3.4999999988940544;66.00000000034925
1690729480;52.749999985098846;82.49999999970896;2.4999999994179234;96.49999999965075
1690729481;53.00000002607703;28.50000000034926;3.500000000349246;100
1690729482;51.74999996088446;11.000000000058222;4.000000000814907;64.99999999941792
1690729483;49.750000028871;11.000000000058222;2.9999999998835847;50
1690729484;50.75000000651926;25.000000000000014;2.0000000004074536;63.49999999947613
1690729485;50.499999965541065;60.49999999959256;5.999999999767169;98.00000000104774
1690729486;52.00000002514571;49.49999999953435;2.4999999994179234;100
1690729487;50.749999983236194;19.000000000232845;4.000000000814907;90.49999999988358
1690729488;48.75000002793968;18.000000000756714;3.500000000349246;60.499999999592546
1690729489;51.00000000093132;75.49999999901047;1.999999998952262;58.999999999650754
1690729490;49.24999999348074;19.500000000698506;4.5000000012805685;81.50000000023283
1690729491;51.99999997857958;16.99999999982539;2.4999999994179234;82.49999999970896
1690729492;48.00000002142042;14.499999998952276;4.000000000814907;72.99999999959255
1690729493;49.74999998230487;18.000000000756714;1.4999999984866008;57.00000000069849
1690729494;51.75000000745058;60.000000000582084;2.500000000873115;65.49999999988358
1690729495;49.24999999348074;17.500000000291053;5.999999999767169;75.99999999947613
1690729496;46.75000000279397;21.999999998661238;1.4999999999417923;77.99999999988358
1690729497;48.00000002142042;28.00000000133879;4.999999998835847;77.50000000087311
1690729498;49.74999998230487;14.499999998952276;1.5000000013969839;60.00000000058208
1690729499;49.750000005587935;63.00000000046567;2.9999999998835847;73.50000000005821
1690729500;48.74999998137355;73.50000000005821;2.9999999998835847;77.99999999988358
1690729501;52.50000001396984;52.49999999941794;2.4999999994179234;79.00000000081491
1690729502;50.50000001210719;52.50000000087312;4.000000000814907;76.99999999895226
1690729503;48.499999986961484;24.499999999534353;3.9999999993597157;77.00000000040745
1690729504;52.50000001396984;41.50000000081492;1.0000000009313226;70.50000000017462
1690729505;50.50000001210719;80.49999999930151;7.499999999708962;73.99999999906868
1690729506;49.24999994691461;55.00000000029105;2.9999999998835847;78.00000000133878
1690729507;49.500000034458935;11.999999999534353;2.4999999994179234;67.49999999883585
1690729508;51.75000000745058;16.00000000034926;4.000000000814907;55.99999999976717
1690729509;49.999999976716936;80.00000000029104;4.499999999825377;66.49999999935972
1690729510;50.25000004097819;86.00000000005821;2.9999999998835847;77.00000000040745
1690729511;48.99999999906868;61.500000000523876;3.500000000349246;78.50000000034925
1690729512;47.49999998603016;53.49999999889406;3.500000000349246;82.49999999970896
1690729513;46.24999996740371;43.499999999767184;3.9999999993597157;80.49999999930151
1690729514;51.250000041909516;32.000000000698506;3.4999999988940544;71.00000000064028
1690729515;49.74999998230487;30.999999999767184;6.000000001222361;75
1690729516;48.499999986961484;27.50000000087313;3.9999999993597157;77.49999999941792
1690729517;46.5000000083819;15.499999999883599;2.0000000004074536;68.0000000007567
1690729518;48.24999999254942;18.999999998777653;3.9999999993597157;50
1690729519;51.00000000093132;73.50000000005821;2.500000000873115;62.5
1690729520;52.7500000083819;20.500000000174637;3.4999999988940544;97.50000000058208
1690729521;54.49999999254942;24.499999999534353;2.500000000873115;100
1690729522;50.49999998882413;39.000000001397;2.9999999998835847;92.50000000029104
1690729523;46.5000000083819;19.499999999243315;3.9999999993597157;75.99999999947613
1690729524;46.75000000279397;58.00000000017463;3.000000001338776;77.49999999941792
1690729525;47.0000000204891;55.50000000075671;5.000000000291038;72.50000000058208
1690729526;48.249999969266355;10.99999999860303;1.999999998952262;72.00000000011642
1690729527;45.25000003632158;27.499999999417938;2.9999999998835847;79.49999999982538
1690729528;53.74999998603016;30.500000000756714;4.499999999825377;81.50000000023283
1690729529;44.99999999534339;58.5000000006403;2.9999999998835847;88.00000000046566
1690729530;45.00000001862645;39.500000000407454;3.500000000349246;88.9999999984866
1690729531;44.249999965541065;19.999999999708976;1.4999999999417923;90.50000000133878
1690729532;33.75000001396984;50.499999999010484;2.9999999998835847;96.49999999965075
1690729533;31.000000005587935;18.500000001222375;3.9999999993597157;100
1690729534;31.74999998882413;12.999999999010484;2.500000000873115;99.49999999953434
1690729535;35.50000002142042;12.999999999010484;5.000000000291038;100
1690729536;41.24999998603016;39.000000001397;1.999999998952262;99.50000000098953
1690729537;40.74999997392297;25.999999999476145;3.000000001338776;99.49999999953434
1690729538;42.000000015832484;13.999999999941807;4.4999999983701855;100
1690729539;38.00000001210719;65.00000000087311;2.0000000004074536;99.49999999953434
1690729540;39.000000013038516;56.50000000023284;4.5000000012805685;100
1690729541;37.749999994412065;30.999999999767184;2.4999999994179234;100
1690729542;39.499999955296516;9.499999998661238;3.500000000349246;100
1690729543;38.25000005308539;41.00000000180445;3.500000000349246;99.50000000098953
1690729544;38.499999954365194;67.99999999930151;2.9999999998835847;100
1690729545;38.00000003539026;21.49999999965077;4.999999998835847;100
1690729546;35.499999998137355;21.0000000006403;2.500000000873115;100
1690729547;1.7499999841675162;49.49999999953434;3.500000000349246;100
1690729548;18.000000016763806;17.999999999301522;3.9999999993597157;100
1690729549;39.99999996740371;16.99999999982539;2.4999999994179234;95.99999999918509
1690729550;41.50000000372529;35.50000000104775;2.9999999998835847;100
1690729551;41.000000038184226;13.000000000465675;2.500000000873115;100
1690729552;41.499999980442226;50.499999999010484;1.4999999999417923;100
1690729553;28.750000009313226;61.000000001513406;5.000000000291038;100
1690729554;31.99999995995313;48.49999999860303;2.9999999998835847;100
1690729555;37.75000001769513;54.00000000081492;5.5000000007567;100
1690729556;36.50000002235174;44.999999999708976;2.499999997962732;100
1690729557;36.25000002793968;50.999999999476145;2.0000000004074536;100
1690729558;33.99999998509884;14.999999999417938;3.500000000349246;100
1690729559;38.99999996647239;27.50000000087313;3.500000000349246;99.50000000098953
1690729560;37.00000001117587;63.9999999999418;2.9999999998835847;100
1690729561;38.99999998975545;62.00000000098954;3.500000000349246;100
1690729562;28.50000001490116;56.99999999924331;1.999999998952262;100
1690729563;2.000000001862645;77.00000000040745;5.5000000007567;100
1690729564;28.749999962747097;28.49999999889407;1.999999998952262;100
1690729565;28.750000009313226;33.5000000006403;7.000000000698492;98.99999999906868
1690729566;24.250000016763806;58.99999999965076;2.500000000873115;100
1690729567;27.000000001862645;41.00000000034926;6.499999998777639;100
1690729568;29.249999998137355;20.500000000174637;4.000000000814907;100
1690729569;29.00000000372529;10.49999999959256;3.500000000349246;100
1690729570;26.249999995343387;11.000000000058222;3.4999999988940544;100
1690729571;25.749999983236194;44.499999999243315;2.0000000004074536;100
1690729572;29.25000002142042;27.50000000087313;2.4999999994179234;100
1690729573;29.500000015832484;10.49999999959256;3.500000000349246;99.49999999953434
1690729574;31.74999998882413;39.99999999941792;2.500000000873115;99.49999999953434
1690729575;34.74999996833503;32.499999999708976;6.500000000232831;99.50000000098953
1690729576;36.500000045634806;55.50000000075671;0.999999999476131;100
1690729577;34.2499999795109;60.49999999959255;2.9999999998835847;99.49999999953434
1690729578;20.750000001862645;50.50000000192086;5.5000000007567;100
1690729579;35.999999986961484;28.99999999935973;2.4999999994179234;100
1690729580;38.25000002980232;30.000000000291053;2.9999999998835847;100
1690729581;36.74999999348074;24.499999999534353;2.500000000873115;100
1690729582;33.749999990686774;25.999999999476145;2.4999999994179234;100
1690729583;7.749999989755452;27.50000000087313;4.4999999983701855;100
1690729584;15.500000026077032;33.99999999965077;2.5000000023283064;100
1690729585;39.74999999627471;48.50000000005822;4.999999998835847;100
1690729586;41.24999998603016;13.499999999476145;2.0000000004074536;100
1690729587;40.24999998509884;49.00000000052388;2.999999998428393;100
1690729588;43.500000005587935;61.000000000058215;30.5000000007567;99.49999999953434
1690729589;40.74999999720603;35.00000000058209;16.000000000349246;100
1690729590;41.00000001490116;50.999999999476145;3.4999999988940544;100
1690729591;36.49999999906868;48.99999999906868;3.5000000018044375;100
1690729592;22.25000001490116;13.000000000465675;2.4999999994179234;100
1690729593;38.74999997206032;9.50000000011643;3.500000000349246;99.49999999953434
1690729594;42.75000002235174;47.99999999959256;13.499999999476131;100
1690729595;42.99999999348074;55.499999999301515;27.999999999883585;99.50000000098953
1690729596;37.000000034458935;58.50000000064029;2.500000000873115;100
1690729597;23.49999996367842;19.499999999243315;2.999999998428393;100
1690729598;1.2500000186264515;51.00000000093134;4.000000000814907;100
1690729599;23.74999998137355;60.00000000058209;2.4999999994179234;100
1690729600;39.750000019557774;58.4999999991851;4.000000000814907;100
1690729601;35.249999980442226;50.00000000000001;2.4999999994179234;99.49999999953434
1690729602;29.49999999254942;10.00000000058209;4.000000000814907;100
1690729603;14.999999990686774;34.50000000011643;4.499999999825377;99.49999999953434
1690729604;24.750000005587935;42.49999999883586;1.4999999999417923;100
1690729605;19.750000024214387;62.00000000098954;5.999999999767169;100
1690729606;13.749999995343387;56.999999999243315;2.0000000004074536;100
1690729607;14.99999996740371;13.500000000931337;2.9999999998835847;100
1690729608;7.749999989755452;51.4999999999418;3.500000000349246;98.50000000005821
1690729609;1.750000030733645;24.000000000523883;2.0000000004074536;100
1690729610;-0.24999999441206455;10.99999999860303;3.500000000349246;99.50000000098953
1690729611;2.250000019557774;48.00000000104775;2.499999997962732;100
1690729612;11.499999999068677;9.499999998661238;2.500000000873115;100
1690729613;15.749999973922968;11.000000000058222;4.000000000814907;99.50000000098953
1690729614;17.999999993480742;11.500000001979075;3.4999999988940544;99.49999999953434
1690729615;18.500000005587935;53.99999999935972;5.999999999767169;98.99999999906868
1690729616;20.750000001862645;69.4999999992433;2.0000000004074536;100
1690729617;19.999999995343387;23.000000001047752;2.500000000873115;99.50000000098953
1690729618;20.750000001862645;23.99999999906869;3.9999999993597157;99.49999999953434
1690729619;17.500000004656613;24.000000000523883;2.4999999994179234;99.49999999953434
1690729620;20.00000001862645;11.999999999534353;3.000000001338776;99.50000000098953
1690729621;22.499999962747097;13.499999999476145;2.4999999994179234;100
1690729622;22.750000027008355;32.50000000116417;2.4999999994179234;99.49999999953434
1690729623;20.750000001862645;39.99999999941794;5.000000000291038;100
1690729624;8.749999990686774;41.99999999982538;2.500000000873115;99.49999999953434
1690729625;6.749999988824129;32.499999999708976;6.999999997788109;100
1690729626;17.500000004656613;13.999999999941807;3.000000001338776;100
1690729627;20.00000001862645;38.499999999476145;2.0000000004074536;97.00000000011642
1690729628;22.49999998603016;43.000000000756714;4.499999999825377;99.50000000098953
1690729629;22.75000000372529;60.500000001047745;20.999999999185093;100
1690729630;16.99999999254942;53.99999999935972;4.499999999825377;100
1690729631;11.250000004656613;36.50000000052388;3.500000000349246;98.99999999906868
1690729632;19.24999998882413;19.999999999708976;2.9999999998835847;99.00000000052387
1690729633;16.500000027008355;30.500000000756714;5.999999999767169;100
1690729634;0.750000006519258;60.99999999860302;2.0000000004074536;99.50000000098953
1690729635;3.499999991618097;38.99999999994181;23.500000000058208;99.49999999953434
1690729636;-0.5000000121071935;20.500000000174637;3.000000001338776;100
1690729637;1.500000013038516;61.499999999068685;1.999999998952262;100
1690729638;0.2500000176951289;35.00000000203728;4.499999999825377;99.49999999953434
1690729639;0.9999999776482582;33.99999999965077;2.0000000004074536;100
1690729640;1.000000024214387;20.500000000174637;2.999999998428393;100
1690729641;1.7499999608844519;11.500000000523883;3.5000000018044375;99.49999999953434
1690729642;0.750000006519258;37.49999999854482;1.999999998952262;100
1690729643;1.000000024214387;15.499999999883599;2.0000000004074536;100
1690729644;0.7499999832361937;11.000000000058222;3.500000000349246;99.00000000052387
1690729645;1.2499999953433871;11.500000000523883;4.000000000814907;100
1690729646;2.2499999962747097;12.500000000000014;2.999999998428393;99.50000000098953
1690729647;-0.4999999888241291;49.49999999953434;2.9999999998835847;98.49999999860302
1690729648;0.750000006519258;63.50000000093133;4.499999999825377;100
1690729649;2.2499999729916453;43.49999999976717;2.500000000873115;100
1690729650;0.2500000176951289;54.49999999982539;2.9999999998835847;100
1690729651;1.0000000009313226;50.49999999901048;2.500000000873115;100
1690729652;1.0000000009313226;50.0000000014552;3.500000000349246;100
1690729653;2.2499999962747097;24.499999999534353;12.99999999901047;99.50000000098953
1690729654;0.2499999711290002;33.99999999965077;3.9999999993597157;100
1690729655;11.250000027939677;13.999999999941807;3.9999999993597157;99.49999999953434
1690729656;37.500000023283064;26.000000000931337;4.5000000012805685;99.49999999953434
1690729657;29.499999969266355;32.999999998719446;2.4999999994179234;99.49999999953434
1690729658;33.250000001862645;44.000000000232845;1.4999999999417923;100
1690729659;27.24999999627471;22.50000000058209;5.499999999301508;100
1690729660;31.750000012107193;22.4999999991269;3.500000000349246;100
1690729661;31.25;10.00000000058209;2.500000000873115;96.49999999965075
1690729662;34.0000000083819;26.499999999941807;3.500000000349246;100
1690729663;27.50000001396984;28.50000000034926;2.0000000004074536;100
1690729664;33.249999955296516;10.99999999860303;2.9999999998835847;100
1690729665;32.500000041909516;34.00000000110596;10.999999998603016;100
1690729666;32.74999998975545;22.00000000011643;4.5000000012805685;99.50000000098953
1690729667;31.999999983236194;11.000000000058222;2.4999999994179234;100
1690729668;32.50000001862645;11.999999999534353;1.4999999999417923;100
1690729669;32.00000000651926;10.500000001047752;4.499999999825377;99.49999999953434
1690729670;32.99999996088445;49.99999999854481;3.500000000349246;100
1690729671;35.000000009313226;66.00000000180444;2.0000000004074536;99.49999999953434
1690729672;35.999999986961484;32.499999998253784;2.9999999998835847;100
1690729673;28.75000003259629;9.00000000110596;5.000000000291038;100
1690729674;19.24999998882413;12.500000000000014;3.4999999988940544;100
1690729675;32.50000001862645;10.49999999959256;4.000000000814907;99.50000000098953
1690729676;6.499999971129;44.999999999708976;2.4999999994179234;99.49999999953434
1690729677;62.749999994412065;17.500000000291053;2.4999999994179234;100
1690729678;25.500000012107193;16.49999999935973;3.500000000349246;100
1690729679;15.500000002793968;34.00000000110596;2.9999999998835847;100
1690729680;26.000000000931323;21.999999998661238;4.000000000814907;99.50000000098953
1690729681;8.49999999627471;69.00000000023283;2.4999999994179234;100
1690729682;0.750000006519258;40.000000000873115;2.9999999998835847;100
1690729683;0.750000006519258;53.49999999889407;1.0000000009313226;100
1690729684;1.7500000074505806;46.0000000006403;3.9999999993597157;100
1690729685;0.7499999832361937;11.000000000058222;7.500000001164153;85.49999999959255
1690729686;1.0000000009313226;13.999999999941807;2.999999998428393;99.49999999953434
1690729687;2.2499999962747097;11.999999999534353;2.9999999998835847;100
1690729688;0.2500000176951289;13.000000000465675;2.4999999994179234;100
1690729689;0.7499999832361937;11.000000000058222;4.5000000012805685;100
1690729690;1.2500000186264515;13.499999999476145;3.500000000349246;99.50000000098953
1690729691;0.4999999888241291;49.500000000989544;2.0000000004074536;99.49999999953434
1690729692;2.2499999729916453;34.50000000011643;3.500000000349246;100
1690729693;0.2500000176951289;71.49999999965075;3.4999999988940544;100
1690729694;1.4999999897554517;62.50000000000001;2.9999999998835847;100
1690729695;0.2500000176951289;21.999999998661238;4.000000000814907;100
1690729696;0.24999999441206455;39.000000001397;3.4999999988940544;99.49999999953434
1690729697;2.2499999962747097;60.49999999959255;2.500000000873115;100
1690729698;0.2500000176951289;41.99999999982539;1.999999998952262;99.50000000098953
1690729699;1.4999999897554517;53.50000000034926;4.499999999825377;100
1690729700;1.0000000009313226;12.500000000000014;2.500000000873115;99.49999999953434
1690729701;1.2499999953433871;27.499999999417938;2.9999999998835847;100
1690729702;0.750000006519258;23.500000000058222;2.500000000873115;100
1690729703;1.7499999841675162;25.000000000000014;2.9999999998835847;100
1690729704;0.2500000176951289;16.50000000081492;3.999999997904524;100
1690729705;0.9999999776482582;11.499999999068692;6.500000001688022;100
1690729706;2.250000019557774;10.00000000058209;2.999999998428393;100
1690729707;0.24999999441206455;11.999999999534353;3.000000001338776;99.49999999953434
1690729708;0.750000006519258;15.00000000087313;2.500000000873115;100
1690729709;0.750000006519258;21.49999999965077;3.9999999993597157;99.49999999953434
1690729710;1.2499999953433871;12.500000000000014;3.500000000349246;100
1690729711;2.000000001862645;9.9999999991269;2.4999999994179234;100
1690729712;-0.5000000121071935;44.500000000698506;2.9999999998835847;99.50000000098953
1690729713;1.4999999897554517;55.99999999976718;3.500000000349246;100
1690729714;1.2500000186264515;41.50000000081492;2.4999999994179234;98.99999999906868
1690729715;1.0000000009313226;11.999999999534353;4.499999999825377;100
1690729716;1.2499999953433871;19.999999999708976;3.500000000349246;100
1690729717;1.2499999953433871;57.49999999970897;2.4999999994179234;99.50000000098953
1690729718;0.750000006519258;35.00000000058209;20.000000001164153;100
1690729719;1.2499999953433871;61.500000000523876;5.499999999301508;99.49999999953434
1690729720;1.2499999953433871;55.499999999301515;1.999999998952262;100
1690729721;0.24999999441206455;20.000000001164167;3.000000001338776;97.50000000058208
1690729722;2.2499999962747097;48.49999999860303;2.999999998428393;100
1690729723;0.750000006519258;33.00000000017464;2.5000000023283064;100
1690729724;0.750000006519258;12.500000000000014;3.4999999988940544;100
1690729725;0.2499999711290002;11.000000000058222;4.000000000814907;98.99999999906868
1690729726;2.0000000251457095;21.50000000110596;4.499999999825377;99.50000000098953
1690729727;0.750000006519258;18.999999998777653;2.4999999994179234;100
1690729728;0.2500000176951289;15.499999999883599;2.500000000873115;100
1690729729;0.49999996554106474;13.500000000931337;4.999999998835847;99.49999999953434
1690729730;1.7500000074505806;9.9999999991269;4.000000000814907;99.50000000098953
1690729731;0.750000006519258;55.99999999976718;2.4999999994179234;100
1690729732;0.750000006519258;56.50000000023284;2.0000000004074536;100
1690729733;1.2500000186264515;25.000000001455206;3.500000000349246;100
1690729734;0.9999999776482582;47.999999999592546;3.500000000349246;100
1690729735;0.2500000176951289;44.99999999825377;3.4999999988940544;99.49999999953434
1690729736;0.7499999832361937;54.500000001280576;3.4999999988940544;100
1690729737;2.749999985098839;53.99999999935972;12.00000000098953;100
1690729738;2.000000001862645;32.000000000698506;2.0000000004074536;100
1690729739;-0.4999999888241291;44.000000000232845;3.9999999993597157;100
1690729740;2.2499999962747097;34.50000000011643;2.9999999998835847;100
1690729741;0;25.000000000000014;2.0000000004074536;94.00000000023283
1690729742;1.7499999841675162;11.999999999534353;2.0000000004074536;100
1690729743;1.0000000009313226;8.499999999185107;2.9999999998835847;99.49999999953434
1690729744;-0.24999999441206455;12.000000000989544;4.499999999825377;99.49999999953434
1690729745;1.500000013038516;25.000000000000014;5.000000000291038;99.49999999953434
1690729746;0.750000006519258;27.9999999998836;4.499999999825377;100
1690729747;1.4999999897554517;52.00000000040746;1.4999999999417923;100
1690729748;1.0000000009313226;22.4999999991269;2.9999999998835847;100
1690729749;0.4999999888241291;10.49999999959256;5.000000000291038;99.50000000098953
1690729750;1.2500000186264515;16.99999999982539;2.500000000873115;100
1690729751;1.2499999953433871;39.000000001397;2.999999998428393;98.99999999906868
1690729752;1.000000024214387;54.999999998835854;3.500000000349246;100
1690729753;1.2499999953433871;47.00000000157161;2.500000000873115;100
1690729754;1.0000000009313226;28.49999999889407;3.4999999988940544;100
1690729755;0.9999999776482582;50.49999999901048;2.500000000873115;99.50000000098953
1690729756;2.000000001862645;29.500000001280583;4.999999998835847;69.4999999992433
1690729757;1.0000000009313226;36.99999999953435;2.0000000004074536;73.50000000005821
1690729758;0.4999999888241291;13.999999999941807;2.0000000004074536;99.49999999953434
1690729759;1.500000013038516;41.99999999982539;5.000000000291038;100
1690729760;1.0000000009313226;8.500000000640298;2.4999999994179234;100
1690729761;1.7499999841675162;19.000000000232845;2.4999999994179234;100
1690729762;1.2499999953433871;52.00000000040746;2.0000000004074536;99.49999999953434
1690729763;1.0000000009313226;54.499999999825384;2.9999999998835847;99.50000000098953
1690729764;-0.4999999888241291;23.500000000058222;3.500000000349246;100
1690729765;2.2499999962747097;11.500000000523883;2.9999999998835847;99.49999999953434
1690729766;0.24999999441206455;11.999999999534353;4.000000000814907;100
1690729767;1.0000000009313226;13.000000000465675;3.4999999988940544;100
1690729768;0.5000000121071935;53.49999999889406;2.500000000873115;99.49999999953434
1690729769;2.2499999962747097;56.99999999924331;3.9999999993597157;100
1690729770;0;55.000000000291045;2.9999999998835847;99.00000000052387
1690729771;1.750000030733645;10.49999999959256;2.500000000873115;99.50000000098953
1690729772;1.2499999953433871;27.50000000087313;2.0000000004074536;100
1690729773;-0.2500000176951289;50.49999999901048;2.4999999994179234;100
1690729774;0.24999999441206455;8.000000001629829;3.9999999993597157;99.49999999953434
1690729775;1.2499999953433871;12.999999999010484;5.000000000291038;99.49999999953434
1690729776;2.000000001862645;17.999999999301522;2.9999999998835847;98.99999999906868
1690729777;1.7500000074505806;54.500000001280576;2.0000000004074536;99.50000000098953
1690729778;0.5000000121071935;52.49999999941793;2.4999999994179234;100
1690729779;1.2499999953433871;55.50000000075671;6.500000000232831;100
1690729780;1.9999999785795808;34.49999999866124;2.4999999994179234;100
1690729781;0.5000000121071935;10.00000000058209;3.500000000349246;99.49999999953434
1690729782;0.750000006519258;33.00000000017464;3.500000000349246;100
1690729783;1.0000000009313226;55.49999999930152;2.4999999994179234;99.49999999953434
1690729784;0.4999999888241291;54.000000000814914;3.500000000349246;100
1690729785;1.7500000074505806;45.49999999871943;3.500000000349246;100
1690729786;1.2499999720603228;11.000000001513413;4.499999999825377;100
1690729787;0.750000006519258;40.4999999998836;3.500000000349246;100
1690729788;1.2499999953433871;51.00000000093133;22.499999999126885;100
1690729789;1.000000024214387;39.499999998952276;4.000000000814907;100
1690729790;1.2499999953433871;40.4999999998836;2.0000000004074536;99.50000000098953
1690729791;0.4999999888241291;33.5000000006403;3.9999999993597157;98.50000000005821
1690729792;1.2500000186264515;36.49999999906869;2.9999999998835847;100
1690729793;1.0000000009313226;22.4999999991269;2.4999999994179234;100
1690729794;1.0000000009313226;44.50000000215368;3.500000000349246;100
1690729795;1.0000000009313226;28.99999999935973;3.000000001338776;100
1690729796;1.0000000009313226;43.499999999767184;4.4999999983701855;100
1690729797;1.0000000009313226;41.49999999935973;3.000000001338776;99.49999999953434
1690729798;0.2499999711290002;13.000000000465675;1.999999998952262;100
1690729799;1.7500000074505806;12.000000000989544;5.000000000291038;99.49999999953434
1690729800;0.5000000121071935;8.999999999650768;2.4999999994179234;100
1690729801;2.2499999962747097;13.999999999941807;2.9999999998835847;99.50000000098953
1690729802;0.750000006519258;25.500000000465675;2.500000000873115;99.49999999953434
1690729803;-0.2500000176951289;31.999999999243315;2.4999999994179234;100
1690729804;1.500000013038516;54.499999999825384;4.000000000814907;99.49999999953434
1690729805;1.0000000009313226;42.50000000029105;5.499999999301508;100
1690729806;1.500000013038516;12.500000000000014;2.9999999998835847;99.50000000098953
1690729807;1.2499999953433871;32.000000000698506;2.9999999998835847;99.50000000098953
1690729808;1.7499999608844519;42.99999999930151;2.500000000873115;99.49999999953434
1690729809;1.500000013038516;55.000000000291045;4.499999999825377;100
1690729810;0.2500000176951289;24.000000000523883;2.4999999994179234;100
1690729811;1.7499999841675162;11.000000000058222;2.9999999998835847;100
1690729812;0;49.49999999953434;2.500000000873115;100
1690729813;1.2500000186264515;50.999999999476145;2.0000000004074536;99.49999999953434
1690729814;0.750000006519258;45.50000000017464;3.500000000349246;99.00000000052387
1690729815;0.7499999832361937;36.50000000052388;4.999999998835847;100
1690729816;1.2499999953433871;9.9999999991269;5.000000000291038;100
1690729817;1.0000000009313226;49.00000000052387;2.9999999998835847;99.49999999953434
1690729818;1.2499999953433871;34.50000000011643;0.5000000004656613;100
1690729819;0.7500000298023224;69.4999999992433;3.500000000349246;100
1690729820;0.4999999888241291;79.49999999982538;5.499999999301508;100
1690729821;1.2499999953433871;30.499999999301522;1.999999998952262;100
1690729822;2.2499999962747097;55.500000000756714;2.500000000873115;77.50000000087311
1690729823;-0.4999999888241291;14.999999999417938;2.0000000004074536;95.99999999918509
1690729824;1.4999999897554517;8.50000000209549;2.4999999994179234;100
1690729825;1.7500000074505806;30.999999998311992;6.500000000232831;99.49999999953434
1690729826;24.750000005587935;20.500000000174637;4.499999999825377;99.00000000052387
1690729827;39.999999990686774;63.50000000093133;2.4999999994179234;99.49999999953434
1690729828;39.749999972991645;47.4999999991269;2.500000000873115;100
1690729829;43.00000004004687;59.50000000011642;2.9999999998835847;100
1690729830;42.74999997578561;30.500000000756714;2.9999999998835847;99.49999999953434
1690729831;38.25000000651926;9.9999999991269;3.500000000349246;100
1690729832;35.750000015832484;33.49999999918511;2.999999998428393;100
1690729833;38.25000000651926;40.00000000087313;1.5000000013969839;100
1690729834;39.74999999627471;54.000000000814914;2.4999999994179234;99.00000000052387
1690729835;39.99999996740371;55.000000000291045;5.5000000007567;100
1690729836;38.74999999534339;44.499999999243315;4.499999999825377;100
1690729837;39.000000013038516;38.99999999994181;2.0000000004074536;99.49999999953434
1690729838;39.500000001862645;36.00000000005822;2.9999999998835847;100
1690729839;40.24999998509884;63.9999999999418;3.4999999988940544;100
1690729840;38.75000001862645;49.00000000052387;3.500000000349246;100
1690729841;40.00000001396984;31.999999999243315;2.500000000873115;100
1690729842;40.74999999720603;12.000000000989544;3.4999999988940544;100
1690729843;39.99999996740371;22.99999999959256;2.500000000873115;100
1690729844;38.25000002980232;24.499999999534353;2.0000000004074536;100
1690729845;37.99999998882413;33.00000000017464;6.9999999992433;100
1690729846;37.99999998882413;50.99999999947614;3.4999999988940544;100
1690729847;35.499999998137355;56.00000000122237;3.500000000349246;100
1690729848;24.750000005587935;71.49999999819556;2.500000000873115;100
1690729849;2.4999999906867743;52.99999999988359;36.00000000005821;100
1690729850;23.50000001024455;41.00000000180444;12.5;100
1690729851;37.500000023283064;18.499999998311992;3.9999999993597157;100
1690729852;38.249999983236194;50.50000000046567;2.0000000004074536;100
1690729853;35.750000015832484;54.00000000081492;2.9999999998835847;100
1690729854;19.750000000931323;54.00000000081492;1.999999998952262;100
1690729855;15.250000008381903;14.499999998952276;5.00000000174623;100
1690729856;37.749999994412065;12.000000000989544;3.500000000349246;100
1690729857;41.24999998603016;40.49999999842841;3.9999999993597157;100
1690729858;27.750000008381903;30.999999999767184;2.500000000873115;100
1690729859;5.500000016763806;54.000000000814914;2.9999999998835847;100
1690729860;27.74999998509884;7.499999999708976;2.9999999998835847;100
1690729861;25.49999998882413;21.50000000110596;3.9999999993597157;100
1690729862;1.500000013038516;35.49999999959256;2.4999999994179234;100
1690729863;1.2499999720603228;11.499999999068692;2.500000000873115;100
1690729864;1.7500000074505806;50.00000000000001;2.4999999994179234;100
1690729865;2.000000001862645;69.00000000023283;6.500000000232831;100
1690729866;0.2500000176951289;71.00000000064028;5.999999999767169;100
1690729867;1.9999999785795808;16.99999999982539;2.0000000004074536;99.50000000098953
1690729868;0.4999999888241291;27.000000000407468;2.9999999998835847;100
1690729869;0.750000006519258;98.50000000005821;3.500000000349246;100
1690729870;1.0000000009313226;71.49999999819556;4.499999999825377;100
1690729871;1.2500000186264515;21.50000000110596;2.9999999998835847;100
1690729872;24.499999987892807;11.500000000523883;2.9999999998835847;98.50000000005821
1690729873;29.000000027008355;27.9999999998836;2.0000000004074536;99.49999999953434
1690729874;33.499999972991645;12.999999999010484;2.9999999998835847;100
1690729875;35.499999998137355;38.000000000465675;4.499999999825377;100
1690729876;28.50000001490116;21.50000000110596;4.000000000814907;99.50000000098953
1690729877;25.999999977648258;34.9999999991269;2.499999997962732;99.49999999953434
1690729878;27.499999990686774;52.99999999988359;2.500000000873115;100
1690729879;30.000000004656613;50.50000000046567;3.500000000349246;100
1690729880;29.250000044703484;30.000000000291053;4.499999999825377;100
1690729881;31.249999976716936;16.49999999935973;3.4999999988940544;100
1690729882;33.49999999627471;47.99999999959256;2.0000000004074536;100
1690729883;32.49999999534339;13.499999999476145;2.500000000873115;100
1690729884;30.99999998230487;28.00000000133879;2.0000000004074536;99.49999999953434
1690729885;34.00000003166497;14.499999998952276;4.4999999983701855;100
1690729886;33.749999990686774;52.00000000040746;4.000000000814907;100
1690729887;33.749999990686774;48.00000000104774;2.4999999994179234;100
1690729888;36.50000002235174;33.00000000017464;2.500000000873115;100
1690729889;36.99999998789281;53.49999999889406;3.500000000349246;100
1690729890;30.749999987892807;52.99999999988359;3.9999999993597157;100
1690729891;24.000000022351742;26.499999999941807;4.499999999825377;100
1690729892;32.49999999534339;11.500000000523883;2.0000000004074536;100
1690729893;38.75000001862645;41.49999999935973;2.4999999994179234;100
1690729894;36.74999999348074;16.49999999935973;2.000000001862645;100
1690729895;33.74999996740371;13.500000000931337;3.9999999993597157;100
1690729896;31.250000023283064;19.999999999708976;4.499999999825377;99.50000000098953
1690729897;0.24999999441207876;16.49999999935973;2.999999998428393;100
1690729898;1.2500000186264515;14.500000000407468;2.9999999998835847;100
1690729899;1.2499999953433871;36.00000000151341;2.000000001862645;100
1690729900;0.5000000121071935;13.499999999476145;3.9999999993597157;100
1690729901;2.7499999618157744;76.49999999994179;2.9999999998835847;100
1690729902;0.2500000176951289;26.499999999941807;2.9999999998835847;100
1690729903;0.9999999776482582;44.99999999970896;1.4999999999417923;98.99999999906868
1690729904;1.7500000074505806;51.49999999994181;0.999999999476131;100
1690729905;2.3283064365386963e-08;29.49999999982539;5.5000000007567;100
1690729906;0.9999999776482582;32.000000000698506;5.000000000291038;100
1690729907;2.000000001862645;8.500000000640298;1.4999999999417923;100
1690729908;-0.4999999888241291;33.99999999819558;2.500000000873115;99.50000000098953
1690729909;1.4999999897554517;26.000000000931337;2.9999999998835847;100
1690729910;7.750000013038516;25.999999999476145;4.499999999825377;100
1690729911;26.249999995343387;35.00000000058209;3.9999999993597157;99.49999999953434
1690729912;27.24999999627471;14.499999998952276;1.999999998952262;99.49999999953434
1690729913;29.75000001024455;26.500000001396998;2.500000000873115;100
1690729914;30.499999970197678;23.49999999860303;2.4999999994179234;98.99999999906868
1690729915;27.250000019557774;27.00000000186266;4.5000000012805685;99.00000000052387
1690729916;27.499999990686774;33.49999999918511;5.999999998311978;99.00000000052387
1690729917;30.75000001117587;19.999999999708976;4.5000000012805685;99.50000000098953
1690729918;29.499999969266355;18.499999999767184;1.4999999999417923;98.99999999906868
1690729919;34.00000003166497;18.500000001222375;3.500000000349246;99.50000000098953
1690729920;38.00000001210719;42.49999999883585;3.9999999993597157;100
1690729921;40.24999998509884;11.999999999534353;2.9999999998835847;100
1690729922;36.74999999348074;13.000000000465675;8.500000000640284;100
1690729923;41.75000002142042;10.49999999959256;1.4999999999417923;99.49999999953434
1690729924;37.99999998882413;14.50000000186266;2.9999999998835847;100
1690729925;34.25000000279397;10.99999999860303;8.999999999650754;100
1690729926;25.500000012107193;14.500000000407468;4.499999999825377;100
1690729927;29.74999996367842;13.999999999941807;2.4999999994179234;100
1690729928;22.249999991618097;16.99999999982539;2.500000000873115;100
1690729929;28.750000009313226;7.499999999708976;4.000000000814907;100
1690729930;37.500000023283064;16.00000000034926;3.9999999993597157;100
1690729931;28.249999997206032;16.49999999935973;3.9999999993597157;100
1690729932;35.50000002142042;14.500000000407468;3.500000000349246;99.49999999953434
1690729933;32.99999996088445;13.999999999941807;2.9999999998835847;99.50000000098953
1690729934;36.50000002235174;13.500000000931337;0.5000000004656613;100
1690729935;37.99999998882413;11.500000000523883;5.000000000291038;100
1690729936;38.50000000093132;14.499999998952276;5.000000000291038;100
1690729937;37.749999994412065;20.500000000174637;3.9999999993597157;99.49999999953434
1690729938;37.500000023283064;29.00000000081492;1.999999998952262;100
1690729939;31.25;19.999999998253784;2.4999999994179234;99.49999999953434
1690729940;25.999999954365194;15.50000000133879;5.00000000174623;100
1690729941;29.750000033527613;10.499999998137369;2.500000000873115;100
1690729942;13.500000000931323;15.499999999883599;3.4999999988940544;100
1690729943;13.750000018626451;12.000000002444736;2.9999999998835847;100
1690729944;19.499999983236194;13.499999999476145;2.0000000004074536;100
1690729945;29.749999986961484;9.499999998661238;4.499999999825377;100
1690729946;30.749999987892807;18.500000001222375;3.9999999993597157;100
1690729947;25.25000001769513;11.999999998079161;2.500000000873115;99.49999999953434
1690729948;2.250000019557774;18.000000002211905;2.9999999998835847;100
1690729949;0.7499999832361937;18.499999998311992;2.4999999994179234;100
1690729950;0.750000006519258;19.500000000698506;5.000000000291038;86.00000000005821
1690729951;8.49999999627471;16.99999999982539;3.500000000349246;52.000000000407454
1690729952;24.249999993480742;12.000000000989544;2.0000000004074536;94.4999999992433
1690729953;23.999999999068677;13.999999998486615;3.4999999988940544;98.50000000005821
1690729954;24.50000001117587;11.500000000523883;2.500000000873115;99.00000000052387
1690729955;25.25000001769513;10.00000000058209;4.999999998835847;99.50000000098953
1690729956;27.49999996740371;14.999999999417938;4.000000000814907;99.49999999953434
1690729957;30.249999999068677;16.00000000034926;4.999999998835847;100
1690729958;28.50000001490116;18.000000000756714;2.000000001862645;100
1690729959;22.500000009313226;10.49999999959256;3.9999999993597157;99.49999999953434
1690729960;21.25000001396984;14.499999998952276;4.000000000814907;100
1690729961;27.749999961815774;7.500000001164167;76.99999999895226;100
1690729962;24.750000028871;9.9999999991269;23.999999999068677;99.50000000098953
1690729963;18.249999987892807;17.999999999301522;3.000000001338776;100
1690729964;29.499999969266355;13.000000000465675;2.4999999994179234;100
1690729965;24.750000028871;13.000000000465675;5.000000000291038;100
1690729966;22.249999991618097;11.500000000523883;3.4999999988940544;100
1690729967;1.7500000074505806;16.9999999983702;2.0000000004074536;100
1690729968;1.0000000009313226;16.50000000081492;2.500000000873115;100
1690729969;2.000000001862645;12.500000000000014;2.9999999998835847;100
1690729970;0.750000006519258;12.500000000000014;5.000000000291038;100
1690729971;1.7499999841675162;12.500000001455206;3.9999999993597157;100
1690729972;0.25000001769514313;15.499999998428407;2.9999999998835847;99.49999999953434
1690729973;0.750000006519258;14.500000000407468;2.0000000004074536;100
1690729974;1.9999999785795808;8.499999999185107;2.0000000004074536;100
1690729975;0;13.500000000931337;4.999999998835847;99.49999999953434
1690729976;1.4999999897554517;10.49999999959256;3.000000001338776;100
1690729977;0.5000000121071935;14.000000001396998;3.4999999988940544;100
1690729978;1.4999999897554517;14.499999998952276;1.0000000009313226;100
1690729979;0.7499999832361937;11.000000000058222;2.9999999998835847;100
1690729980;0.5000000353902578;13.499999999476145;2.4999999994179234;100
1690729981;1.4999999897554517;19.500000000698506;5.000000000291038;100
1690729982;0.5000000121071935;10.500000001047752;1.999999998952262;100
1690729983;1.4999999664723873;14.499999997497085;2.500000000873115;100
1690729984;0.5000000121071935;12.000000000989544;2.0000000004074536;100
1690729985;1.4999999897554517;12.000000000989544;6.499999998777639;100
1690729986;0.5000000121071935;9.9999999991269;6.000000001222361;100
1690729987;1.4999999897554517;8.499999999185107;1.4999999999417923;99.50000000098953
1690729988;1.2500000186264515;17.500000000291053;2.9999999998835847;99.49999999953434
1690729989;0.750000006519258;13.999999999941807;3.500000000349246;100
1690729990;0.9999999776482582;13.000000000465675;2.999999998428393;100
1690729991;1.2500000186264515;11.499999999068692;5.5000000007567;100
1690729992;1.2499999953433871;8.000000000174637;2.9999999998835847;100
1690729993;2.000000001862645;33.00000000017464;2.0000000004074536;100
1690729994;-0.2500000176951289;10.500000001047752;1.4999999999417923;100
1690729995;1.0000000474974513;13.499999999476145;3.500000000349246;100
1690729996;2.2499999729916453;11.000000000058222;6.9999999992433;100
1690729997;1.4999999897554517;13.499999999476145;2.9999999998835847;100
1690729998;1.2500000186264515;20.000000001164167;2.0000000004074536;100
1690729999;0.7499999832361937;18.000000000756714;2.0000000004074536;100
1690730000;1.2499999953433871;11.499999999068692;2.9999999998835847;100
1690730001;1.2500000419095159;14.500000000407468;6.500000000232831;100
1690730002;0.9999999776482582;9.9999999991269;1.4999999999417923;99.49999999953434
1690730003;0.5000000121071935;17.500000000291053;2.4999999994179234;99.49999999953434
1690730004;1.2499999720603228;11.500000000523883;2.4999999994179234;100
1690730005;2.000000001862645;16.49999999935973;4.000000000814907;100
1690730006;0.2500000176951289;9.50000000011643;5.999999999767169;100
1690730007;1.2499999953433871;12.500000000000014;2.500000000873115;99.49999999953434
1690730008;1.4999999897554517;16.99999999982539;1.999999998952262;100
1690730009;-0.5000000121071935;14.499999998952276;4.5000000012805685;82.49999999970896
1690730010;1.7500000074505806;12.500000001455206;0.9999999980209395;100
1690730011;0.7499999832361937;11.999999999534353;6.000000001222361;100
1690730012;0.5000000121071935;9.50000000011643;2.4999999994179234;100
1690730013;1.2500000186264515;12.999999999010484;2.500000000873115;99.49999999953434
1690730014;1.4999999664723873;14.500000000407468;2.500000000873115;100
1690730015;0.2500000176951289;13.500000000931337;2.999999998428393;100
1690730016;1.7500000074505806;8.999999999650768;6.500000000232831;100
1690730017;1.0000000009313226;13.499999999476145;3.500000000349246;100
1690730018;0.4999999888241291;14.500000000407468;1.999999998952262;100
1690730019;2.000000001862645;13.499999999476145;3.9999999993597157;100
1690730020;0.25000001769514313;10.500000001047752;2.500000000873115;99.50000000098953
1690730021;1.2499999953433871;13.499999999476145;5.000000000291038;100
1690730022;0.5000000121071935;10.00000000058209;2.9999999998835847;99.00000000052387
1690730023;1.4999999897554517;13.499999999476145;3.000000001338776;99.49999999953434
1690730024;0.7499999832361937;27.000000000407468;1.999999998952262;99.49999999953434
1690730025;1.4999999897554517;14.999999999417938;4.499999999825377;100
1690730026;0.7500000298023224;8.500000000640298;5.000000000291038;100
1690730027;0.7499999832361937;12.499999998544823;4.000000000814907;100
1690730028;1.000000024214387;13.000000001920867;2.4999999994179234;100
1690730029;0.9999999776482582;20.500000000174637;1.4999999999417923;100
1690730030;2.4999999906867743;11.499999999068692;2.4999999994179234;100
1690730031;-0.24999999441206455;11.500000000523883;5.5000000007567;100
1690730032;-35.000000009313226;10.99999999860303;2.4999999994179234;100
1690730033;38.25000002980232;12.500000001455206;3.500000000349246;100
1690730034;-2.3283064365386963e-08;16.49999999935973;3.9999999993597157;100
1690730035;1.0000000009313226;10.500000001047752;2.500000000873115;100
1690730036;1.0000000009313226;11.499999999068692;10.499999999592546;100
1690730037;1.0000000009313226;8.999999999650768;2.500000000873115;100
1690730038;0.24999999441207876;16.00000000034926;2.4999999994179234;100
1690730039;1.2499999953433871;13.999999999941807;2.9999999998835847;100
1690730040;1.2500000186264515;15.499999999883599;2.500000000873115;100
1690730041;0.7499999832361937;9.9999999991269;4.999999998835847;100
1690730042;2.0000000251457095;18.500000001222375;2.4999999994179234;99.50000000098953
1690730043;-0.2500000176951289;12.500000000000014;2.0000000004074536;100
1690730044;1.7500000074505806;18.999999998777653;2.500000000873115;100
1690730045;0.2500000176951289;16.50000000081492;5.000000000291038;99.49999999953434
1690730046;2.2499999729916453;10.00000000058209;5.000000000291038;100
1690730047;0.24999999441207876;19.999999999708976;2.4999999994179234;99.49999999953434
1690730048;0.750000006519258;16.49999999935973;2.9999999998835847;100
1690730049;1.5000000363215804;12.500000000000014;3.9999999993597157;99.49999999953434
1690730050;1.4999999897554517;20.000000001164167;3.500000000349246;100
1690730051;-0.2500000176951289;9.9999999991269;4.499999999825377;100
1690730052;1.2499999953433871;14.499999998952276;14.999999999417923;100
1690730053;2.250000019557774;11.000000001513413;2.0000000004074536;100
1690730054;-2.3283064365386963e-08;12.500000000000014;2.0000000004074536;99.50000000098953
1690730055;1.000000024214387;15.999999998894069;3.9999999993597157;100
1690730056;0.750000006519258;16.00000000034926;5.000000000291038;89.49999999895226
1690730057;1.7499999841675162;13.499999999476145;4.000000000814907;100
1690730058;0.5000000121071935;17.000000001280583;2.4999999994179234;100
1690730059;2.000000001862645;13.999999998486615;3.4999999988940544;100
1690730060;0.9999999776482582;18.000000002211905;2.500000000873115;100
1690730061;-0.2499999711290002;9.9999999991269;5.5000000007567;100
1690730062;1.4999999897554517;13.000000000465675;3.500000000349246;100
1690730063;1.0000000009313226;11.499999999068692;1.999999998952262;99.50000000098953
1690730064;1.9999999785795808;12.000000000989544;2.4999999994179234;99.50000000098953
1690730065;0.2500000176951289;11.499999999068692;3.500000000349246;99.49999999953434
1690730066;1.4999999664723873;11.000000000058222;3.500000000349246;99.49999999953434
1690730067;0.5000000121071935;9.9999999991269;3.9999999993597157;100
1690730068;1.5000000363215804;19.000000000232845;2.000000001862645;100
1690730069;0.4999999888241291;19.500000000698506;3.4999999988940544;100
1690730070;1.2499999953433871;20.500000000174637;2.0000000004074536;100
1690730071;0.9999999776482582;10.49999999959256;4.499999999825377;100
1690730072;1.0000000009313226;15.00000000087313;3.500000000349246;100
1690730073;1.2500000186264515;7.999999998719446;2.9999999998835847;99.49999999953434
1690730074;0.7499999832361937;15.50000000133879;2.9999999998835847;99.49999999953434
1690730075;1.000000024214387;11.499999999068692;2.999999998428393;100
1690730076;1.4999999664723873;11.000000000058222;5.999999999767169;99.50000000098953
1690730077;1.2500000186264515;16.99999999982539;4.5000000012805685;100
1690730078;0.4999999888241291;21.0000000006403;3.000000001338776;100
1690730079;1.2499999953433871;14.500000000407468;4.4999999983701855;100
1690730080;2.250000019557774;17.500000000291053;3.500000000349246;100
1690730081;2.3283064365386963e-08;12.499999998544823;4.499999999825377;99.50000000098953
1690730082;0.2499999711290002;19.000000001688036;3.9999999993597157;100
1690730083;1.2500000186264515;9.499999998661238;9.500000001571607;100
1690730084;1.0000000009313226;15.00000000087313;2.9999999998835847;100
1690730085;0.9999999776482582;16.9999999983702;3.9999999993597157;100
1690730086;0.750000006519258;14.50000000186266;5.499999999301508;99.49999999953434
1690730087;1.4999999897554517;10.99999999860303;4.5000000012805685;100
1690730088;1.7500000074505806;16.00000000034926;2.9999999998835847;99.49999999953434
1690730089;1.2499999953433871;12.500000000000014;1.999999998952262;100
1690730090;0.750000006519258;13.999999999941807;1.4999999999417923;100
1690730091;-0.24999999441206455;12.500000000000014;5.00000000174623;100
1690730092;2.2499999962747097;13.999999999941807;2.9999999998835847;100
1690730093;0.24999999441206455;11.000000000058222;3.9999999993597157;100
1690730094;1.7500000074505806;16.50000000081492;2.4999999994179234;100
1690730095;0.24999999441206455;19.499999999243315;1.4999999999417923;100
1690730096;0.9999999776482582;15.499999999883599;5.5000000007567;100
1690730097;1.0000000009313226;8.500000000640298;2.500000000873115;100
1690730098;0.7500000298023224;18.499999999767184;2.999999998428393;100
1690730099;1.4999999897554517;11.999999999534353;2.9999999998835847;100
1690730100;0.750000006519258;10.49999999959256;2.0000000004074536;99.49999999953434
1690730101;0.4999999888241291;11.000000000058222;3.9999999993597157;100
1690730102;2.250000019557774;22.50000000058209;5.499999999301508;100
1690730103;0.2500000176951289;15.499999999883599;2.9999999998835847;99.50000000098953
1690730104;1.7499999608844519;11.999999999534353;2.500000000873115;100
1690730105;-0.2499999711290002;14.000000001396998;7.500000001164153;100
1690730106;1.7499999608844519;10.499999998137369;4.999999998835847;100
1690730107;0.2500000176951289;12.000000002444736;4.000000000814907;100
1690730108;1.0000000009313226;11.999999999534353;2.9999999998835847;100
1690730109;1.0000000009313226;12.999999999010484;3.9999999993597157;100
1690730110;1.4999999897554517;12.999999999010484;2.500000000873115;100
1690730111;0.5000000121071935;16.00000000180445;4.499999999825377;100
1690730112;1.4999999897554517;10.49999999959256;4.999999998835847;100
1690730113;1.500000013038516;15.499999999883599;2.500000000873115;100
1690730114;1.0000000009313226;13.499999999476145;2.0000000004074536;98.50000000005821
1690730115;1.0000000009313226;15.499999999883599;3.9999999993597157;83.99999999965075
1690730116;1.7499999841675162;10.500000001047752;5.000000000291038;98.99999999906868
1690730117;0.4999999888241291;13.999999999941807;3.500000000349246;100
1690730118;1.2500000186264515;11.999999999534353;2.4999999994179234;99.49999999953434
1690730119;2.000000001862645;13.500000000931337;2.9999999998835847;99.50000000098953
1690730120;0;12.500000000000014;2.4999999994179234;99.50000000098953
1690730121;1.2500000186264515;26.999999998952276;3.500000000349246;99.49999999953434
1690730122;1.9999999785795808;13.999999999941807;3.500000000349246;100
1690730123;0;16.00000000034926;2.500000000873115;100
1690730124;0.750000006519258;13.999999999941807;2.4999999994179234;100
1690730125;2.2499999962747097;15.499999999883599;11.499999999068677;100
1690730126;-0.2500000176951289;16.99999999982539;5.5000000007567;100
1690730127;1.750000030733645;10.49999999959256;4.000000000814907;100
1690730128;1.2499999953433871;14.50000000186266;2.4999999994179234;100
1690730129;1.4999999897554517;14.999999997962746;2.0000000004074536;100
1690730130;0.2500000176951289;13.500000000931337;1.999999998952262;100
1690730131;1.9999999552965164;12.500000000000014;3.500000000349246;100
1690730132;0.750000006519258;11.999999999534353;3.500000000349246;100
1690730133;1.5000000363215804;17.000000001280583;2.9999999998835847;99.49999999953434
1690730134;0.7499999832361937;12.999999999010484;3.500000000349246;100
1690730135;1.7499999841675162;12.999999999010484;3.4999999988940544;99.49999999953434
1690730136;0.2500000176951289;10.500000001047752;2.500000000873115;99.50000000098953
1690730137;0.4999999888241291;23.500000000058222;5.999999999767169;100
1690730138;1.2499999953433871;13.999999999941807;2.500000000873115;100
1690730139;1.750000030733645;16.99999999982539;2.999999998428393;100
1690730140;-0.24999999441206455;10.500000001047752;4.5000000012805685;100
1690730141;1.4999999664723873;11.999999998079161;1.999999998952262;100
1690730142;0.750000006519258;28.00000000133879;5.999999999767169;100
1690730143;2.250000019557774;14.500000000407468;2.000000001862645;100
1690730144;1.0000000009313226;11.999999998079161;2.499999997962732;100
1690730145;0.750000006519258;16.00000000180445;3.000000001338776;100
1690730146;1.2499999953433871;15.999999998894069;2.9999999998835847;100
1690730147;-0.24999999441206455;13.000000000465675;5.5000000007567;100
1690730148;1.9999999785795808;12.500000000000014;1.999999998952262;100
1690730149;1.2499999953433871;15.499999999883599;2.4999999994179234;99.49999999953434
1690730150;2.3283064365386963e-08;13.000000000465675;2.0000000004074536;100
1690730151;0.4999999888241291;11.500000000523883;2.9999999998835847;100
1690730152;1.2499999953433871;9.9999999991269;4.999999998835847;100
1690730153;0.9999999776482582;23.500000000058222;3.000000001338776;99.49999999953434
1690730154;1.000000024214387;19.000000000232845;1.4999999999417923;100
1690730155;0.2499999711290002;14.500000000407468;2.500000000873115;100
1690730156;2.000000048428774;11.999999999534353;1.999999998952262;100
1690730157;0.4999999888241291;13.999999999941807;7.000000000698492;100
1690730158;1.4999999897554517;11.999999999534353;1.999999998952262;100
1690730159;1.4999999897554517;11.000000001513413;4.000000000814907;100
1690730160;0.2500000176951289;15.999999997438877;2.9999999998835847;100
1690730161;0.4999999888241291;10.00000000058209;2.9999999998835847;100
1690730162;0.4999999888241291;20.500000000174637;5.000000000291038;100
1690730163;2.5000000139698386;9.00000000110596;2.4999999994179234;100
1690730164;0.7499999832361937;18.499999999767184;2.9999999998835847;100
1690730165;2.3283064365386963e-08;15.499999999883599;5.999999999767169;100
1690730166;1.2499999720603228;17.500000000291053;2.500000000873115;100
1690730167;1.000000024214387;23.500000000058222;5.999999999767169;99.00000000052387
1690730168;1.9999999785795808;56.500000000232845;2.9999999998835847;
1690730169;1.2500000186264515;31.500000000232845;4.499999999825377;
1690730170;1.0000000009313226;14.499999998952276;1.4999999999417923;99.3670886070055
1690730171;1.500000013038516;12.500000000000014;3.500000000349246;100
1690730172;1.0000000009313226;9.50000000011643;6.000000001222361;99.49999999953434
1690730173;-0.5000000353902578;12.500000000000014;2.4999999994179234;99.00000000052387
1690730174;1.5000000363215804;11.999999999534353;1.999999998952262;97.99999999959255
1690730175;0.9999999776482582;22.50000000058209;4.000000000814907;100
1690730176;0.5000000121071935;13.999999999941807;8.000000000174623;95.50000000017462
1690730177;1.4999999897554517;15.499999999883599;6.499999998777639;88.99999999994179
1690730178;2.250000019557774;13.499999999476145;2.0000000004074536;99.49999999953434
1690730179;1.0000000009313226;14.500000000407468;2.0000000004074536;98.5000000015134
1690730180;-0.24999999441206455;15.499999999883599;2.9999999998835847;98.50000000005821
1690730181;1.2499999953433871;10.49999999959256;2.500000000873115;100
1690730182;0.9999999776482582;12.500000000000014;4.499999999825377;99.49999999953434
1690730183;1.0000000009313226;12.000000000989544;2.9999999998835847;100
1690730184;1.0000000009313226;18.499999999767184;1.999999998952262;98.99999999906868
1690730185;1.2500000186264515;16.99999999982539;4.5000000012805685;100
1690730186;1.7499999841675162;11.000000000058222;2.9999999998835847;99.49999999953434
1690730187;0;14.499999998952276;7.499999999708962;100
1690730188;1.000000024214387;17.500000001746244;1.4999999984866008;100
1690730189;0.4999999888241291;38.00000000046566;4.000000000814907;100
1690730190;1.4999999897554517;16.49999999935973;2.0000000004074536;100
1690730191;1.0000000009313226;8.499999999185107;2.9999999998835847;99.50000000098953
1690730192;0.7499999832361937;13.999999999941807;5.5000000007567;96.49999999965075
1690730193;2.2499999962747097;14.500000000407468;2.4999999994179234;100
1690730194;0.7500000298023224;25.000000000000014;2.4999999994179234;99.50000000098953
1690730195;1.4999999897554517;15.499999999883599;3.500000000349246;99.49999999953434
1690730196;1.2499999953433871;11.000000000058222;1.4999999999417923;99.49999999953434
1690730197;1.0000000009313226;12.500000000000014;8.000000000174623;100
1690730198;0.2500000176951289;11.499999999068692;3.4999999988940544;100
1690730199;1.4999999897554517;20.500000000174637;3.000000001338776;100
1690730200;0.5000000121071935;20.500000000174637;2.9999999998835847;100
1690730201;0.7499999832361937;11.000000000058222;2.9999999998835847;100
1690730202;0.750000006519258;10.500000001047752;5.000000000291038;100
1690730203;1.9999999552965164;11.000000000058222;3.9999999993597157;100
1690730204;0.750000006519258;22.50000000058209;2.9999999998835847;100
1690730205;0.2500000176951289;18.999999998777653;3.000000001338776;100
1690730206;1.0000000009313226;11.500000000523883;3.4999999988940544;100
1690730207;0.750000006519258;10.99999999860303;5.999999999767169;100
1690730208;1.0000000009313226;13.500000000931337;2.500000000873115;100
1690730209;0.750000006519258;22.00000000011643;2.9999999998835847;99.49999999953434
1690730210;1.7499999841675162;17.500000000291053;1.999999998952262;99.00000000052387
1690730211;0.750000006519258;11.000000000058222;3.500000000349246;100
1690730212;0.9999999776482582;10.00000000058209;3.9999999993597157;98.99999999906868
1690730213;1.500000013038516;11.999999999534353;3.000000001338776;100
1690730214;1.5000000363215804;25.000000000000014;2.0000000004074536;100
1690730215;0.750000006519258;16.49999999935973;3.9999999993597157;100
1690730216;-4.6566128730773926e-08;9.50000000011643;2.0000000004074536;83.99999999965075
1690730217;0.2500000176951289;14.500000000407468;6.9999999992433;97.00000000011642
1690730218;1.4999999897554517;9.9999999991269;2.500000000873115;100
1690730219;1.2500000186264515;11.999999999534353;3.500000000349246;100
1690730220;1.2499999953433871;11.500000000523883;2.9999999998835847;99.00000000052387
1690730221;0;13.000000000465675;2.9999999998835847;100
1690730222;4.749999986961484;10.00000000058209;5.499999999301508;99.49999999953434
1690730223;0.5000000121071935;16.99999999982539;2.9999999998835847;100
1690730224;1.500000013038516;15.999999998894069;2.4999999994179234;100
1690730225;0.9999999776482582;18.499999999767184;7.000000000698492;100
1690730226;1.2500000186264515;9.00000000110596;2.9999999998835847;100
1690730227;1.9999999785795808;21.49999999965077;5.000000000291038;100
1690730228;1.2499999953433871;17.999999999301522;3.4999999988940544;100
1690730229;0.2500000176951289;16.99999999982539;5.000000000291038;99.49999999953434
1690730230;1.4999999897554517;12.000000000989544;2.500000000873115;99.50000000098953
1690730231;1.2499999953433871;12.500000000000014;2.9999999998835847;100
1690730232;2.0000000251457095;7.999999998719446;5.499999999301508;99.50000000098953
1690730233;0.750000006519258;11.000000001513413;1.4999999999417923;99.49999999953434
1690730234;0.750000006519258;10.00000000058209;2.500000000873115;99.49999999953434
1690730235;0.9999999776482582;16.00000000034926;9.999999999126885;100
1690730236;1.4210854715202004e-14;10.49999999959256;2.500000000873115;100
1690730237;2.749999985098839;14.499999998952276;7.000000000698492;100
1690730238;0.5000000121071935;22.99999999959256;1.4999999984866008;84.00000000110595
1690730239;1.7499999841675162;15.00000000087313;2.500000000873115;52.49999999941792
1690730240;1.2500000186264515;12.000000000989544;2.999999998428393;63.50000000093132
1690730241;-0.5000000121071935;14.499999998952276;2.000000001862645;55.49999999930151
1690730242;1.2499999953433871;8.999999999650768;7.499999999708962;70.50000000017462
1690730243;1.0000000009313226;13.000000000465675;2.4999999994179234;54.49999999982538
1690730244;1.0000000009313226;11.000000000058222;2.0000000004074536;55.00000000029104
1690730245;0.7500000298023224;13.499999999476145;2.9999999998835847;52.49999999941792
1690730246;1.2499999953433871;86.49999999906868;2.0000000004074536;55.00000000029104
1690730247;2.000000001862645;49.00000000052388;8.499999999185093;51.49999999994179
1690730248;-0.7499999832361937;13.500000000931337;2.0000000004074536;30.5000000007567
1690730249;1.9999999552965164;15.499999999883599;2.4999999994179234;5.499999999301508
1690730250;0.5000000353902578;14.999999999417938;2.0000000004074536;3.9999999993597157
1690730251;1.2499999720603228;14.500000000407468;2.4999999994179234;2.9999999998835847
1690730252;0.750000006519258;10.49999999959256;5.5000000007567;3.500000000349246
1690730253;1.500000013038516;12.000000000989544;2.4999999994179234;7.000000000698492
1690730254;1.7499999841675162;12.499999998544823;3.000000001338776;6.499999998777639
1690730255;1.500000013038516;14.000000001396998;2.4999999994179234;2.4999999994179234
1690730256;0.24999999441206455;11.999999999534353;1.4999999999417923;3.000000001338776
1690730257;1.0000000009313226;13.999999999941807;8.999999999650754;4.999999998835847
1690730258;0.24999999441206455;13.000000000465675;2.4999999994179234;5.000000000291038
1690730259;1.500000013038516;14.499999998952276;3.500000000349246;3.5000000018044375
1690730260;0.7499999832361937;14.500000000407468;3.000000001338776;4.999999998835847
1690730261;1.4999999897554517;12.500000000000014;2.4999999994179234;4.000000000814907
1690730262;1.0000000009313226;11.500000000523883;6.499999998777639;4.499999999825377
1690730263;1.2500000186264515;11.999999999534353;2.500000000873115;5.499999999301508
1690730264;1.7500000074505806;11.499999999068692;2.500000000873115;2.9999999998835847
1690730265;-0.2500000176951289;15.00000000087313;2.499999997962732;2.9999999998835847
1690730266;0.9999999776482582;12.999999999010484;3.000000001338776;2.500000000873115
1690730267;2.5000000139698386;13.000000001920867;8.499999999185093;2.4999999994179234
1690730268;2.3283064365386963e-08;10.99999999860303;4.000000000814907;5.999999999767169
1690730269;1.0000000009313226;16.00000000034926;2.9999999998835847;3.000000001338776
1690730270;0.750000006519258;13.000000000465675;2.0000000004074536;3.9999999993597157
1690730271;1.4999999897554517;13.999999999941807;2.4999999994179234;2.4999999994179234
1690730272;0.5000000121071935;10.49999999959256;5.999999999767169;3.500000000349246
1690730273;1.4999999897554517;10.49999999959256;3.9999999993597157;5.499999999301508
1690730274;0.4999999888241291;13.999999999941807;2.000000001862645;3.500000000349246
1690730275;0.750000006519258;13.000000000465675;3.500000000349246;1.0000000009313226
1690730276;0.750000006519258;11.500000000523883;2.999999998428393;3.9999999993597157
1690730277;2.49999996740371;12.500000000000014;9.000000001105946;2.500000000873115
1690730278;0;13.499999999476145;2.9999999998835847;5.999999998311978
1690730279;0.750000006519258;16.49999999935973;2.999999998428393;2.9999999998835847
1690730280;0.7499999832361937;15.00000000087313;2.000000001862645;3.500000000349246
1690730281;1.2500000419095159;14.999999999417938;2.999999998428393;2.500000000873115
1690730282;1.0000000009313226;10.500000001047752;4.5000000012805685;4.999999998835847
1690730283;1.2499999953433871;11.499999999068692;3.500000000349246;4.5000000012805685
1690730284;0.750000006519258;14.000000001396998;1.999999998952262;3.4999999988940544
1690730285;0.7499999832361937;14.999999999417938;6.500000000232831;3.500000000349246
1690730286;1.500000013038516;13.000000000465675;2.0000000004074536;1.999999998952262
1690730287;1.2499999720603228;11.499999999068692;5.999999999767169;3.5000000018044375
1690730288;1.0000000009313226;11.000000001513413;4.499999999825377;5.499999999301508
1690730289;0.5000000121071935;13.999999998486615;1.999999998952262;4.000000000814907
1690730290;1.9999999785795808;13.999999999941807;4.000000000814907;3.9999999993597157
1690730291;2.3283064365386963e-08;13.999999999941807;2.4999999994179234;3.4999999988940544
1690730292;1.2499999953433871;11.500000000523883;3.500000000349246;5.00000000174623
1690730293;0.750000006519258;10.00000000058209;5.499999999301508;6.499999998777639
1690730294;1.4999999664723873;12.499999998544823;3.000000001338776;3.500000000349246
1690730295;0.7500000298023224;12.500000001455206;2.9999999998835847;1.999999998952262
1690730296;1.0000000009313226;14.999999999417938;1.999999998952262;2.9999999998835847
1690730297;2.250000019557774;12.500000000000014;6.000000001222361;2.500000000873115
1690730298;0.9999999776482582;14.999999999417938;5.499999999301508;4.499999999825377
1690730299;-0.2500000176951289;12.000000000989544;2.4999999994179234;3.500000000349246
1690730300;1.0000000009313226;14.499999998952276;3.000000001338776;3.9999999993597157
1690730301;0.750000006519258;14.000000001396998;2.0000000004074536;2.0000000004074536
1690730302;0.5000000121071935;11.999999998079161;4.499999999825377;3.9999999993597157
1690730303;3.2500000204890966;10.00000000058209;4.4999999983701855;5.00000000174623
1690730304;-0.2500000176951289;13.000000000465675;1.4999999999417923;2.999999998428393
1690730305;1.0000000009313226;13.000000000465675;3.5000000018044375;2.500000000873115
1690730306;1.0000000009313226;15.999999998894069;2.0000000004074536;3.500000000349246
1690730307;1.2499999953433871;11.000000000058222;5.999999998311978;3.500000000349246
1690730308;1.000000024214387;13.000000000465675;4.000000000814907;3.9999999993597157
1690730309;0.7499999832361937;22.50000000058209;3.4999999988940544;4.000000000814907
1690730310;1.0000000009313226;15.999999998894069;2.0000000004074536;3.999999997904524
1690730311;1.2499999953433871;16.50000000081492;4.000000000814907;2.500000000873115
1690730312;1.2500000186264515;13.499999999476145;2.9999999998835847;3.500000000349246
1690730313;-0.2500000176951289;10.00000000058209;5.999999999767169;5.000000000291038
1690730314;3.000000026077032;14.499999998952276;2.500000000873115;2.500000000873115
1690730315;-0.5000000121071935;12.500000001455206;2.999999998428393;2.499999997962732
1690730316;1.2499999720603228;14.499999998952276;2.9999999998835847;3.000000001338776
1690730317;1.7500000074505806;11.499999999068692;5.999999999767169;3.9999999993597157
1690730318;1.7500000074505806;13.500000002386528;3.000000001338776;5.000000000291038
1690730319;1.2499999953433871;14.499999998952276;4.499999999825377;2.0000000004074536
1690730320;0;13.499999999476145;2.4999999994179234;4.499999999825377
1690730321;1.4999999897554517;15.499999999883599;2.9999999998835847;3.500000000349246
1690730322;1.000000024214387;13.000000000465675;2.9999999998835847;2.4999999994179234
1690730323;0.24999999441206455;11.999999999534353;6.000000001222361;5.000000000291038
1690730324;0.750000006519258;13.000000000465675;1.4999999999417923;4.499999999825377
1690730325;1.0000000009313226;10.49999999959256;4.499999999825377;2.9999999998835847
1690730326;0.9999999776482582;16.00000000034926;2.9999999998835847;2.9999999998835847
1690730327;1.500000013038516;10.49999999959256;3.9999999993597157;4.000000000814907
1690730328;0.5000000121071935;13.000000000465675;5.999999999767169;3.500000000349246
1690730329;1.4999999664723873;13.000000000465675;2.500000000873115;3.9999999993597157
1690730330;1.000000024214387;13.499999999476145;3.4999999988940544;2.999999998428393
1690730331;1.0000000009313226;15.499999999883599;3.000000001338776;2.500000000873115
1690730332;0.4999999888241433;11.999999999534353;2.0000000004074536;3.500000000349246
1690730333;1.2500000186264515;10.00000000058209;4.999999998835847;5.000000000291038
1690730334;0.24999999441205034;12.500000000000014;2.9999999998835847;3.500000000349246
1690730335;0.7499999832361937;12.000000000989544;3.500000000349246;1.999999998952262
1690730336;0.750000006519258;16.00000000034926;2.9999999998835847;3.500000000349246
1690730337;0.750000006519258;12.999999997555292;5.000000000291038;2.9999999998835847
1690730338;1.4999999897554517;14.500000000407468;7.499999999708962;5.000000000291038
1690730339;1.0000000009313226;12.000000000989544;2.9999999998835847;2.999999998428393
1690730340;1.0000000009313226;12.500000000000014;2.0000000004074536;5.00000000174623
1690730341;1.2500000186264515;17.500000000291053;3.500000000349246;2.0000000004074536
1690730342;0.4999999888241291;9.9999999991269;1.999999998952262;2.999999998428393
1690730343;1.0000000009313226;11.000000000058222;5.999999999767169;3.500000000349246
1690730344;0.750000006519258;11.500000000523883;1.5000000013969839;3.500000000349246
1690730345;0.9999999776482582;12.999999999010484;5.999999998311978;2.4999999994179234
1690730346;1.500000013038516;13.500000000931337;1.5000000013969839;4.499999999825377
1690730347;0.750000006519258;13.999999999941807;5.000000000291038;2.000000001862645
1690730348;0.9999999776482582;11.999999999534353;5.999999999767169;3.9999999993597157
1690730349;1.2500000186264515;12.500000000000014;4.499999999825377;5.000000000291038
1690730350;2.4999999906867743;10.49999999959256;1.4999999999417923;3.9999999993597157
1690730351;1.0000000009313226;16.50000000081492;3.500000000349246;2.9999999998835847
1690730352;0.750000006519258;11.000000000058222;3.500000000349246;2.9999999998835847
1690730353;-2.3283064365386963e-08;13.000000000465675;5.499999999301508;5.499999999301508
1690730354;1.000000024214387;11.999999999534353;1.4999999999417923;5.00000000174623
1690730355;0.7499999832361937;11.999999999534353;3.9999999993597157;2.4999999994179234
1690730356;1.2499999953433871;16.00000000034926;3.000000001338776;5.000000000291038
1690730357;2.0000000251457095;15.499999999883599;3.9999999993597157;1.999999998952262
1690730358;0.750000006519258;13.999999999941807;6.499999998777639;4.499999999825377
1690730359;1.0000000009313226;13.999999999941807;3.000000001338776;3.9999999993597157
1690730360;0.2499999711290144;11.000000001513413;3.500000000349246;4.000000000814907
1690730361;2.5000000139698386;18.499999998311992;2.4999999994179234;2.4999999994179234
1690730362;0.25000001769514313;11.000000000058222;3.500000000349246;3.000000001338776
1690730363;0.4999999888241291;11.000000000058222;5.999999999767169;3.4999999988940544
1690730364;1.2499999953433871;11.000000000058222;2.500000000873115;5.000000000291038
1690730365;1.4999999897554517;11.499999999068692;2.999999998428393;1.5000000013969839
1690730366;0.750000006519258;13.000000001920867;2.0000000004074536;2.999999998428393
1690730367;1.4999999897554517;13.999999999941807;4.499999999825377;2.500000000873115
1690730368;0.5000000121071935;11.499999999068692;5.000000000291038;3.500000000349246
1690730369;0.750000006519258;12.500000000000014;2.500000000873115;4.999999998835847
1690730370;0.9999999776482582;11.500000000523883;2.999999998428393;3.9999999993597157
1690730371;1.2500000186264515;16.99999999982539;2.9999999998835847;3.000000001338776
1690730372;0.750000006519258;11.000000000058222;2.500000000873115;2.0000000004074536
1690730373;0.7499999832361937;13.999999999941807;5.000000000291038;4.499999999825377
1690730374;2.000000001862645;;2.4999999994179234;3.9999999993597157
