Time;{instance="10.231.0.208:9100"};{instance="192.168.221.10:9100"};{instance="192.168.221.11:9100"};{instance="192.168.221.12:9100"}
1690729431;0;0;0;528384
1690729432;20480;0;0;131072
1690729433;73453568;0;0;5242880
1690729434;117297152;0;0;1646592
1690729435;131334144;0;0;569344
1690729436;117444608;0;0;315392
1690729437;121405440;0;0;1466368
1690729438;118489088;0;0;0
1690729439;126136320;0;0;1175552
1690729440;107741184;0;0;4096
1690729441;114556928;0;0;1622016
1690729442;117440512;0;0;114688
1690729443;117178368;0;0;393216
1690729444;109314048;0;0;0
1690729445;125829120;0;0;0
1690729446;113246208;0;0;0
1690729447;111935488;0;0;77824
1690729448;118751232;0;0;0
1690729449;109051904;0;0;1712128
1690729450;104857600;0;0;0
1690729451;124518400;0;0;0
1690729452;114556928;0;0;0
1690729453;117964800;0;0;0
1690729454;106954752;0;0;0
1690729455;120324096;0;0;0
1690729456;117702656;0;0;0
1690729457;120061952;0;0;0
1690729458;111935488;0;0;0
1690729459;114556928;0;0;20480
1690729460;117440512;0;0;0
1690729461;121634816;0;0;0
1690729462;109051904;0;0;0
1690729463;117964800;0;0;0
1690729464;116916224;0;0;0
1690729465;120061952;0;0;0
1690729466;114868224;0;0;0
1690729467;107741184;0;0;0
1690729468;118751232;0;0;0
1690729469;121634816;0;0;8192
1690729470;113246208;0;0;4096
1690729471;111935488;0;0;0
1690729472;114556928;0;0;4096
1690729473;121634816;0;0;458752
1690729474;110624768;0;0;204800
1690729475;120061952;0;0;344064
1690729476;109051904;0;0;0
1690729477;110624768;0;0;81920
1690729478;122163200;0;0;163840
1690729479;110759936;0;0;0
1690729480;121634816;0;0;921600
1690729481;117440512;0;0;1196032
1690729482;113246208;0;0;4927488
1690729483;113770496;0;0;2473984
1690729484;112721920;0;0;2551808
1690729485;121634816;0;0;94208
1690729486;125829120;0;0;6078464
1690729487;113246208;0;0;872448
1690729488;106168320;0;0;188416
1690729489;120848384;0;0;0
1690729490;125304832;0;0;65536
1690729491;113246208;0;0;131072
1690729492;104857600;0;0;266240
1690729493;121634816;0;0;73728
1690729494;117440512;0;0;28672
1690729495;113770496;0;0;417792
1690729496;116916224;0;0;0
1690729497;114819072;0;0;0
1690729498;114294784;0;0;0
1690729499;123207680;0;0;0
1690729500;110624768;0;0;53248
1690729501;120061952;0;0;0
1690729502;115081216;0;0;1925120
1690729503;115605504;0;0;61440
1690729504;121634816;0;0;0
1690729505;109051904;0;0;0
1690729506;121634816;0;0;8192
1690729507;111935488;0;0;0
1690729508;118751232;0;0;61440
1690729509;114556928;0;0;0
1690729510;119013376;0;0;0
1690729511;118489088;0;0;0
1690729512;114032640;0;0;1003520
1690729513;112721920;0;0;1564672
1690729514;121634816;0;0;16384
1690729515;121634816;0;0;0
1690729516;121634816;0;0;0
1690729517;100663296;0;0;0
1690729518;117440512;0;0;0
1690729519;121634816;0;0;65536
1690729520;117964800;0;0;245760
1690729521;116916224;0;0;126976
1690729522;108457984;0;0;0
1690729523;113926144;0;0;0
1690729524;110362624;0;0;65536
1690729525;116551680;0;0;0
1690729526;119013376;0;0;0
1690729527;111935488;0;0;0
1690729528;142487552;0;0;9109504
1690729529;102682624;0;0;19398656
1690729530;106258432;0;0;23420928
1690729531;102780928;0;0;22675456
1690729532;83886080;0;0;24088576
1690729533;71987200;0;0;36831232
1690729534;83623936;0;0;40054784
1690729535;92274688;0;0;42491904
1690729536;121634816;0;0;39714816
1690729537;100663296;0;0;36864000
1690729538;118751232;0;0;39186432
1690729539;107741184;0;0;35991552
1690729540;117440512;0;0;38535168
1690729541;109051904;0;0;35495936
1690729542;109051904;0;0;22806528
1690729543;121634816;0;0;36683776
1690729544;109051904;0;0;33669120
1690729545;114556928;0;0;38273024
1690729546;103546880;0;0;32899072
1690729547;0;0;0;4349952
1690729548;46137344;0;0;1474560
1690729549;112197632;0;0;22151168
1690729550;122683392;0;0;52408320
1690729551;117440512;0;0;16777216
1690729552;117440512;0;0;33435648
1690729553;88080384;0;0;27414528
1690729554;81002496;0;0;6393856
1690729555;111935488;0;0;26738688
1690729556;104857600;0;0;38141952
1690729557;113246208;0;0;32243712
1690729558;96468992;0;0;13795328
1690729559;111935488;0;0;35926016
1690729560;114556928;0;0;36368384
1690729561;117440512;0;0;36044800
1690729562;83886080;0;0;26816512
1690729563;0;0;0;0
1690729564;84410368;0;0;7471104
1690729565;66584576;0;0;24121344
1690729566;62914560;0;0;46923776
1690729567;67108864;0;0;46530560
1690729568;74186752;0;0;42074112
1690729569;76808192;0;0;30822400
1690729570;62914560;0;0;45613056
1690729571;69992448;0;0;47579136
1690729572;76808192;0;0;34291712
1690729573;83886080;0;0;38694912
1690729574;92274688;0;0;39731200
1690729575;95158272;0;0;36454400
1690729576;97779712;0;0;40370176
1690729577;96468992;0;0;33656832
1690729578;50331648;0;0;11153408
1690729579;104857600;0;0;17752064
1690729580;96468992;0;0;39059456
1690729581;100663296;0;0;39452672
1690729582;96468992;0;0;30146560
1690729583;12582912;0;0;10092544
1690729584;46137344;0;0;3014656
1690729585;104857600;0;0;22949888
1690729586;117440512;0;0;39059456
1690729587;110362624;0;0;36700160
1690729588;111935488;0;0;35934208
1690729589;120061952;0;0;32505856
1690729590;106430464;0;0;36044800
1690729591;109051904;0;0;31064064
1690729592;62914560;0;0;16384000
1690729593;104857600;0;0;26705920
1690729594;124518400;0;0;37879808
1690729595;118751232;0;0;32444416
1690729596;88772608;0;0;33423360
1690729597;54525952;0;0;24510464
1690729598;0;0;0;3137536
1690729599;62914560;0;0;7151616
1690729600;113770496;0;0;25559040
1690729601;84758528;0;0;37253120
1690729602;83886080;0;0;45219840
1690729603;34250752;0;0;33947648
1690729604;67108864;0;0;31744000
1690729605;51040256;0;0;45350912
1690729606;37748736;0;0;51249152
1690729607;37748736;0;0;44195840
1690729608;13299712;0;0;47054848
1690729609;0;0;0;61054976
1690729610;0;0;0;55394304
1690729611;0;0;0;60317696
1690729612;34865152;0;0;56360960
1690729613;46137344;0;0;51511296
1690729614;46137344;0;0;52559872
1690729615;54525952;0;0;45744128
1690729616;50331648;0;0;48496640
1690729617;58720256;0;0;50798592
1690729618;60293120;0;0;45744128
1690729619;52953088;0;0;41680896
1690729620;58720256;0;0;46653440
1690729621;71303168;0;0;48889856
1690729622;62914560;0;0;45047808
1690729623;67108864;0;0;47648768
1690729624;20971520;0;0;43937792
1690729625;16777216;0;0;37355520
1690729626;50855936;0;0;23097344
1690729627;62390272;0;0;39424000
1690729628;67108864;0;0;49184768
1690729629;67108864;0;0;46256128
1690729630;46137344;0;0;47185920
1690729631;29360128;0;0;43253760
1690729632;58720256;0;0;33677312
1690729633;46850048;0;0;46481408
1690729634;0;0;0;55250944
1690729635;0;0;0;62464000
1690729636;0;0;0;60952576
1690729637;0;0;0;59113472
1690729638;0;0;0;63832064
1690729639;0;0;0;47587328
1690729640;0;0;0;62521344
1690729641;0;0;0;62652416
1690729642;0;0;0;61247488
1690729643;0;0;0;61628416
1690729644;0;0;0;55955456
1690729645;0;0;0;62914560
1690729646;0;0;0;60420096
1690729647;0;0;0;60096512
1690729648;0;0;0;61341696
1690729649;0;0;0;59740160
1690729650;0;0;0;53084160
1690729651;0;0;0;48574464
1690729652;0;0;0;15204352
1690729653;0;0;0;26882048
1690729654;0;0;0;30302208
1690729655;1368064;0;0;48267264
1690729656;114556928;0;0;45756416
1690729657;84410368;0;0;24813568
1690729658;95944704;0;0;21037056
1690729659;75497472;0;0;43315200
1690729660;83886080;0;0;43708416
1690729661;88080384;0;0;59424768
1690729662;88080384;0;0;31002624
1690729663;81002496;0;0;40763392
1690729664;95158272;0;0;36438016
1690729665;93585408;0;0;37916672
1690729666;95158272;0;0;40660992
1690729667;96468992;0;0;38744064
1690729668;96468992;0;0;40239104
1690729669;96468992;0;0;36700160
1690729670;100663296;0;0;35176448
1690729671;104857600;0;0;35782656
1690729672;109051904;0;0;41504768
1690729673;79691776;0;0;42692608
1690729674;55050240;0;0;34078720
1690729675;104333312;0;0;30216192
1690729676;151257088;0;0;41439232
1690729677;58458112;0;0;37978112
1690729678;71303168;0;0;41742336
1690729679;38436864;0;0;31985664
1690729680;81002496;0;0;34603008
1690729681;20353024;0;0;48627712
1690729682;0;0;0;63750144
1690729683;0;0;0;55967744
1690729684;0;0;0;60567552
1690729685;0;0;0;40640512
1690729686;0;0;0;60551168
1690729687;0;0;0;63664128
1690729688;0;0;0;57929728
1690729689;0;0;0;62783488
1690729690;0;0;0;58327040
1690729691;0;0;0;63045632
1690729692;0;0;0;61317120
1690729693;0;0;0;64913408
1690729694;0;0;0;55926784
1690729695;0;0;0;39403520
1690729696;0;0;0;58601472
1690729697;0;0;0;62758912
1690729698;0;0;0;56229888
1690729699;0;0;0;61210624
1690729700;0;0;0;57040896
1690729701;0;0;0;62885888
1690729702;0;0;0;60768256
1690729703;0;0;0;60342272
1690729704;0;0;0;32006144
1690729705;0;0;0;61210624
1690729706;0;0;0;61554688
1690729707;0;0;0;60604416
1690729708;0;0;0;59981824
1690729709;0;0;0;59482112
1690729710;0;0;0;62377984
1690729711;0;0;0;60555264
1690729712;0;0;0;61997056
1690729713;0;0;0;63397888
1690729714;0;0;0;47562752
1690729715;0;0;0;54657024
1690729716;0;0;0;62898176
1690729717;0;0;0;61624320
1690729718;0;0;0;62218240
1690729719;0;0;0;61603840
1690729720;0;0;0;54259712
1690729721;0;0;0;31080448
1690729722;0;0;0;59899904
1690729723;0;0;0;60948480
1690729724;0;0;0;60137472
1690729725;0;0;0;61640704
1690729726;0;0;0;58494976
1690729727;0;0;0;61865984
1690729728;0;0;0;58085376
1690729729;0;0;0;66416640
1690729730;0;0;0;61865984
1690729731;0;0;0;60293120
1690729732;0;0;0;61472768
1690729733;0;0;0;59113472
1690729734;0;0;0;58703872
1690729735;0;0;0;45887488
1690729736;0;0;0;57524224
1690729737;0;0;0;58458112
1690729738;0;0;0;61329408
1690729739;0;0;0;51310592
1690729740;0;0;0;60497920
1690729741;0;0;0;52092928
1690729742;0;0;0;58851328
1690729743;0;0;0;57147392
1690729744;0;0;0;61734912
1690729745;0;0;0;63832064
1690729746;0;0;0;57765888
1690729747;0;0;0;64094208
1690729748;0;0;0;40370176
1690729749;0;0;0;52396032
1690729750;0;0;0;63700992
1690729751;0;0;0;60424192
1690729752;0;0;0;63647744
1690729753;0;0;0;64290816
1690729754;0;0;0;60846080
1690729755;0;0;0;58437632
1690729756;0;0;0;21889024
1690729757;0;0;0;26214400
1690729758;0;0;0;56365056
1690729759;0;0;0;61181952
1690729760;0;0;0;61493248
1690729761;0;0;0;57483264
1690729762;0;0;0;63307776
1690729763;0;0;0;61591552
1690729764;0;0;0;59289600
1690729765;0;0;0;60547072
1690729766;0;0;0;59592704
1690729767;0;0;0;60911616
1690729768;0;0;0;61448192
1690729769;0;0;0;65449984
1690729770;0;0;0;63062016
1690729771;0;0;0;58195968
1690729772;0;0;0;62099456
1690729773;0;0;0;63250432
1690729774;0;0;0;56160256
1690729775;0;0;0;63893504
1690729776;0;0;0;59416576
1690729777;0;0;0;63094784
1690729778;0;0;0;61472768
1690729779;0;0;0;60948480
1690729780;0;0;0;48103424
1690729781;0;0;0;49680384
1690729782;0;0;0;60030976
1690729783;0;0;0;62521344
1690729784;0;0;0;62951424
1690729785;0;0;0;63176704
1690729786;0;0;0;41730048
1690729787;0;0;0;61476864
1690729788;0;0;0;61317120
1690729789;0;0;0;59990016
1690729790;0;0;0;51642368
1690729791;0;0;0;61472768
1690729792;0;0;0;62128128
1690729793;0;0;0;60387328
1690729794;0;0;0;57671680
1690729795;0;0;0;49811456
1690729796;0;0;0;43384832
1690729797;0;0;0;60289024
1690729798;0;0;0;61276160
1690729799;0;0;0;61444096
1690729800;0;0;0;60788736
1690729801;0;0;0;57802752
1690729802;0;0;0;63578112
1690729803;0;0;0;63647744
1690729804;0;0;0;57540608
1690729805;0;0;0;60268544
1690729806;0;0;0;45346816
1690729807;0;0;0;63746048
1690729808;0;0;0;63078400
1690729809;0;0;0;63569920
1690729810;0;0;0;59052032
1690729811;0;0;0;57016320
1690729812;0;0;0;64585728
1690729813;0;0;0;64884736
1690729814;0;0;0;62697472
1690729815;0;0;0;61214720
1690729816;0;0;0;58638336
1690729817;0;0;0;58458112
1690729818;0;0;0;63315968
1690729819;0;0;0;64094208
1690729820;0;0;0;61399040
1690729821;0;0;0;57208832
1690729822;0;0;0;31850496
1690729823;0;0;0;50868224
1690729824;0;0;0;61210624
1690729825;0;0;0;60526592
1690729826;46071808;0;0;73768960
1690729827;121634816;0;0;37830656
1690729828;117440512;0;0;38666240
1690729829;113246208;0;0;35926016
1690729830;113246208;0;0;35762176
1690729831;103546880;0;0;23007232
1690729832;94896128;0;0;39731200
1690729833;101974016;0;0;24788992
1690729834;110624768;0;0;39104512
1690729835;110362624;0;0;36438016
1690729836;116129792;0;0;35950592
1690729837;107479040;0;0;30408704
1690729838;112721920;0;0;37355520
1690729839;115343360;0;0;37748736
1690729840;113246208;0;0;30916608
1690729841;111673344;0;0;32137216
1690729842;111935488;0;0;45133824
1690729843;120324096;0;0;38617088
1690729844;104857600;0;0;15069184
1690729845;106168320;0;0;39321600
1690729846;111935488;0;0;38404096
1690729847;100663296;0;0;41267200
1690729848;67108864;0;0;29200384
1690729849;4194304;0;0;4849664
1690729850;64487424;0;0;6033408
1690729851;120061952;0;0;34996224
1690729852;113246208;0;0;38010880
1690729853;104857600;0;0;36962304
1690729854;54525952;0;0;21987328
1690729855;41943040;0;0;1179648
1690729856;113246208;0;0;30199808
1690729857;111935488;0;0;39059456
1690729858;85196800;0;0;32505856
1690729859;8388608;0;0;11796480
1690729860;71303168;0;0;5111808
1690729861;65028096;0;0;28651520
1690729862;0;0;0;53374976
1690729863;0;0;0;61603840
1690729864;0;0;0;61177856
1690729865;0;0;0;34009088
1690729866;0;0;0;26869760
1690729867;0;0;0;18690048
1690729868;0;0;0;30277632
1690729869;0;0;0;31621120
1690729870;0;0;0;31064064
1690729871;0;0;0;31621120
1690729872;55693312;0;0;40161280
1690729873;81264640;0;0;46321664
1690729874;96468992;0;0;40058880
1690729875;109051904;0;0;31690752
1690729876;72876032;0;0;18309120
1690729877;73924608;0;0;39579648
1690729878;76021760;0;0;47972352
1690729879;79691776;0;0;46206976
1690729880;84934656;0;0;36544512
1690729881;86507520;0;0;39190528
1690729882;96468992;0;0;40787968
1690729883;90963968;0;0;41172992
1690729884;90701824;0;0;38174720
1690729885;99352576;0;0;40525824
1690729886;104857600;0;0;40108032
1690729887;98041856;0;0;34930688
1690729888;103284736;0;0;40108032
1690729889;109051904;0;0;39718912
1690729890;90701824;0;0;38850560
1690729891;64487424;0;0;24117248
1690729892;104857600;0;0;23744512
1690729893;101191680;0;0;48365568
1690729894;104333312;0;0;39989248
1690729895;104071168;0;0;37044224
1690729896;81883136;0;0;34271232
1690729897;0;0;0;55926784
1690729898;0;0;0;58560512
1690729899;0;0;0;52871168
1690729900;0;0;0;59441152
1690729901;0;0;0;61079552
1690729902;0;0;0;61083648
1690729903;0;0;0;51380224
1690729904;0;0;0;63463424
1690729905;0;0;0;62312448
1690729906;0;0;0;60846080
1690729907;0;0;0;54972416
1690729908;0;0;0;59142144
1690729909;0;0;0;60231680
1690729910;13893632;0;0;58458112
1690729911;83578880;0;0;46931968
1690729912;81960960;0;0;37539840
1690729913;82575360;0;0;41148416
1690729914;85196800;0;0;38420480
1690729915;83886080;0;0;37675008
1690729916;88080384;0;0;41336832
1690729917;92274688;0;0;38670336
1690729918;88080384;0;0;36438016
1690729919;97501184;0;0;40775680
1690729920;114819072;0;0;37937152
1690729921;112578560;0;0;32636928
1690729922;117440512;0;0;34209792
1690729923;108941312;0;0;26869760
1690729924;113246208;0;0;34340864
1690729925;98471936;0;0;35258368
1690729926;74186752;0;0;27525120
1690729927;96993280;0;0;37064704
1690729928;70778880;0;0;39321600
1690729929;80420864;0;0;20578304
1690729930;113246208;0;0;36831232
1690729931;82767872;0;0;26345472
1690729932;113332224;0;0;36429824
1690729933;100884480;0;0;37126144
1690729934;110624768;0;0;27787264
1690729935;100663296;0;0;38760448
1690729936;113008640;0;0;37879808
1690729937;117440512;0;0;36429824
1690729938;106102784;69631.99999999999;0;30728192
1690729939;87556096;0;0;30478336
1690729940;88080384;0;0;11182080
1690729941;83886080;0;0;1433600
1690729942;32890880;0;0;1880064
1690729943;37748736;0;0;1884160
1690729944;55050240;0;0;2883584
1690729945;91750400;0;0;1183744
1690729946;92274688;0;0;1179648
1690729947;67809280;0;0;4456448
1690729948;0;0;0;3371008
1690729949;0;0;0;2486272
1690729950;0;0;0;5533696
1690729951;22282240;0;0;3317760
1690729952;71303168;0;0;39075840
1690729953;72876032;0;0;48910336
1690729954;69730304;0;0;50200576
1690729955;72876032;0;0;44265472
1690729956;73924608;0;0;45334528
1690729957;87810048;0;0;39895040
1690729958;90963968;0;0;38797312
1690729959;62914560;0;0;42835968
1690729960;67108864;0;0;13369344
1690729961;83886080;0;0;39714816
1690729962;75497472;0;36864;38273024
1690729963;50331648;0;0;44830720
1690729964;87859200;0;0;39190528
1690729965;75497472;0;0;42467328
1690729966;63619072;0;0;26099712
1690729967;0;0;0;53084160
1690729968;0;0;0;57802752
1690729969;0;0;0;55590912
1690729970;0;0;0;57147392
1690729971;0;0;0;61341696
1690729972;0;0;0;57966592
1690729973;0;0;0;57671680
1690729974;0;0;0;36851712
1690729975;0;0;0;47841280
1690729976;0;0;0;53993472
1690729977;0;0;0;58130432
1690729978;0;0;0;52727808
1690729979;0;0;0;59244544
1690729980;0;0;0;54001664
1690729981;0;0;0;37691392
1690729982;0;0;0;50196480
1690729983;0;0;0;52600832
1690729984;0;0;0;56098816
1690729985;0;0;0;59510784
1690729986;0;0;0;58286080
1690729987;0;0;0;57704448
1690729988;0;0;0;59551744
1690729989;0;0;0;58851328
1690729990;0;0;0;58851328
1690729991;0;0;0;58167296
1690729992;0;0;0;57122816
1690729993;0;0;0;56061952
1690729994;0;0;0;61771776
1690729995;0;0;0;61210624
1690729996;0;0;0;61210624
1690729997;0;0;0;57065472
1690729998;0;0;0;51834880
1690729999;0;0;0;59027456
1690730000;0;0;0;56885248
1690730001;0;0;0;61472768
1690730002;0;0;0;37015552
1690730003;0;0;0;58417152
1690730004;0;0;0;24625152
1690730005;0;0;0;5873664
1690730006;0;0;0;8912896
1690730007;0;0;0;55341056
1690730008;0;0;0;63123456
1690730009;0;0;0;47906816
1690730010;0;0;0;57225216
1690730011;0;0;0;58458112
1690730012;0;0;0;56332288
1690730013;0;0;0;62369792
1690730014;0;0;0;59375616
1690730015;0;0;0;59867136
1690730016;0;0;0;56754176
1690730017;0;0;0;55201792
1690730018;0;0;0;54657024
1690730019;0;0;0;57876480
1690730020;0;0;0;50487296
1690730021;0;0;0;61865984
1690730022;0;0;0;61865984
1690730023;0;0;0;60555264
1690730024;0;0;0;63774720
1690730025;0;0;0;56516608
1690730026;0;0;0;58589184
1690730027;0;0;0;56553472
1690730028;0;0;0;56135680
1690730029;0;0;0;59244544
1690730030;0;0;0;57475072
1690730031;0;0;0;35487744
1690730032;0;0;0;51249152
1690730033;0;0;0;58945536
1690730034;0;0;0;59482112
1690730035;0;0;0;60272640
1690730036;0;0;0;56078336
1690730037;0;0;0;42881024
1690730038;0;0;0;59305984
1690730039;0;0;0;60948480
1690730040;0;0;0;58982400
1690730041;0;0;0;53739520
1690730042;0;0;0;61612032
1690730043;0;0;0;57290752
1690730044;0;0;0;62259200
1690730045;0;0;0;43388928
1690730046;0;0;0;30945280
1690730047;0;0;0;58392576
1690730048;0;0;0;58470400
1690730049;0;0;0;57135104
1690730050;0;0;0;54046720
1690730051;0;0;0;56492032
1690730052;0;0;0;54534144
1690730053;0;0;0;53182464
1690730054;0;0;0;59375616
1690730055;0;0;0;58982400
1690730056;0;0;0;21336064
1690730057;0;0;0;1441792
1690730058;0;0;0;3112960
1690730059;0;0;0;3473408
1690730060;0;0;0;2170880
1690730061;0;0;0;1114112
1690730062;0;0;0;61100032
1690730063;0;0;0;60399616
1690730064;0;0;0;63176704
1690730065;0;0;0;57147392
1690730066;0;0;0;64618496
1690730067;0;0;0;57147392
1690730068;0;0;0;59072512
1690730069;0;0;0;56360960
1690730070;0;0;0;58941440
1690730071;0;0;0;58048512
1690730072;0;0;0;59600896
1690730073;0;0;0;23986176
1690730074;0;0;0;55967744
1690730075;0;0;0;62652416
1690730076;0;0;0;62394368
1690730077;0;0;0;58589184
1690730078;0;0;0;61603840
1690730079;0;0;0;62521344
1690730080;0;0;0;58851328
1690730081;0;0;0;56295424
1690730082;0;0;0;37814272
1690730083;0;0;0;36962304
1690730084;0;0;0;54132736
1690730085;0;0;0;58327040
1690730086;0;0;0;53317632
1690730087;0;0;0;55181312
1690730088;0;0;0;58195968
1690730089;0;0;0;52039680
1690730090;0;0;0;51273728
1690730091;0;0;0;40763392
1690730092;0;0;0;54788096
1690730093;0;0;0;60231680
1690730094;0;0;0;59637760
1690730095;0;0;0;59375616
1690730096;0;0;0;60641280
1690730097;0;0;0;58720256
1690730098;0;0;0;53403648
1690730099;0;0;0;61939712
1690730100;0;0;0;53608448
1690730101;0;0;0;57982976
1690730102;0;0;0;66060288
1690730103;0;0;0;60870656
1690730104;0;0;0;62849024
1690730105;0;0;0;59183104
1690730106;0;0;0;54525952
1690730107;0;0;0;53346304
1690730108;0;0;0;57442304
1690730109;0;0;0;50827264
1690730110;0;0;0;52690944
1690730111;0;0;0;28262400
1690730112;0;0;0;1777664
1690730113;0;0;0;7258112
1690730114;0;0;0;6176768
1690730115;0;0;0;6356992
1690730116;0;0;0;47841280
1690730117;0;0;0;57016320
1690730118;0;0;0;61472768
1690730119;0;0;0;62599168
1690730120;0;0;0;57802752
1690730121;0;0;0;61997056
1690730122;0;0;0;57278464
1690730123;0;0;0;58167296
1690730124;0;0;0;57016320
1690730125;0;0;0;57671680
1690730126;0;0;0;57212928
1690730127;0;0;0;35651584
1690730128;0;0;0;54263808
1690730129;0;0;0;58662912
1690730130;0;0;0;56754176
1690730131;0;0;0;60755968
1690730132;0;0;0;52432896
1690730133;0;0;0;60555264
1690730134;0;0;0;60964864
1690730135;0;0;0;58814464
1690730136;0;0;0;54124544
1690730137;0;0;0;59637760
1690730138;0;0;0;59432960
1690730139;0;0;0;58085376
1690730140;0;0;0;57933824
1690730141;0;0;0;48758784
1690730142;0;0;0;63397888
1690730143;0;0;0;60948480
1690730144;0;0;0;58892288
1690730145;0;0;0;56094720
1690730146;0;0;0;56291328
1690730147;0;0;0;55025664
1690730148;0;0;0;49152000
1690730149;0;0;0;57933824
1690730150;0;0;0;56360960
1690730151;0;0;0;57147392
1690730152;0;0;0;50749440
1690730153;0;0;0;61079552
1690730154;0;0;0;60882944
1690730155;0;0;0;55050240
1690730156;0;0;0;58064896
1690730157;0;0;0;58720256
1690730158;0;0;0;33030144
1690730159;0;0;0;51900416
1690730160;0;0;0;60424192
1690730161;0;0;0;62566400
1690730162;0;0;0;58359808
1690730163;0;0;0;52367360
1690730164;0;0;0;12484608
1690730165;0;0;0;2883584
1690730166;0;0;0;2031616
1690730167;0;0;0;46313472
1690730168;0;0;0;
1690730169;0;0;0;
1690730170;0;0;0;58189124.0506329
1690730171;0;0;0;60289024
1690730172;0;0;0;59858944
1690730173;0;0;0;57942016
1690730174;0;0;0;58195968
1690730175;0;0;0;24510464
1690730176;0;0;0;10100736
1690730177;0;0;0;18288640
1690730178;0;0;0;57769984
1690730179;0;0;0;59031552
1690730180;0;0;0;21237760
1690730181;0;0;0;16244736
1690730182;0;0;0;59375616
1690730183;0;0;0;58589184
1690730184;0;0;0;56360960
1690730185;0;0;0;23601152
1690730186;0;0;0;2842624
1690730187;0;0;0;2367488
1690730188;0;0;0;3813376
1690730189;0;0;0;6754304
1690730190;0;0;0;38535168
1690730191;0;0;0;61997056
1690730192;0;0;0;42274816
1690730193;0;0;0;2260992
1690730194;0;0;0;48795648
1690730195;0;0;0;20971520
1690730196;0;0;0;40914944
1690730197;0;0;0;61743104
1690730198;0;0;0;61218816
1690730199;0;0;0;60411904
1690730200;0;0;0;27889664
1690730201;0;0;0;2752512
1690730202;0;0;0;1732608
1690730203;0;0;0;2420736
1690730204;0;0;0;56074240
1690730205;0;0;0;25034752
1690730206;0;0;0;1196032
1690730207;0;0;0;20447232
1690730208;0;0;0;63590400
1690730209;0;0;0;58814464
1690730210;0;0;0;24772608
1690730211;0;0;0;54263808
1690730212;0;0;0;58605568
1690730213;0;0;0;58589184
1690730214;0;0;0;59109376
1690730215;0;0;0;2883584
1690730216;0;0;0;3952640
1690730217;0;0;0;3801088
1690730218;0;0;0;21757952
1690730219;0;0;0;59015168
1690730220;0;0;0;60706816
1690730221;0;0;0;63438848
1690730222;389120;0;0;52420608
1690730223;0;0;0;5242880
1690730224;0;0;0;6705152
1690730225;0;0;0;6291456
1690730226;0;0;0;6291456
1690730227;0;0;0;23904256
1690730228;0;0;0;2277376
1690730229;0;0;0;6684672
1690730230;0;0;0;30150656
1690730231;0;0;0;58896384
1690730232;0;0;0;59748352
1690730233;0;0;0;60039168
1690730234;0;0;0;59768832
1690730235;0;0;0;23056384
1690730236;0;0;0;1048576
1690730237;0;0;0;524288
1690730238;0;0;0;23343104
1690730239;0;0;0;1380352
1690730240;0;0;0;16281600
1690730241;0;0;0;29765632
1690730242;0;0;0;19730432
1690730243;0;0;0;33292288
1690730244;0;65535.99999999999;0;29360128
1690730245;0;0;0;30801920
1690730246;0;0;0;11489280
1690730247;0;0;0;131072
1690730248;0;0;0;3035136
1690730249;0;0;0;552960
1690730250;0;0;0;0
1690730251;0;0;0;0
1690730252;0;0;0;0
1690730253;0;0;0;0
1690730254;0;0;0;1155072
1690730255;0;0;0;53248
1690730256;0;0;0;0
1690730257;0;0;0;4096
1690730258;0;0;0;0
1690730259;0;0;0;0
1690730260;0;0;0;335872
1690730261;0;0;0;0
1690730262;0;0;0;0
1690730263;0;0;0;225280
1690730264;0;0;0;0
1690730265;0;0;0;0
1690730266;0;0;0;0
1690730267;0;0;0;0
1690730268;0;0;0;827392
1690730269;0;0;0;0
1690730270;0;0;0;0
1690730271;0;0;0;0
1690730272;0;0;0;0
1690730273;0;0;0;0
1690730274;0;0;0;0
1690730275;0;0;0;0
1690730276;0;0;0;0
1690730277;0;0;0;0
1690730278;0;0;0;131072
1690730279;0;0;0;0
1690730280;0;0;0;131072
1690730281;0;0;0;0
1690730282;0;0;0;0
1690730283;0;0;0;0
1690730284;0;0;0;0
1690730285;0;0;0;0
1690730286;0;0;0;32768
1690730287;0;0;0;131072
1690730288;0;0;0;0
1690730289;0;0;0;0
1690730290;0;0;0;0
1690730291;0;0;0;0
1690730292;0;0;0;0
1690730293;0;0;0;0
1690730294;0;0;0;0
1690730295;0;0;0;0
1690730296;0;0;0;0
1690730297;0;0;0;0
1690730298;0;0;0;77824
1690730299;0;0;0;0
1690730300;0;0;0;0
1690730301;0;0;0;0
1690730302;0;0;0;0
1690730303;0;0;0;0
1690730304;0;0;0;0
1690730305;0;0;0;0
1690730306;0;0;0;90112
1690730307;0;0;0;16384
1690730308;0;0;0;0
1690730309;0;0;0;0
1690730310;0;0;0;0
1690730311;0;0;0;0
1690730312;0;0;0;135168
1690730313;0;0;0;0
1690730314;0;0;0;0
1690730315;0;0;0;0
1690730316;0;0;0;0
1690730317;0;0;0;0
1690730318;0;0;0;0
1690730319;0;0;0;0
1690730320;0;0;0;0
1690730321;0;0;0;0
1690730322;0;0;0;114688
1690730323;0;0;0;0
1690730324;0;0;0;0
1690730325;0;0;0;0
1690730326;0;0;0;4096
1690730327;0;0;0;0
1690730328;0;0;0;0
1690730329;0;0;0;0
1690730330;0;0;0;0
1690730331;0;0;0;0
1690730332;0;0;0;0
1690730333;0;0;0;0
1690730334;0;0;0;0
1690730335;0;0;0;0
1690730336;0;0;0;94208
1690730337;0;0;0;0
1690730338;0;0;0;0
1690730339;0;0;0;0
1690730340;0;0;0;0
1690730341;0;0;0;0
1690730342;0;0;0;0
1690730343;0;0;0;0
1690730344;0;0;0;0
1690730345;0;0;0;0
1690730346;0;0;0;0
1690730347;0;0;0;0
1690730348;0;0;0;0
1690730349;0;0;0;0
1690730350;0;0;0;45056
1690730351;0;0;0;0
1690730352;0;0;0;40960
1690730353;0;0;0;0
1690730354;0;0;0;0
1690730355;0;0;0;0
1690730356;0;0;0;0
1690730357;0;0;0;0
1690730358;0;0;0;0
1690730359;0;0;0;0
1690730360;0;0;0;0
1690730361;0;0;0;0
1690730362;0;0;0;0
1690730363;0;0;0;0
1690730364;0;0;0;0
1690730365;0;0;0;86016
1690730366;0;0;0;0
1690730367;0;0;0;0
1690730368;0;0;0;0
1690730369;0;0;0;0
1690730370;0;0;0;0
1690730371;0;0;0;0
1690730372;0;0;0;0
1690730373;0;0;0;86016
1690730374;0;;0;0
