Time;{instance="10.231.0.208:9100"};{instance="192.168.221.10:9100"};{instance="192.168.221.11:9100"};{instance="192.168.221.12:9100"}
1690729431;0;32767.999999999996;0;0
1690729432;0;86015.99999999999;0;1024000
1690729433;4096;139263.99999999997;0;2457600
1690729434;0;102399.99999999999;0;32354304
1690729435;0;135167.99999999997;0;892928
1690729436;0;65535.99999999999;0;182681600
1690729437;0;57343.99999999999;0;125165568
1690729438;57344;196607.99999999997;0;56868864
1690729439;0;69631.99999999999;0;134815744
1690729440;0;212991.99999999997;0;182452224
1690729441;0;28671.999999999996;0;626688
1690729442;0;90111.99999999999;0;111628288
1690729443;8192;81919.99999999999;0;212860928
1690729444;24576;24575.999999999996;0;56864768
1690729445;0;94207.99999999999;0;117702656
1690729446;0;131071.99999999999;0;54558720
1690729447;0;69631.99999999999;0;107241472
1690729448;0;94207.99999999999;0;201318400
1690729449;24576;126975.99999999999;0;130252800
1690729450;0;0;0;177209344
1690729451;0;32767.999999999996;0;0
1690729452;0;0;0;276045824
1690729453;0;49151.99999999999;0;0
1690729454;0;36863.99999999999;0;57954304
1690729455;16384;61439.99999999999;0;128204800
1690729456;0;36863.99999999999;0;4096
1690729457;0;0;0;0
1690729458;0;110591.99999999999;0;510922752
1690729459;0;36863.99999999999;0;9023488
1690729460;0;49151.99999999999;0;120586240
1690729461;0;36863.99999999999;0;64172032
1690729462;0;0;0;83886080
1690729463;0;49151.99999999999;0;161480704
1690729464;0;16383.999999999998;0;141668352
1690729465;0;90111.99999999999;0;109051904
1690729466;12288;24575.999999999996;0;207687680
1690729467;0;49151.99999999999;0;0
1690729468;0;53247.99999999999;0;124149760
1690729469;0;45055.99999999999;0;110206976
1690729470;0;73727.99999999999;0;125829120
1690729471;4096;24575.999999999996;0;0
1690729472;0;57343.99999999999;0;204214272
1690729473;0;49151.99999999999;0;121479168
1690729474;0;4095.9999999999995;0;177328128
1690729475;0;40959.99999999999;180224;115605504
1690729476;0;184319.99999999997;0;0
1690729477;0;77823.99999999999;0;138305536
1690729478;0;53247.99999999999;0;257810432
1690729479;0;61439.99999999999;0;110592
1690729480;0;36863.99999999999;0;56623104
1690729481;0;45055.99999999999;0;65540096
1690729482;0;90111.99999999999;20480;443072512
1690729483;0;24575.999999999996;0;0
1690729484;0;24575.999999999996;0;110592
1690729485;0;32767.999999999996;0;115605504
1690729486;0;90111.99999999999;0;0
1690729487;0;65535.99999999999;0;248254464
1690729488;0;28671.999999999996;0;208666624
1690729489;0;81919.99999999999;0;122880
1690729490;0;49151.99999999999;0;103784448
1690729491;0;4095.9999999999995;0;0
1690729492;0;94207.99999999999;0;290623488
1690729493;0;24575.999999999996;0;248573952
1690729494;0;24575.999999999996;0;114688
1690729495;0;20479.999999999996;0;75476992
1690729496;0;36863.99999999999;0;0
1690729497;0;106495.99999999999;0;0
1690729498;0;4095.9999999999995;0;327180288
1690729499;0;69631.99999999999;0;260161536
1690729500;0;36863.99999999999;0;0
1690729501;0;266239.99999999994;0;108810240
1690729502;0;57343.99999999999;0;0
1690729503;0;24575.999999999996;0;238292992
1690729504;0;40959.99999999999;0;242368512
1690729505;0;77823.99999999999;0;0
1690729506;0;135167.99999999997;16384;107999232
1690729507;0;69631.99999999999;0;160722944
1690729508;0;4095.9999999999995;40960;264318976
1690729509;0;57343.99999999999;0;147456
1690729510;0;28671.999999999996;0;0
1690729511;0;102399.99999999999;266240;108527616
1690729512;0;4095.9999999999995;0;167251968
1690729513;0;73727.99999999999;0;161480704
1690729514;0;16383.999999999998;0;116748288
1690729515;0;32767.999999999996;0;0
1690729516;0;20479.999999999996;0;180097024
1690729517;0;28671.999999999996;12288;339804160
1690729518;0;61439.99999999999;0;0
1690729519;0;90111.99999999999;0;114688
1690729520;0;20479.999999999996;0;131461120
1690729521;0;24575.999999999996;0;0
1690729522;0;57343.99999999999;0;241836032
1690729523;0;4095.9999999999995;0;217096192
1690729524;0;45055.99999999999;0;0
1690729525;0;24575.999999999996;0;76009472
1690729526;0;0;0;163012608
1690729527;32768;86015.99999999999;0;133173248
1690729528;0;32767.999999999996;0;206630912
1690729529;0;61439.99999999999;0;174063616
1690729530;0;24575.999999999996;0;66871296
1690729531;0;4095.9999999999995;0;132374528
1690729532;0;348159.99999999994;0;217042944
1690729533;45056;8191.999999999999;0;77012992
1690729534;0;114687.99999999999;0;241938432
1690729535;0;0;0;214237184
1690729536;0;49151.99999999999;12288;2621440
1690729537;0;12287.999999999998;0;229896192
1690729538;28672;61439.99999999999;0;210337792
1690729539;0;40959.99999999999;0;129269760
1690729540;0;45055.99999999999;0;0
1690729541;0;49151.99999999999;0;0
1690729542;0;118783.99999999999;57344;634769408
1690729543;0;86015.99999999999;0;113967104
1690729544;8192;65535.99999999999;0;102436864
1690729545;0;24575.999999999996;0;0
1690729546;0;24575.999999999996;0;0
1690729547;0;114687.99999999999;0;0
1690729548;0;94207.99999999999;0;128765952
1690729549;0;28671.999999999996;0;631975936
1690729550;0;49151.99999999999;0;1310720
1690729551;0;0;0;30371840
1690729552;0;49151.99999999999;0;92532736
1690729553;0;77823.99999999999;0;0
1690729554;0;45055.99999999999;0;496672768
1690729555;0;24575.999999999996;0;109228032
1690729556;0;28671.999999999996;0;0
1690729557;0;73727.99999999999;0;0
1690729558;0;57343.99999999999;20480;525189120
1690729559;0;65535.99999999999;0;169140224
1690729560;0;32767.999999999996;0;84791296
1690729561;0;45055.99999999999;0;0
1690729562;0;65535.99999999999;0;0
1690729563;0;61439.99999999999;0;0
1690729564;0;65535.99999999999;0;475058176
1690729565;0;24575.999999999996;0;278773760
1690729566;0;32767.999999999996;0;0
1690729567;0;28671.999999999996;20480;4096
1690729568;0;36863.99999999999;0;306520064
1690729569;0;65535.99999999999;0;159588352
1690729570;0;0;0;50982912
1690729571;0;32767.999999999996;0;0
1690729572;0;20479.999999999996;0;104050688
1690729573;0;135167.99999999997;28672;407072768
1690729574;0;69631.99999999999;0;207642624
1690729575;0;24575.999999999996;0;65159168
1690729576;0;61439.99999999999;0;31137792
1690729577;0;53247.99999999999;0;0
1690729578;0;249855.99999999997;0;0
1690729579;0;106495.99999999999;0;632606720
1690729580;0;24575.999999999996;0;49967104
1690729581;0;24575.999999999996;0;0
1690729582;0;24575.999999999996;0;0
1690729583;0;57343.99999999999;143360;0
1690729584;0;94207.99999999999;0;233402368
1690729585;0;45055.99999999999;0;476090368
1690729586;0;0;0;0
1690729587;0;77823.99999999999;0;183742464
1690729588;0;28671.999999999996;8192;159588352
1690729589;0;86015.99999999999;4096;192221184
1690729590;0;28671.999999999996;0;55119872
1690729591;0;36863.99999999999;0;0
1690729592;0;45055.99999999999;0;95674368
1690729593;0;0;0;650838016
1690729594;0;53247.99999999999;20480;0
1690729595;0;57343.99999999999;12288;86814720
1690729596;0;45055.99999999999;0;0
1690729597;0;0;0;0
1690729598;0;45055.99999999999;0;0
1690729599;0;69631.99999999999;0;416391168
1690729600;0;28671.999999999996;0;285929472
1690729601;32768;45055.99999999999;0;37552128
1690729602;0;0;0;0
1690729603;0;49151.99999999999;0;0
1690729604;0;24575.999999999996;0;501444608
1690729605;0;98303.99999999999;0;43778048
1690729606;40960;49151.99999999999;0;0
1690729607;0;4095.9999999999995;0;158134272
1690729608;0;28671.999999999996;0;205299712
1690729609;0;188415.99999999997;0;58101760
1690729610;0;24575.999999999996;0;206286848
1690729611;24576;61439.99999999999;0;86499328
1690729612;0;0;0;270598144
1690729613;4096;28671.999999999996;0;99082240
1690729614;0;40959.99999999999;0;0
1690729615;0;69631.99999999999;0;227000320
1690729616;0;53247.99999999999;0;175153152
1690729617;4096;24575.999999999996;0;90112
1690729618;12288;32767.999999999996;0;49709056
1690729619;0;303103.99999999994;12288;209661952
1690729620;0;32767.999999999996;0;297369600
1690729621;0;45055.99999999999;0;30007296
1690729622;0;32767.999999999996;0;157208576
1690729623;4096;24575.999999999996;0;0
1690729624;0;36863.99999999999;0;0
1690729625;0;53247.99999999999;0;0
1690729626;0;73727.99999999999;0;474906624
1690729627;0;24575.999999999996;0;323903488
1690729628;0;32767.999999999996;0;0
1690729629;0;45055.99999999999;20480;0
1690729630;0;77823.99999999999;0;0
1690729631;0;90111.99999999999;0;0
1690729632;0;32767.999999999996;0;659619840
1690729633;0;32767.999999999996;0;65933312
1690729634;0;53247.99999999999;0;90923008
1690729635;0;57343.99999999999;16384;0
1690729636;0;61439.99999999999;0;88088576
1690729637;0;28671.999999999996;0;176230400
1690729638;4096;57343.99999999999;0;43626496
1690729639;12288;86015.99999999999;0;281726976
1690729640;0;49151.99999999999;0;0
1690729641;0;81919.99999999999;0;101642240
1690729642;0;32767.999999999996;0;139063296
1690729643;0;24575.999999999996;0;303104
1690729644;4096;94207.99999999999;0;252977152
1690729645;0;24575.999999999996;0;0
1690729646;0;49151.99999999999;0;122195968
1690729647;0;61439.99999999999;0;82268160
1690729648;0;49151.99999999999;0;0
1690729649;0;40959.99999999999;0;52183040
1690729650;0;221183.99999999997;0;306221056
1690729651;0;282623.99999999994;0;101859328
1690729652;0;65535.99999999999;0;0
1690729653;0;65535.99999999999;20480;154554368
1690729654;0;40959.99999999999;0;170110976
1690729655;0;167935.99999999997;0;9617408
1690729656;0;61439.99999999999;0;152158208
1690729657;0;53247.99999999999;0;9359360
1690729658;0;53247.99999999999;0;194330624
1690729659;0;36863.99999999999;151552;79486976
1690729660;36864;24575.999999999996;0;203362304
1690729661;0;57343.99999999999;0;94208
1690729662;0;73727.99999999999;0;257499136
1690729663;0;24575.999999999996;0;92905472
1690729664;0;94207.99999999999;0;126664704
1690729665;24576;24575.999999999996;4096;302542848
1690729666;0;28671.999999999996;0;16384
1690729667;0;81919.99999999999;0;197517312
1690729668;0;36863.99999999999;0;176160768
1690729669;0;49151.99999999999;0;156278784
1690729670;0;65535.99999999999;0;356945920
1690729671;8192;65535.99999999999;0;0
1690729672;0;73727.99999999999;0;51662848
1690729673;0;0;0;0
1690729674;0;45055.99999999999;0;32153600
1690729675;0;0;0;714252288
1690729676;0;45055.99999999999;0;0
1690729677;0;32767.999999999996;0;28762112
1690729678;0;4095.9999999999995;0;0
1690729679;0;86015.99999999999;0;90337280
1690729680;0;16383.999999999998;0;445075456
1690729681;0;36863.99999999999;0;51814400
1690729682;0;53247.99999999999;0;0
1690729683;0;53247.99999999999;0;380338176
1690729684;4096;57343.99999999999;0;0
1690729685;12288;24575.999999999996;0;82874368
1690729686;0;110591.99999999999;0;176455680
1690729687;0;28671.999999999996;0;28872704
1690729688;0;81919.99999999999;0;276201472
1690729689;0;73727.99999999999;0;0
1690729690;4096;28671.999999999996;0;161320960
1690729691;0;196607.99999999997;0;155648
1690729692;0;28671.999999999996;0;52137984
1690729693;0;81919.99999999999;0;0
1690729694;0;53247.99999999999;0;0
1690729695;0;53247.99999999999;0;299126784
1690729696;0;24575.999999999996;0;135098368
1690729697;0;45055.99999999999;0;0
1690729698;0;32767.999999999996;0;238755840
1690729699;0;73727.99999999999;0;0
1690729700;0;0;0;270266368
1690729701;0;61439.99999999999;0;37822464
1690729702;0;61439.99999999999;0;102830080
1690729703;0;24575.999999999996;0;130658304
1690729704;0;61439.99999999999;0;152838144
1690729705;0;0;0;45293568
1690729706;0;57343.99999999999;0;67899392
1690729707;0;24575.999999999996;0;101482496
1690729708;0;61439.99999999999;0;176160768
1690729709;0;61439.99999999999;0;154947584
1690729710;0;49151.99999999999;0;0
1690729711;0;0;0;88145920
1690729712;0;24575.999999999996;0;51318784
1690729713;0;69631.99999999999;0;0
1690729714;0;61439.99999999999;0;301006848
1690729715;0;86015.99999999999;0;348438528
1690729716;0;20479.999999999996;0;73728
1690729717;0;32767.999999999996;0;0
1690729718;0;28671.999999999996;20480;25550848
1690729719;0;61439.99999999999;0;0
1690729720;0;32767.999999999996;0;238727168
1690729721;0;53247.99999999999;0;347963392
1690729722;0;24575.999999999996;0;4096
1690729723;0;24575.999999999996;0;0
1690729724;0;122879.99999999999;0;176431104
1690729725;0;24575.999999999996;0;0
1690729726;0;57343.99999999999;0;87592960
1690729727;0;69631.99999999999;0;86466560
1690729728;0;163839.99999999997;0;262270976
1690729729;0;24575.999999999996;0;0
1690729730;0;24575.999999999996;0;68386816
1690729731;0;81919.99999999999;0;176234496
1690729732;0;12287.999999999998;0;52465664
1690729733;0;45055.99999999999;0;0
1690729734;0;57343.99999999999;0;0
1690729735;0;49151.99999999999;0;379777024
1690729736;0;24575.999999999996;0;2543616
1690729737;0;69631.99999999999;20480;133533696
1690729738;0;53247.99999999999;0;0
1690729739;0;53247.99999999999;0;298602496
1690729740;0;57343.99999999999;0;39845888
1690729741;0;28671.999999999996;0;66080768
1690729742;0;192511.99999999997;0;157929472
1690729743;0;24575.999999999996;139264;339005440
1690729744;0;69631.99999999999;0;0
1690729745;0;24575.999999999996;0;0
1690729746;0;28671.999999999996;0;88190976
1690729747;0;40959.99999999999;0;0
1690729748;0;122879.99999999999;12288;99721216
1690729749;0;49151.99999999999;4096;443813888
1690729750;0;61439.99999999999;0;0
1690729751;0;24575.999999999996;0;49152
1690729752;0;45055.99999999999;0;54317056
1690729753;0;28671.999999999996;0;0
1690729754;0;81919.99999999999;0;14536704
1690729755;0;32767.999999999996;0;283586560
1690729756;0;20479.999999999996;0;44273664
1690729757;0;110591.99999999999;0;52588544
1690729758;0;4095.9999999999995;0;251002880
1690729759;0;73727.99999999999;0;36798464
1690729760;0;0;0;47845376
1690729761;0;40959.99999999999;0;340373504
1690729762;0;49151.99999999999;0;118784
1690729763;0;12287.999999999998;0;0
1690729764;0;69631.99999999999;0;88109056
1690729765;0;24575.999999999996;0;176160768
1690729766;0;86015.99999999999;0;190115840
1690729767;0;32767.999999999996;0;169943040
1690729768;0;155647.99999999997;0;0
1690729769;0;110591.99999999999;0;0
1690729770;0;36863.99999999999;0;32952320
1690729771;0;32767.999999999996;0;231374848
1690729772;0;24575.999999999996;0;88219648
1690729773;0;73727.99999999999;0;0
1690729774;0;40959.99999999999;0;344002560
1690729775;0;106495.99999999999;0;0
1690729776;0;28671.999999999996;0;172630016
1690729777;0;24575.999999999996;0;81920
1690729778;0;172031.99999999997;0;46272512
1690729779;0;28671.999999999996;0;0
1690729780;0;86015.99999999999;0;74440704
1690729781;0;0;0;303382528
1690729782;0;24575.999999999996;0;176226304
1690729783;0;32767.999999999996;0;47288320
1690729784;0;45055.99999999999;0;0
1690729785;0;90111.99999999999;0;0
1690729786;0;0;0;384540672
1690729787;0;24575.999999999996;0;21655552
1690729788;0;57343.99999999999;20480;33128448
1690729789;0;110591.99999999999;0;0
1690729790;0;32767.999999999996;0;578375680
1690729791;0;45055.99999999999;0;0
1690729792;0;57343.99999999999;0;61440
1690729793;0;24575.999999999996;0;51703808
1690729794;0;53247.99999999999;0;62210048
1690729795;0;77823.99999999999;0;121376768
1690729796;0;69631.99999999999;0;236400640
1690729797;0;28671.999999999996;0;82952192
1690729798;0;69631.99999999999;0;53485568
1690729799;0;73727.99999999999;0;88080384
1690729800;0;24575.999999999996;0;164245504
1690729801;0;98303.99999999999;0;245112832
1690729802;0;24575.999999999996;0;110592
1690729803;0;114687.99999999999;0;0
1690729804;0;4095.9999999999995;0;47579136
1690729805;0;77823.99999999999;0;109682688
1690729806;0;86015.99999999999;0;385724416
1690729807;0;24575.999999999996;0;49152
1690729808;0;28671.999999999996;0;0
1690729809;0;40959.99999999999;0;37830656
1690729810;0;135167.99999999997;0;120115200
1690729811;0;49151.99999999999;0;383647744
1690729812;0;36863.99999999999;0;61440
1690729813;0;45055.99999999999;143360;0
1690729814;0;20479.999999999996;0;57987072
1690729815;0;53247.99999999999;0;127692800
1690729816;0;49151.99999999999;24576;231632896
1690729817;0;32767.999999999996;0;208523264
1690729818;0;24575.999999999996;0;32768
1690729819;0;163839.99999999997;16384;0
1690729820;0;57343.99999999999;0;25812992
1690729821;0;49151.99999999999;0;213106688
1690729822;0;45055.99999999999;0;50008064
1690729823;0;24575.999999999996;0;217432064
1690729824;0;49151.99999999999;0;61825024
1690729825;0;131071.99999999999;0;102862848
1690729826;0;118783.99999999999;0;2650112
1690729827;0;32767.999999999996;0;377270272
1690729828;0;49151.99999999999;0;0
1690729829;0;86015.99999999999;0;57188352
1690729830;0;32767.999999999996;0;155459584
1690729831;36864;0;0;179441664
1690729832;0;28671.999999999996;0;75153408
1690729833;0;61439.99999999999;0;592060416
1690729834;0;81919.99999999999;0;4096
1690729835;0;20479.999999999996;0;48816128
1690729836;24576;49151.99999999999;0;0
1690729837;0;24575.999999999996;0;391729152
1690729838;0;45055.99999999999;0;186437632
1690729839;0;49151.99999999999;0;0
1690729840;0;45055.99999999999;0;355553280
1690729841;0;77823.99999999999;0;302080000
1690729842;8192;0;0;434176
1690729843;0;155647.99999999997;0;0
1690729844;0;40959.99999999999;0;620916736
1690729845;0;28671.999999999996;0;45056
1690729846;0;49151.99999999999;0;49274880
1690729847;0;57343.99999999999;0;0
1690729848;0;40959.99999999999;0;0
1690729849;0;69631.99999999999;155648;0
1690729850;0;24575.999999999996;0;391479296
1690729851;0;4095.9999999999995;0;258060288
1690729852;0;49151.99999999999;0;53477376
1690729853;0;45055.99999999999;0;4096
1690729854;0;36863.99999999999;0;0
1690729855;0;57343.99999999999;0;101531648
1690729856;0;24575.999999999996;0;436240384
1690729857;0;49151.99999999999;0;33492992
1690729858;0;28671.999999999996;0;0
1690729859;0;86015.99999999999;0;0
1690729860;0;188415.99999999997;0;392646656
1690729861;0;4095.9999999999995;0;374558720
1690729862;0;53247.99999999999;0;0
1690729863;0;4095.9999999999995;0;46968832
1690729864;0;57343.99999999999;0;0
1690729865;0;139263.99999999997;0;0
1690729866;32768;73727.99999999999;0;0
1690729867;0;4095.9999999999995;0;335286272
1690729868;0;77823.99999999999;0;232779776
1690729869;0;12287.999999999998;0;4096
1690729870;0;36863.99999999999;0;0
1690729871;8192;90111.99999999999;0;0
1690729872;16384;49151.99999999999;0;1503232
1690729873;0;118783.99999999999;0;102699008
1690729874;0;36863.99999999999;0;229277696
1690729875;0;77823.99999999999;0;115150848
1690729876;0;4095.9999999999995;0;72671232
1690729877;40960;24575.999999999996;0;431235072
1690729878;0;81919.99999999999;0;0
1690729879;0;106495.99999999999;0;31375360
1690729880;0;131071.99999999999;12288;244273152
1690729881;0;4095.9999999999995;0;102154240
1690729882;8192;49151.99999999999;0;244170752
1690729883;16384;4095.9999999999995;0;44519424
1690729884;0;49151.99999999999;0;308178944
1690729885;0;0;0;114528256
1690729886;0;73727.99999999999;0;0
1690729887;0;28671.999999999996;0;536391680
1690729888;8192;24575.999999999996;0;225280
1690729889;0;32767.999999999996;0;51310592
1690729890;0;40959.99999999999;0;0
1690729891;0;49151.99999999999;0;5750784
1690729892;0;77823.99999999999;20480;753868800
1690729893;0;53247.99999999999;0;204800
1690729894;0;28671.999999999996;0;24576
1690729895;0;315391.99999999994;0;143106048
1690729896;0;90111.99999999999;0;254685184
1690729897;0;77823.99999999999;0;4096
1690729898;4096;32767.999999999996;0;21340160
1690729899;12288;77823.99999999999;0;349097984
1690729900;0;0;0;44728320
1690729901;0;77823.99999999999;0;0
1690729902;0;4095.9999999999995;0;54308864
1690729903;0;28671.999999999996;0;334716928
1690729904;4096;53247.99999999999;0;51056640
1690729905;0;28671.999999999996;0;0
1690729906;0;77823.99999999999;0;125362176
1690729907;0;0;0;107139072
1690729908;0;32767.999999999996;0;209457152
1690729909;0;32767.999999999996;0;54489088
1690729910;0;20479.999999999996;0;149872640
1690729911;0;61439.99999999999;0;162103296
1690729912;0;24575.999999999996;0;147595264
1690729913;0;65535.99999999999;0;130486272
1690729914;0;16383.999999999998;0;168833024
1690729915;32768;12287.999999999998;0;170127360
1690729916;0;77823.99999999999;0;126939136
1690729917;0;32767.999999999996;139264;174522368
1690729918;0;32767.999999999996;0;183074816
1690729919;0;36863.99999999999;0;50085888
1690729920;24576;57343.99999999999;0;135757824
1690729921;0;24575.999999999996;0;239550464
1690729922;0;77823.99999999999;20480;1236992
1690729923;0;0;12288;516968448
1690729924;4096;57343.99999999999;0;111620096
1690729925;0;0;0;23982080
1690729926;4096;122879.99999999999;0;100941824
1690729927;0;53247.99999999999;0;102866944
1690729928;0;61439.99999999999;0;2850816
1690729929;0;0;16384;373280768
1690729930;16384;32767.999999999996;0;154034176
1690729931;0;233471.99999999997;0;71983104
1690729932;0;57343.99999999999;0;114974720
1690729933;0;57343.99999999999;0;38322176
1690729934;0;45055.99999999999;0;697073664
1690729935;0;0;0;73158656
1690729936;4096;114687.99999999999;0;7045120
1690729937;0;24575.999999999996;0;10936320
1690729938;0;69631.99999999999;0;371527680
1690729939;0;77823.99999999999;0;6074368
1690729940;0;61439.99999999999;0;8314880
1690729941;0;28671.999999999996;0;81354752
1690729942;0;81919.99999999999;0;4038656
1690729943;0;24575.999999999996;0;55246848
1690729944;4096;81919.99999999999;0;104083456
1690729945;12288;0;0;330248192
1690729946;0;73727.99999999999;0;130285568
1690729947;0;24575.999999999996;0;29151232
1690729948;0;90111.99999999999;0;19402752
1690729949;0;24575.999999999996;0;159621120
1690729950;0;28671.999999999996;0;201396224
1690729951;0;221183.99999999997;0;0
1690729952;20480;77823.99999999999;0;144764928
1690729953;0;45055.99999999999;0;11550720
1690729954;0;45055.99999999999;0;0
1690729955;0;20479.999999999996;0;147144704
1690729956;0;61439.99999999999;0;210313216
1690729957;0;45055.99999999999;20480;83632128
1690729958;0;73727.99999999999;0;5353472
1690729959;24576;24575.999999999996;135168;0
1690729960;0;90111.99999999999;0;397246464
1690729961;0;61439.99999999999;0;4169728
1690729962;0;212991.99999999997;16384;1310720
1690729963;0;57343.99999999999;0;405463040
1690729964;16384;16383.999999999998;0;28516352
1690729965;0;53247.99999999999;0;0
1690729966;0;28671.999999999996;0;407810048
1690729967;0;114687.99999999999;0;0
1690729968;0;32767.999999999996;0;0
1690729969;0;77823.99999999999;0;346857472
1690729970;0;0;0;92815360
1690729971;4096;28671.999999999996;0;53248
1690729972;12288;73727.99999999999;0;0
1690729973;0;57343.99999999999;0;6553600
1690729974;0;16383.999999999998;0;46571520
1690729975;0;49151.99999999999;0;449634304
1690729976;0;0;0;24289280
1690729977;4096;61439.99999999999;0;3076096
1690729978;0;77823.99999999999;0;406093824
1690729979;0;32767.999999999996;0;2412544
1690729980;0;0;0;100298752
1690729981;0;81919.99999999999;0;6967296
1690729982;0;28671.999999999996;0;393670656
1690729983;0;57343.99999999999;0;49152
1690729984;0;16383.999999999998;0;122880
1690729985;0;57343.99999999999;0;0
1690729986;0;0;0;190775296
1690729987;0;32767.999999999996;0;174080000
1690729988;0;81919.99999999999;0;115965952
1690729989;0;86015.99999999999;0;0
1690729990;0;0;4096;0
1690729991;0;28671.999999999996;0;0
1690729992;0;0;0;296660992
1690729993;0;94207.99999999999;0;300457984
1690729994;0;16383.999999999998;0;0
1690729995;0;49151.99999999999;8192;0
1690729996;0;0;4096;4096
1690729997;0;53247.99999999999;0;12288
1690729998;0;270335.99999999994;0;453672960
1690729999;0;86015.99999999999;0;1667072
1690730000;0;0;0;17481728
1690730001;0;57343.99999999999;0;671744
1690730002;0;0;0;213827584
1690730003;0;81919.99999999999;0;167821312
1690730004;0;16383.999999999998;0;36864
1690730005;0;77823.99999999999;20480;0
1690730006;0;0;0;585728
1690730007;0;94207.99999999999;0;344584192
1690730008;0;32767.999999999996;0;135168
1690730009;0;81919.99999999999;0;0
1690730010;0;0;0;0
1690730011;0;49151.99999999999;0;223260672
1690730012;0;0;0;344412160
1690730013;0;61439.99999999999;0;69632
1690730014;0;61439.99999999999;0;0
1690730015;0;28671.999999999996;0;94208
1690730016;0;0;0;59506688
1690730017;0;32767.999999999996;0;55521280
1690730018;0;53247.99999999999;0;26476544
1690730019;0;102399.99999999999;0;102297600
1690730020;0;0;0;576405504
1690730021;0;57343.99999999999;0;0
1690730022;0;0;0;0
1690730023;0;65535.99999999999;0;176160768
1690730024;0;94207.99999999999;0;81920
1690730025;0;32767.999999999996;0;0
1690730026;0;0;0;1241088
1690730027;0;8191.999999999999;0;3477504
1690730028;0;45055.99999999999;0;129273856
1690730029;0;286719.99999999994;0;111280128
1690730030;0;4095.9999999999995;135168;61702144
1690730031;0;32767.999999999996;0;390086656
1690730032;0;20479.999999999996;0;123019264
1690730033;0;4095.9999999999995;0;0
1690730034;0;94207.99999999999;0;2621440
1690730035;0;4095.9999999999995;12288;1310720
1690730036;0;45055.99999999999;4096;27140096
1690730037;0;0;0;458399744
1690730038;0;65535.99999999999;0;0
1690730039;0;4095.9999999999995;0;0
1690730040;0;73727.99999999999;0;4096
1690730041;0;0;0;431919104
1690730042;0;32767.999999999996;0;12419072
1690730043;0;0;0;5898240
1690730044;0;126975.99999999999;0;0
1690730045;0;28671.999999999996;0;36044800
1690730046;0;86015.99999999999;0;401440768
1690730047;0;28671.999999999996;0;282595328
1690730048;0;32767.999999999996;0;0
1690730049;0;57343.99999999999;0;0
1690730050;0;77823.99999999999;0;741376
1690730051;0;0;0;1236992
1690730052;0;69631.99999999999;20480;12029952
1690730053;0;0;0;416026624
1690730054;0;110591.99999999999;0;199536640
1690730055;0;53247.99999999999;0;159256576
1690730056;0;77823.99999999999;0;36864
1690730057;0;0;0;0
1690730058;0;90111.99999999999;0;77824
1690730059;0;28671.999999999996;0;0
1690730060;0;81919.99999999999;0;0
1690730061;0;61439.99999999999;0;528384
1690730062;0;49151.99999999999;0;61440
1690730063;0;0;0;174718976
1690730064;0;81919.99999999999;0;0
1690730065;0;73727.99999999999;0;258412544
1690730066;0;49151.99999999999;0;0
1690730067;0;0;0;249204736
1690730068;0;106495.99999999999;0;73728
1690730069;0;24575.999999999996;0;0
1690730070;0;61439.99999999999;0;4096
1690730071;0;20479.999999999996;0;0
1690730072;0;69631.99999999999;0;0
1690730073;0;0;0;395313152
1690730074;0;69631.99999999999;0;374431744
1690730075;0;258047.99999999997;0;0
1690730076;0;49151.99999999999;0;0
1690730077;0;57343.99999999999;139264;176160768
1690730078;0;81919.99999999999;0;81920
1690730079;0;53247.99999999999;0;0
1690730080;0;180223.99999999997;0;10903552
1690730081;0;57343.99999999999;0;1310720
1690730082;0;49151.99999999999;0;0
1690730083;0;0;24576;418684928
1690730084;0;69631.99999999999;0;216875008
1690730085;0;49151.99999999999;0;0
1690730086;0;86015.99999999999;0;22306816
1690730087;0;0;0;103870464
1690730088;0;81919.99999999999;0;49213440
1690730089;0;24575.999999999996;0;233824256
1690730090;0;77823.99999999999;0;70168576
1690730091;0;28671.999999999996;0;366211072
1690730092;0;69631.99999999999;20480;0
1690730093;0;0;0;94208
1690730094;0;69631.99999999999;0;0
1690730095;0;94207.99999999999;0;0
1690730096;0;61439.99999999999;0;4882432
1690730097;0;0;0;0
1690730098;0;90111.99999999999;0;272830464
1690730099;0;28671.999999999996;0;774144
1690730100;0;73727.99999999999;0;387055616
1690730101;0;49151.99999999999;0;345268224
1690730102;0;4095.9999999999995;0;0
1690730103;0;24575.999999999996;0;102400
1690730104;0;16383.999999999998;0;0
1690730105;0;81919.99999999999;0;0
1690730106;0;53247.99999999999;0;0
1690730107;0;28671.999999999996;0;184905728
1690730108;0;4095.9999999999995;40960;213237760
1690730109;0;102399.99999999999;0;485437440
1690730110;0;0;0;0
1690730111;0;77823.99999999999;0;36864
1690730112;0;0;0;106496
1690730113;0;53247.99999999999;0;0
1690730114;0;16383.999999999998;36864;0
1690730115;0;28671.999999999996;0;0
1690730116;0;49151.99999999999;0;593920
1690730117;0;98303.99999999999;0;129757184
1690730118;0;4095.9999999999995;0;146812928
1690730119;0;81919.99999999999;262144;0
1690730120;0;57343.99999999999;0;219242496
1690730121;0;49151.99999999999;0;0
1690730122;0;32767.999999999996;0;159461376
1690730123;0;77823.99999999999;0;0
1690730124;0;16383.999999999998;0;4096
1690730125;0;65535.99999999999;24576;3211264
1690730126;0;385023.99999999994;0;36241408
1690730127;0;32767.999999999996;0;382992384
1690730128;0;28671.999999999996;0;189186048
1690730129;0;94207.99999999999;0;0
1690730130;0;0;0;3477504
1690730131;0;57343.99999999999;0;0
1690730132;0;53247.99999999999;0;399872000
1690730133;0;28671.999999999996;0;26107904
1690730134;0;16383.999999999998;0;0
1690730135;0;32767.999999999996;8192;26152960
1690730136;0;118783.99999999999;0;355119104
1690730137;0;53247.99999999999;0;53440512
1690730138;0;8191.999999999999;0;11079680
1690730139;0;73727.99999999999;0;3932160
1690730140;0;0;20480;5767168
1690730141;0;57343.99999999999;0;670429184
1690730142;0;24575.999999999996;0;0
1690730143;0;69631.99999999999;0;65536
1690730144;0;16383.999999999998;0;0
1690730145;0;32767.999999999996;0;0
1690730146;0;69631.99999999999;0;0
1690730147;0;36863.99999999999;0;5685248
1690730148;0;8191.999999999999;0;464744448
1690730149;0;126975.99999999999;0;77824
1690730150;0;0;0;0
1690730151;0;32767.999999999996;0;65536
1690730152;0;81919.99999999999;0;435077120
1690730153;0;4095.9999999999995;0;88080384
1690730154;0;73727.99999999999;0;9662464
1690730155;0;57343.99999999999;0;2621440
1690730156;0;57343.99999999999;0;0
1690730157;0;65535.99999999999;0;0
1690730158;0;65535.99999999999;0;266821632
1690730159;0;28671.999999999996;20480;241135616
1690730160;0;28671.999999999996;24576;1814528
1690730161;0;0;0;0
1690730162;0;286719.99999999994;0;7450624
1690730163;0;0;0;128778240
1690730164;0;81919.99999999999;0;146444288
1690730165;0;0;0;73236480
1690730166;0;163839.99999999997;0;123682816
1690730167;0;73727.99999999999;0;320331776
1690730168;0;28671.999999999996;0;
1690730169;0;65535.99999999999;0;
1690730170;0;49151.99999999999;143360;14543392.40506329
1690730171;0;49151.99999999999;0;180224
1690730172;0;77823.99999999999;0;0
1690730173;0;90111.99999999999;0;283566080
1690730174;0;40959.99999999999;0;0
1690730175;0;77823.99999999999;0;229376
1690730176;0;28671.999999999996;12288;0
1690730177;0;114687.99999999999;0;4096
1690730178;0;32767.999999999996;0;176566272
1690730179;0;69631.99999999999;0;0
1690730180;0;24575.999999999996;0;241664
1690730181;0;24575.999999999996;0;88113152
1690730182;0;32767.999999999996;0;155291648
1690730183;0;114687.99999999999;0;0
1690730184;0;32767.999999999996;0;369098752
1690730185;0;36863.99999999999;0;53248
1690730186;0;24575.999999999996;0;0
1690730187;0;81919.99999999999;0;0
1690730188;0;57343.99999999999;0;0
1690730189;0;94207.99999999999;0;0
1690730190;0;28671.999999999996;0;28672
1690730191;0;24575.999999999996;0;0
1690730192;0;212991.99999999997;0;176209920
1690730193;0;94207.99999999999;0;0
1690730194;0;40959.99999999999;0;131072
1690730195;0;24575.999999999996;0;106995712
1690730196;0;24575.999999999996;0;262569984
1690730197;0;77823.99999999999;0;0
1690730198;0;57343.99999999999;0;0
1690730199;0;73727.99999999999;0;88195072
1690730200;0;49151.99999999999;0;82173952
1690730201;0;24575.999999999996;0;2621440
1690730202;0;24575.999999999996;0;0
1690730203;0;135167.99999999997;20480;24883200
1690730204;0;20479.999999999996;0;281812992
1690730205;0;45055.99999999999;0;90112
1690730206;0;0;0;0
1690730207;0;102399.99999999999;16384;4096
1690730208;0;53247.99999999999;0;0
1690730209;0;106495.99999999999;0;88166400
1690730210;0;4095.9999999999995;0;24576
1690730211;0;53247.99999999999;0;88084480
1690730212;0;0;0;176160768
1690730213;0;102399.99999999999;0;176304128
1690730214;0;53247.99999999999;0;0
1690730215;0;53247.99999999999;0;61440
1690730216;0;0;0;0
1690730217;0;69631.99999999999;0;0
1690730218;0;49151.99999999999;0;248852480
1690730219;0;106495.99999999999;0;131633152
1690730220;0;0;0;0
1690730221;0;49151.99999999999;0;0
1690730222;36864;0;0;88186880
1690730223;0;73727.99999999999;0;0
1690730224;0;98303.99999999999;0;0
1690730225;0;49151.99999999999;0;39260160
1690730226;0;0;0;27787264
1690730227;167936;53247.99999999999;0;316350464
1690730228;36864;102399.99999999999;36864;0
1690730229;0;135167.99999999997;0;0
1690730230;0;24575.999999999996;0;4096
1690730231;0;53247.99999999999;0;0
1690730232;0;0;286720;12288
1690730233;28672;409599.99999999994;0;88375296
1690730234;0;65535.99999999999;0;88080384
1690730235;0;53247.99999999999;24576;176197632
1690730236;0;0;0;0
1690730237;0;122879.99999999999;0;40960
1690730238;0;77823.99999999999;0;231182336
1690730239;0;90111.99999999999;0;0
1690730240;0;49151.99999999999;0;5922816
1690730241;0;28671.999999999996;0;47034368
1690730242;0;20479.999999999996;0;4096
1690730243;0;61439.99999999999;36864;0
1690730244;0;106495.99999999999;0;0
1690730245;0;98303.99999999999;0;172032
1690730246;0;40959.99999999999;0;244871168
1690730247;0;90111.99999999999;0;0
1690730248;0;40959.99999999999;4096;798720
1690730249;0;163839.99999999997;0;147456
1690730250;0;24575.999999999996;0;0
1690730251;0;180223.99999999997;0;0
1690730252;0;24575.999999999996;0;0
1690730253;0;24575.999999999996;0;184320
1690730254;0;151551.99999999997;0;270336
1690730255;0;45055.99999999999;0;0
1690730256;0;24575.999999999996;0;0
1690730257;0;49151.99999999999;16384;131072
1690730258;0;32767.999999999996;0;0
1690730259;0;90111.99999999999;0;163840
1690730260;0;81919.99999999999;0;0
1690730261;0;24575.999999999996;0;0
1690730262;0;24575.999999999996;0;0
1690730263;0;86015.99999999999;0;0
1690730264;0;65535.99999999999;0;0
1690730265;0;53247.99999999999;0;0
1690730266;0;81919.99999999999;0;0
1690730267;0;114687.99999999999;0;0
1690730268;0;45055.99999999999;20480;0
1690730269;0;98303.99999999999;0;20480
1690730270;0;49151.99999999999;0;0
1690730271;0;24575.999999999996;0;0
1690730272;0;24575.999999999996;139264;0
1690730273;0;24575.999999999996;16384;0
1690730274;0;258047.99999999997;0;0
1690730275;0;49151.99999999999;0;0
1690730276;0;28671.999999999996;0;0
1690730277;0;36863.99999999999;0;0
1690730278;0;28671.999999999996;0;999424
1690730279;0;110591.99999999999;0;0
1690730280;0;81919.99999999999;0;0
1690730281;0;24575.999999999996;0;0
1690730282;0;24575.999999999996;0;0
1690730283;0;24575.999999999996;0;0
1690730284;0;45055.99999999999;0;28672
1690730285;0;81919.99999999999;0;0
1690730286;0;69631.99999999999;0;0
1690730287;0;0;0;0
1690730288;0;73727.99999999999;0;0
1690730289;0;40959.99999999999;0;0
1690730290;0;102399.99999999999;0;0
1690730291;0;0;0;0
1690730292;0;69631.99999999999;0;20480
1690730293;0;0;0;0
1690730294;0;69631.99999999999;0;0
1690730295;0;77823.99999999999;0;0
1690730296;0;81919.99999999999;0;0
1690730297;0;0;0;0
1690730298;0;90111.99999999999;0;0
1690730299;0;24575.999999999996;0;0
1690730300;0;122879.99999999999;0;0
1690730301;0;0;0;0
1690730302;0;49151.99999999999;0;12288
1690730303;0;0;0;0
1690730304;0;69631.99999999999;8192;0
1690730305;0;98303.99999999999;0;0
1690730306;0;77823.99999999999;0;0
1690730307;0;0;0;0
1690730308;0;86015.99999999999;0;0
1690730309;0;24575.999999999996;0;188416
1690730310;0;155647.99999999997;0;0
1690730311;0;0;0;0
1690730312;0;53247.99999999999;0;0
1690730313;0;0;0;0
1690730314;0;98303.99999999999;0;0
1690730315;0;196607.99999999997;0;0
1690730316;0;73727.99999999999;20480;0
1690730317;0;0;0;0
1690730318;0;94207.99999999999;0;0
1690730319;0;24575.999999999996;0;151552
1690730320;0;73727.99999999999;0;0
1690730321;0;45055.99999999999;0;0
1690730322;0;53247.99999999999;0;0
1690730323;0;24575.999999999996;0;0
1690730324;0;102399.99999999999;0;0
1690730325;0;24575.999999999996;0;4096
1690730326;0;73727.99999999999;0;0
1690730327;0;0;0;0
1690730328;0;81919.99999999999;0;0
1690730329;0;24575.999999999996;0;0
1690730330;0;86015.99999999999;0;0
1690730331;0;57343.99999999999;0;0
1690730332;0;28671.999999999996;0;0
1690730333;0;20479.999999999996;0;0
1690730334;0;49151.99999999999;0;0
1690730335;0;65535.99999999999;0;0
1690730336;0;77823.99999999999;0;0
1690730337;0;24575.999999999996;0;0
1690730338;0;73727.99999999999;0;0
1690730339;0;28671.999999999996;0;0
1690730340;0;69631.99999999999;0;0
1690730341;0;69631.99999999999;163840;0
1690730342;0;28671.999999999996;0;0
1690730343;0;20479.999999999996;0;0
1690730344;0;40959.99999999999;0;0
1690730345;0;81919.99999999999;0;0
1690730346;0;28671.999999999996;12288;0
1690730347;0;53247.99999999999;4096;0
1690730348;0;24575.999999999996;0;0
1690730349;0;90111.99999999999;0;0
1690730350;0;53247.99999999999;0;4096
1690730351;0;110591.99999999999;0;0
1690730352;0;24575.999999999996;0;0
1690730353;0;24575.999999999996;0;0
1690730354;0;40959.99999999999;0;0
1690730355;0;73727.99999999999;0;20480
1690730356;0;221183.99999999997;0;0
1690730357;0;73727.99999999999;0;0
1690730358;0;32767.999999999996;0;0
1690730359;0;53247.99999999999;0;0
1690730360;0;24575.999999999996;0;0
1690730361;0;114687.99999999999;0;20480
1690730362;0;24575.999999999996;0;0
1690730363;0;24575.999999999996;0;0
1690730364;0;40959.99999999999;0;0
1690730365;0;45055.99999999999;0;0
1690730366;0;28671.999999999996;0;0
1690730367;0;98303.99999999999;12288;0
1690730368;0;61439.99999999999;0;0
1690730369;0;57343.99999999999;0;0
1690730370;0;24575.999999999996;0;0
1690730371;0;98303.99999999999;0;0
1690730372;0;24575.999999999996;0;0
1690730373;0;24575.999999999996;0;0
1690730374;0;;0;0
