Time;{instance="10.231.0.208:9100"};{instance="192.168.221.10:9100"};{instance="192.168.221.11:9100"};{instance="192.168.221.12:9100"}
1690729431;616;17101.999999999996;610;14945
1690729432;3070;25132.999999999996;558;46066
1690729433;89651927;93865.99999999999;610;34896588
1690729434;108778105;33360.99999999999;558;110591875
1690729435;116650132;92452.99999999999;610;118477825
1690729436;114986629;34823.99999999999;558;117514358
1690729437;118112335;54651.99999999999;5918;113244037
1690729438;116910616;90697.99999999999;744;117372432
1690729439;115763714;24640.999999999996;610;115080790
1690729440;118915852;101563.99999999999;558;117531024
1690729441;108219794;15403.999999999998;610;115937958
1690729442;116217812;58340.99999999999;558;110526340
1690729443;118352106;57424.99999999999;610;117841986
1690729444;117569154;38053.99999999999;927;115968728
1690729445;116869190;62450.99999999999;793;116941710
1690729446;114759272;86662.99999999999;1359;116972734
1690729447;117517142;29578.999999999996;5288;116433920
1690729448;113979424;65496.99999999999;1329;115878234
1690729449;107171200;39074.99999999999;610;104291508
1690729450;118930026;14387.999999999998;558;116515954
1690729451;116176930;23613.999999999996;610;120012388
1690729452;118571356;11971.999999999998;558;116461050
1690729453;116262840;20143.999999999996;610;116578066
1690729454;116464224;15498.999999999998;558;116817600
1690729455;119337660;57404.99999999999;6413;118445532
1690729456;116732462;17522.999999999996;558;115685208
1690729457;114175196;10445.999999999998;5146;116656246
1690729458;119580154;37890.99999999999;1452;116391940
1690729459;116516888;25379.999999999996;610;116778442
1690729460;118376470;26345.999999999996;558;117898192
1690729461;116287676;21199.999999999996;610;116022064
1690729462;117059158;10605.999999999998;558;118015650
1690729463;119330408;30295.999999999996;610;117296364
1690729464;116830856;9391.999999999998;558;119085928
1690729465;117463128;33293.99999999999;610;114589274
1690729466;116616728;16956.999999999996;558;114348094
1690729467;117056596;24308.999999999996;799;117929296
1690729468;118166890;23283.999999999996;5991;117937876
1690729469;116812770;8174.999999999999;796;116534588
1690729470;117200326;33959.99999999999;810;115190898
1690729471;112564728;13765.999999999998;1651;115498326
1690729472;115279764;37657.99999999999;876;114964688
1690729473;115106172;23560.999999999996;610;115811668
1690729474;116379110;36799.99999999999;558;115578494
1690729475;118611904;21900.999999999996;610;117727510
1690729476;116841384;43355.99999999999;558;118200008
1690729477;117236502;29186.999999999996;1650;115792402
1690729478;116830278;29578.999999999996;6001;115381444
1690729479;119028532;15860.999999999998;610;119267434
1690729480;116477718;31546.999999999996;558;116895720
1690729481;117349938;23924.999999999996;610;115465588
1690729482;116352344;24826.999999999996;558;117605824
1690729483;117319654;15888.999999999998;610;116042300
1690729484;117048440;19188.999999999996;558;118366448
1690729485;120804704;20299.999999999996;715;117686782
1690729486;115609768;35610.99999999999;558;118645188
1690729487;119402590;14855.999999999998;610;117552830
1690729488;115747752;32508.999999999996;5792;116132358
1690729489;116750264;26234.999999999996;676;116637576
1690729490;117933762;30319.999999999996;1287;117623220
1690729491;115276014;18106.999999999996;610;115743224
1690729492;117792382;23130.999999999996;558;118898462
1690729493;117127606;17516.999999999996;610;114955730
1690729494;115977040;22985.999999999996;558;116614278
1690729495;116474388;12064.999999999998;610;116789090
1690729496;119113840;17250.999999999996;558;118735446
1690729497;116877358;35803.99999999999;610;117377834
1690729498;118020864;24340.999999999996;5096;117146618
1690729499;116642080;18357.999999999996;610;115002282
1690729500;118371260;30553.999999999996;1419;118929014
1690729501;116138258;23572.999999999996;610;116185202
1690729502;118724080;26492.999999999996;558;116614100
1690729503;113916314;17788.999999999996;610;116020108
1690729504;117591364;47269.99999999999;1110;118207842
1690729505;118076276;20657.999999999996;813;116769504
1690729506;116422376;44164.99999999999;558;116604946
1690729507;117532868;23003.999999999996;1274;115859390
1690729508;117546568;20772.999999999996;5435;117948100
1690729509;120917412;25602.999999999996;610;117971270
1690729510;116698078;12981.999999999998;558;118741144
1690729511;117426088;31131.999999999996;742;117976132
1690729512;115762402;4727.999999999999;1286;118371034
1690729513;118424980;34806.99999999999;610;115277806
1690729514;118227124;11355.999999999998;558;118117586
1690729515;118636718;30289.999999999996;610;118461850
1690729516;115643348;11830.999999999998;558;115548018
1690729517;119147668;25928.999999999996;610;118379790
1690729518;115673170;24248.999999999996;5371;117147556
1690729519;118510408;31212.999999999996;610;117563330
1690729520;118188486;12246.999999999998;558;119320032
1690729521;118798960;27500.999999999996;610;115459536
1690729522;115993080;22338.999999999996;1555;119271650
1690729523;118689878;14479.999999999998;813;116708494
1690729524;116123066;22134.999999999996;558;116473576
1690729525;118149028;23836.999999999996;928;118628596
1690729526;116428986;15779.999999999998;558;117051434
1690729527;117823018;24744.999999999996;799;117439678
1690729528;118664154;26579.999999999996;558;118007649
1690729529;115538624;24756.999999999996;5081;112992074
1690729530;117875875;19779.999999999996;558;119415004
1690729531;116945028;23854.999999999996;796;116751747
1690729532;89110832;25584.999999999996;558;101575274
1690729533;78417593;18543.999999999996;1404;83807549
1690729534;68407428;54820.99999999999;558;71445245
1690729535;94736116;20019.999999999996;610;76855396
1690729536;113618260;49913.99999999999;558;112419360
1690729537;111101002;9386.999999999998;610;113446532
1690729538;112559390;37639.99999999999;558;109370654
1690729539;108146146;17037.999999999996;5149;111819522
1690729540;113002136;14713.999999999998;558;109783438
1690729541;108215208;30953.999999999996;610;114836008
1690729542;115718410;14836.999999999998;558;108845754
1690729543;113873274;24407.999999999996;1547;115873000
1690729544;119461988;22906.999999999996;558;113237674
1690729545;110781514;26208.999999999996;610;114951544
1690729546;99359254;23527.999999999996;558;114918814
1690729547;369034;27113.999999999996;610;36107570
1690729548;49803518;38214.99999999999;1051;1929758
1690729549;115406652;15074.999999999998;5148;109238534
1690729550;118610474;20601.999999999996;558;175037656
1690729551;116885978;16662.999999999996;610;60925026
1690729552;117395850;25202.999999999996;558;118102474
1690729553;85149908;21124.999999999996;742;117244142
1690729554;87122126;22510.999999999996;2179;54526992
1690729555;112509854;20553.999999999996;610;116930294
1690729556;109650296;20291.999999999996;558;107048510
1690729557;101485360;26867.999999999996;610;115305666
1690729558;103115468;34087.99999999999;558;89632416
1690729559;117413290;24349.999999999996;5147;115081714
1690729560;116212390;18398.999999999996;558;116674244
1690729561;114338676;21524.999999999996;781;116241828
1690729562;79319194;13546.999999999998;624;114282972
1690729563;1420;33056.99999999999;1513;16080586
1690729564;88508860;39288.99999999999;1515;33220836
1690729565;69961396;17526.999999999996;1179;97415500
1690729566;58593476;46036.99999999999;558;58163352
1690729567;71617578;24916.999999999996;1098;66274646
1690729568;74769112;33098.99999999999;766;69009338
1690729569;72381134;22524.999999999996;5080;83361816
1690729570;64246720;9751.999999999998;558;61943056
1690729571;68517564;17698.999999999996;610;66303268
1690729572;77947582;25512.999999999996;558;74483940
1690729573;87419676;25413.999999999996;610;81400072
1690729574;94792764;20573.999999999996;1351;91128436
1690729575;91016604;27917.999999999996;610;96392028
1690729576;101359556;18467.999999999996;558;98535284
1690729577;96552884;24030.999999999996;610;96524586
1690729578;49506312;25058.999999999996;663;70472992
1690729579;103489710;39479.99999999999;5147;83471090
1690729580;94625020;16250.999999999998;558;92828532
1690729581;105083844;19441.999999999996;610;99781938
1690729582;92294610;23553.999999999996;558;104026724
1690729583;17960096;18232.999999999996;610;55117970
1690729584;40291536;24498.999999999996;1611;2328778
1690729585;111002430;26134.999999999996;610;100574036
1690729586;113091624;14276.999999999998;558;110090326
1690729587;113367502;26000.999999999996;799;112946302
1690729588;118356320;17521.999999999996;558;113557920
1690729589;110981156;44676.99999999999;5081;118196798
1690729590;115648094;13240.999999999998;558;111786608
1690729591;104343024;12375.999999999998;796;114970124
1690729592;61917818;41776.99999999999;558;59491962
1690729593;115270806;11606.999999999998;610;108995804
1690729594;117482400;46506.99999999999;1353;116726706
1690729595;116007056;21166.999999999996;610;115834762
1690729596;104168902;52586.99999999999;558;114597676
1690729597;44574546;8974.999999999998;610;75477300
1690729598;1282178;31140.999999999996;558;12100252
1690729599;67918628;29433.999999999996;610;22094982
1690729600;114449404;17258.999999999996;5096;109365752
1690729601;98520490;18229.999999999996;610;106274374
1690729602;80810512;19566.999999999996;558;91397218
1690729603;38391842;24004.999999999996;610;60535382
1690729604;70713172;16263.999999999998;558;46239430
1690729605;54599520;28693.999999999996;1405;70099306
1690729606;41191590;26368.999999999996;558;44403438
1690729607;35988476;10869.999999999998;610;32239838
1690729608;20321936;23726.999999999996;1051;40605092
1690729609;676;44725.99999999999;610;6391
1690729610;616;16628.999999999996;5096;1117
1690729611;616;25818.999999999996;610;1707
1690729612;29003648;15375.999999999998;558;8375788
1690729613;45308988;24308.999999999996;610;46808692
1690729614;49106708;11867.999999999998;747;46762638
1690729615;51815920;30638.999999999996;1598;50214202
1690729616;53432886;22408.999999999996;558;53477778
1690729617;59247582;17311.999999999996;864;52856804
1690729618;61625262;27596.999999999996;558;63706336
1690729619;50040214;37023.99999999999;610;54000688
1690729620;57674652;22550.999999999996;5096;56352572
1690729621;71384582;17479.999999999996;610;63684830
1690729622;64634850;21044.999999999996;558;67460402
1690729623;66596904;18594.999999999996;610;67566480
1690729624;22524292;36866.99999999999;1110;46215818
1690729625;13686638;27128.999999999996;1773;17916072
1690729626;54341288;54719.99999999999;558;24029032
1690729627;63505170;16451.999999999996;1186;66616990
1690729628;68588608;27887.999999999996;558;64624356
1690729629;63725914;19664.999999999996;1925;66606540
1690729630;45028618;20284.999999999996;5359;65240108
1690729631;31110790;66538.99999999999;19859;24446036
1690729632;59376922;22638.999999999996;558;42410626
1690729633;51488524;16200.999999999998;610;69778810
1690729634;616;18213.999999999996;558;15123724
1690729635;1112;25628.999999999996;610;879
1690729636;556;23621.999999999996;1418;624
1690729637;556;16786.999999999996;610;676
1690729638;1178;34143.99999999999;558;624
1690729639;556;16563.999999999996;610;781
1690729640;616;26694.999999999996;558;5042
1690729641;556;23066.999999999996;5213;859
1690729642;616;25562.999999999996;558;1837
1690729643;490;20061.999999999996;610;676
1690729644;616;25179.999999999996;558;624
1690729645;556;19574.999999999996;813;676
1690729646;745;24802.999999999996;1417;624
1690729647;745;17978.999999999996;610;676
1690729648;556;30297.999999999996;624;558
1690729649;556;29832.999999999996;1517;676
1690729650;826;10289.999999999998;558;5043
1690729651;616;33521.99999999999;5372;676
1690729652;556;17829.999999999996;558;756
1690729653;616;84580.99999999999;7927;1407
1690729654;556;41673.99999999999;558;7941
1690729655;13530;29997.999999999996;610;1968
1690729656;104679074;60638.99999999999;1353;52023901
1690729657;87029394;11210.999999999998;610;101207614
1690729658;94219744;25730.999999999996;558;96721322
1690729659;79411866;31552.999999999996;610;80582204
1690729660;80304252;17659.999999999996;558;77855932
1690729661;88945134;23413.999999999996;610;85212990
1690729662;89062866;27213.999999999996;5095;94648550
1690729663;81590302;23322.999999999996;610;80232894
1690729664;94169016;22753.999999999996;558;91733070
1690729665;95970010;23304.999999999996;610;92845500
1690729666;92686554;25821.999999999996;1353;93620046
1690729667;99462132;15882.999999999998;610;97661238
1690729668;94672668;40694.99999999999;1217;96504768
1690729669;97016294;21462.999999999996;610;98726456
1690729670;99841834;13075.999999999998;1028;96149024
1690729671;103702548;47717.99999999999;793;106305560
1690729672;107550260;25510.999999999996;11171;103039156
1690729673;82444962;9463.999999999998;839;98780170
1690729674;56701334;32798.99999999999;558;51343744
1690729675;103249320;16126.999999999998;610;90892296
1690729676;154543994;23184.999999999996;558;106741840
1690729677;55763098;19198.999999999996;1593;104521402
1690729678;70115188;19386.999999999996;558;98172462
1690729679;47963851;39210.99999999999;610;40965972
1690729680;80581766;16098.999999999998;558;71427165
1690729681;25283706;18323.999999999996;610;60626600
1690729682;616;23879.999999999996;5151;5384
1690729683;616;10407.999999999998;610;808
1690729684;556;56172.99999999999;927;1352
1690729685;832;20664.999999999996;813;676
1690729686;676;58382.99999999999;558;624
1690729687;616;15760.999999999998;1404;676
1690729688;556;44920.99999999999;1198;1674
1690729689;616;17716.999999999996;610;676
1690729690;616;19504.999999999996;558;624
1690729691;556;14781.999999999998;610;676
1690729692;616;17416.999999999996;558;624
1690729693;556;25044.999999999996;5147;5622
1690729694;550;25891.999999999996;558;1267
1690729695;706;20132.999999999996;610;1814
1690729696;616;20215.999999999996;558;624
1690729697;676;16978.999999999996;1506;676
1690729698;1118;19686.999999999996;558;624
1690729699;556;38941.99999999999;610;676
1690729700;616;12124.999999999998;558;624
1690729701;550;19289.999999999996;610;676
1690729702;556;17578.999999999996;729;861
1690729703;616;14271.999999999998;5147;5527
1690729704;490;33842.99999999999;558;624
1690729705;616;16984.999999999996;813;1470
1690729706;616;27715.999999999996;558;624
1690729707;556;14307.999999999998;610;676
1690729708;616;41944.99999999999;1352;624
1690729709;772;23004.999999999996;610;676
1690729710;766;22553.999999999996;558;624
1690729711;892;11479.999999999998;610;676
1690729712;556;21087.999999999996;910;624
1690729713;616;14068.999999999998;5213;5371
1690729714;616;62761.99999999999;1702;624
1690729715;616;26156.999999999996;610;1474
1690729716;745;45698.99999999999;558;624
1690729717;556;19045.999999999996;610;796
1690729718;616;27675.999999999996;1357;624
1690729719;616;23349.999999999996;610;879
1690729720;556;27873.999999999996;558;624
1690729721;1043;15328.999999999998;610;676
1690729722;616;20173.999999999996;558;624
1690729723;706;7771.999999999999;5147;676
1690729724;556;38055.99999999999;558;5252
1690729725;646;25180.999999999996;610;676
1690729726;676;23999.999999999996;558;1432
1690729727;616;18634.999999999996;610;676
1690729728;1118;49096.99999999999;1846;1843
1690729729;616;18947.999999999996;610;865
1690729730;556;17216.999999999996;558;1117
1690729731;556;29154.999999999996;776;842
1690729732;616;13833.999999999998;807;624
1690729733;556;21378.999999999996;1635;879
1690729734;616;14513.999999999998;5161;5903
1690729735;556;30258.999999999996;610;676
1690729736;616;20251.999999999996;558;756
1690729737;556;15543.999999999998;610;1572
1690729738;616;30997.999999999996;1608;624
1690729739;616;24545.999999999996;610;676
1690729740;556;23114.999999999996;558;624
1690729741;706;24575.999999999996;610;676
1690729742;616;15608.999999999998;558;624
1690729743;616;16327.999999999998;610;676
1690729744;556;48008.99999999999;5344;5384
1690729745;556;26730.999999999996;999;676
1690729746;676;48905.99999999999;558;624
1690729747;556;23032.999999999996;610;808
1690729748;616;42126.99999999999;1958;1352
1690729749;556;16749.999999999996;610;676
1690729750;616;22572.999999999996;558;624
1690729751;556;18995.999999999996;610;676
1690729752;616;21526.999999999996;558;942
1690729753;556;16297.999999999998;610;676
1690729754;616;20633.999999999996;5227;1034
1690729755;556;28422.999999999996;610;5604
1690729756;766;22371.999999999996;558;624
1690729757;556;26361.999999999996;610;676
1690729758;1178;21490.999999999996;729;1484
1690729759;556;34291.99999999999;1512;781
1690729760;616;12842.999999999998;558;795
1690729761;556;23540.999999999996;610;676
1690729762;616;25558.999999999996;558;624
1690729763;616;13682.999999999998;610;859
1690729764;556;21483.999999999996;5161;624
1690729765;616;20075.999999999996;813;5370
1690729766;556;35659.99999999999;558;624
1690729767;616;10207.999999999998;776;676
1690729768;556;21616.999999999996;558;756
1690729769;685;24960.999999999996;928;808
1690729770;745;34069.99999999999;1286;1351
1690729771;766;12598.999999999998;610;1693
1690729772;556;34754.99999999999;558;624
1690729773;556;22498.999999999996;796;676
1690729774;616;41181.99999999999;724;624
1690729775;616;33001.99999999999;5148;5427
1690729776;616;50795.99999999999;558;624
1690729777;556;14602.999999999998;610;862
1690729778;616;18668.999999999996;558;624
1690729779;616;21431.999999999996;610;879
1690729780;556;38426.99999999999;1454;1519
1690729781;1043;9444.999999999998;610;676
1690729782;616;22376.999999999996;558;624
1690729783;616;18563.999999999996;884;676
1690729784;556;17677.999999999996;1740;624
1690729785;556;34242.99999999999;5138;676
1690729786;766;21032.999999999996;558;5253
1690729787;490;23610.999999999996;610;859
1690729788;1178;20238.999999999996;1051;624
1690729789;556;33337.99999999999;610;676
1690729790;616;24318.999999999996;624;1477
1690729791;675;17310.999999999996;1505;1474
1690729792;616;19437.999999999996;558;624
1690729793;556;19360.999999999996;793;676
1690729794;616;24050.999999999996;558;624
1690729795;616;26428.999999999996;5148;879
1690729796;556;33395.99999999999;741;5253
1690729797;490;18901.999999999996;793;842
1690729798;616;34050.99999999999;747;624
1690729799;556;22129.999999999996;863;1816
1690729800;616;17864.999999999996;558;877
1690729801;766;28295.999999999996;1404;1469
1690729802;556;14312.999999999998;558;624
1690729803;556;17717.999999999996;610;676
1690729804;616;36124.99999999999;744;624
1690729805;556;29627.999999999996;813;676
1690729806;676;63166.99999999999;5095;5252
1690729807;616;15667.999999999998;610;676
1690729808;556;23094.999999999996;724;624
1690729809;556;27871.999999999996;610;676
1690729810;616;30955.999999999996;558;624
1690729811;616;18205.999999999996;2381;676
1690729812;556;18023.999999999996;624;1604
1690729813;556;15040.999999999998;610;676
1690729814;616;12195.999999999998;558;956
1690729815;556;35115.99999999999;610;676
1690729816;766;25898.999999999996;5161;5461
1690729817;556;25384.999999999996;610;676
1690729818;1178;20644.999999999996;729;624
1690729819;556;14912.999999999998;610;676
1690729820;616;28971.999999999996;558;834
1690729821;616;11853.999999999998;610;676
1690729822;556;22249.999999999996;1418;690
1690729823;556;18302.999999999996;610;1587
1690729824;616;9103.999999999998;558;624
1690729825;1098;39121.99999999999;813;676
1690729826;33647308;21860.999999999996;5161;165559
1690729827;117448220;34420.99999999999;610;98550136
1690729828;120493278;22204.999999999996;558;117262646
1690729829;112564024;20583.999999999996;776;116394450
1690729830;115437920;21298.999999999996;558;114791644
1690729831;98459716;11568.999999999998;610;109519366
1690729832;98640144;21099.999999999996;876;96032324
1690729833;104333284;22434.999999999996;1337;100537158
1690729834;109963020;34510.99999999999;724;106693666
1690729835;109271906;8918.999999999998;610;111855506
1690729836;115120054;72030.99999999999;5364;113075754
1690729837;113865012;20900.999999999996;905;110771214
1690729838;111377508;23300.999999999996;558;110384488
1690729839;110969122;23046.999999999996;610;115171768
1690729840;114632870;21146.999999999996;558;113398922
1690729841;116221776;26648.999999999996;610;113359958
1690729842;115985656;12962.999999999998;558;115281878
1690729843;114061556;39864.99999999999;1470;116526554
1690729844;107601704;10655.999999999998;1869;112109412
1690729845;107133412;26498.999999999996;610;102727788
1690729846;110531116;21816.999999999996;558;111367298
1690729847;103119160;46002.99999999999;5147;113039086
1690729848;64802572;23475.999999999996;7268;85528576
1690729849;264542;36697.99999999999;610;20168254
1690729850;69576558;19973.999999999996;558;20859402
1690729851;118158676;22481.999999999996;776;114658224
1690729852;114103878;15680.999999999998;558;115750308
1690729853;110535854;11708.999999999998;859;115514124
1690729854;45338312;27176.999999999996;1325;86778008
1690729855;45136674;18108.999999999996;610;4502524
1690729856;117484384;21590.999999999996;558;108872152
1690729857;108508050;28351.999999999996;5337;114659614
1690729858;87172128;20171.999999999996;907;105193234
1690729859;5658722;42392.99999999999;610;35470714
1690729860;74277878;9586.999999999998;810;24884932
1690729861;82822306;18731.999999999996;610;100072163
1690729862;676;27837.999999999996;558;32140061
1690729863;676;7060.999999999999;610;676
1690729864;616;45309.99999999999;725;1417
1690729865;616;10429.999999999998;1524;884
1690729866;676;61696.99999999999;558;624
1690729867;676;14935.999999999998;5147;1136
1690729868;616;34820.99999999999;558;790
1690729869;616;8623.999999999998;610;5735
1690729870;676;36146.99999999999;558;624
1690729871;676;35042.99999999999;610;676
1690729872;44175387;17189.999999999996;558;13077819
1690729873;82551836;26332.999999999996;610;75069601
1690729874;98276912;13165.999999999998;558;91234938
1690729875;108023936;32730.999999999996;676;99322798
1690729876;73099260;13909.999999999998;1286;98075210
1690729877;74502860;19709.999999999996;5147;66916454
1690729878;78590946;69546.99999999999;729;78722904
1690729879;77160566;30568.999999999996;7034;77556904
1690729880;86863002;34170.99999999999;558;84783336
1690729881;85551238;18532.999999999996;610;85686428
1690729882;94460060;16269.999999999998;558;89247340
1690729883;92814736;14603.999999999998;610;95311390
1690729884;92221590;24705.999999999996;558;94659010
1690729885;99211184;15398.999999999998;813;94111736
1690729886;103583602;23770.999999999996;1356;102376934
1690729887;100277930;23697.999999999996;6149;102712052
1690729888;104306796;28886.999999999996;558;102936638
1690729889;107373730;12544.999999999998;776;103908276
1690729890;91306618;36197.99999999999;558;106402788
1690729891;63773414;17087.999999999996;610;66195720
1690729892;105929428;14385.999999999998;558;85455392
1690729893;102006859;21927.999999999996;796;105230593
1690729894;104782554;45608.99999999999;724;103952888
1690729895;104296326;27217.999999999996;610;104335662
1690729896;92042237;50212.99999999999;1352;110779635
1690729897;616;30408.999999999996;813;30519366
1690729898;676;28366.999999999996;5095;624
1690729899;616;35259.99999999999;610;832
1690729900;676;9161.999999999998;558;5666
1690729901;1043;34178.99999999999;610;676
1690729902;892;13809.999999999998;558;624
1690729903;676;17448.999999999996;610;742
1690729904;616;22240.999999999996;766;1543
1690729905;556;16801.999999999996;610;742
1690729906;766;30413.999999999996;744;1355
1690729907;616;11902.999999999998;1590;676
1690729908;556;35074.99999999999;5588;807
1690729909;1434;25798.999999999996;874;847
1690729910;8959330;16139.999999999998;558;5799
1690729911;83628694;29511.999999999996;776;51178420
1690729912;84211894;17111.999999999996;741;90841400
1690729913;84094112;27547.999999999996;610;81219584
1690729914;86724062;9941.999999999998;558;84946210
1690729915;86039544;27413.999999999996;610;86665624
1690729916;85338292;27590.999999999996;558;84414892
1690729917;92816100;18637.999999999996;2620;91739954
1690729918;90858500;32671.999999999996;5343;91975552
1690729919;93436866;21572.999999999996;610;91190991
1690729920;113009472;25045.999999999996;724;104577952
1690729921;115985492;17629.999999999996;610;114083190
1690729922;116504238;28525.999999999996;558;115991114
1690729923;112988894;12058.999999999998;610;113659896
1690729924;109889884;50086.99999999999;558;112871200
1690729925;106531503;14265.999999999998;610;112534684
1690729926;73928710;55953.99999999999;558;77815265
1690729927;98321920;15049.999999999998;1474;95987406
1690729928;65008748;40890.99999999999;558;86717644
1690729929;82599402;18897.999999999996;5213;50813834
1690729930;109389648;26002.999999999996;1051;112785706
1690729931;86678882;23026.999999999996;1103;89220364
1690729932;115577318;37165.99999999999;877;109817016
1690729933;98962630;11923.999999999998;610;109133800
1690729934;109544676;26989.999999999996;558;100556846
1690729935;106820964;14905.999999999998;610;109535070
1690729936;113562102;34136.99999999999;558;109578732
1690729937;111051552;16287.999999999998;1470;113435184
1690729938;114463884;36346.99999999999;558;115702364
1690729939;92088645;59211.99999999999;24827;103229609
1690729940;84236518;23404.999999999996;558;85008272
1690729941;82643402;12746.999999999998;610;89742430
1690729942;35022266;33947.99999999999;558;53120486
1690729943;35748538;14487.999999999998;610;30184414
1690729944;59556896;30607.999999999996;558;43069784
1690729945;90637188;16728.999999999996;813;86624796
1690729946;92499690;30731.999999999996;558;88982062
1690729947;73442839;14780.999999999998;610;92106982
1690729948;550;41916.99999999999;1352;23532937
1690729949;556;15428.999999999998;5147;676
1690729950;616;24650.999999999996;724;624
1690729951;16758322;12959.999999999998;610;5728
1690729952;74158610;46554.99999999999;558;59637156
1690729953;72078098;15028.999999999998;796;70120520
1690729954;72049514;49509.99999999999;724;72830426
1690729955;71049536;17578.999999999996;610;73712002
1690729956;73124074;55418.99999999999;558;71425896
1690729957;92792370;14575.999999999998;1908;83365084
1690729958;91708768;46024.99999999999;1457;91469708
1690729959;59413936;11003.999999999998;5279;83154624
1690729960;66834082;87337.99999999999;7941;43670944
1690729961;84407146;12672.999999999998;610;88699698
1690729962;73530476;19528.999999999996;558;85270844
1690729963;52666692;26554.999999999996;610;39201742
1690729964;88372696;10080.999999999998;558;85033440
1690729965;73768608;29587.999999999996;818;96294554
1690729966;71431677;20978.999999999996;558;66434472
1690729967;616;25953.999999999996;610;24581613
1690729968;1118;31139.999999999996;1417;1417
1690729969;766;24317.999999999996;796;1048
1690729970;616;18229.999999999996;5095;624
1690729971;616;24379.999999999996;776;5596
1690729972;490;16217.999999999998;558;624
1690729973;490;27393.999999999996;793;676
1690729974;796;16367.999999999998;558;827
1690729975;616;32052.999999999996;610;676
1690729976;556;18212.999999999996;558;624
1690729977;556;30580.999999999996;799;1823
1690729978;616;34802.99999999999;1352;1395
1690729979;616;24951.999999999996;793;676
1690729980;556;18277.999999999996;5029;624
1690729981;766;30316.999999999996;776;5760
1690729982;556;15666.999999999998;558;624
1690729983;490;28003.999999999996;610;676
1690729984;616;32980.99999999999;558;624
1690729985;556;30415.999999999996;610;676
1690729986;676;40443.99999999999;558;624
1690729987;556;23807.999999999996;610;676
1690729988;616;28593.999999999996;1352;1757
1690729989;556;32252.999999999996;610;676
1690729990;616;17671.999999999996;5265;961
1690729991;556;24377.999999999996;610;676
1690729992;616;13176.999999999998;1051;5702
1690729993;745;33719.99999999999;610;676
1690729994;556;9447.999999999998;558;624
1690729995;556;28852.999999999996;610;1169
1690729996;1042;13264.999999999998;558;624
1690729997;616;28158.999999999996;610;676
1690729998;1118;30203.999999999996;558;1585
1690729999;616;36183.99999999999;1463;781
1690730000;556;14918.999999999998;1516;624
1690730001;556;25084.999999999996;5146;676
1690730002;616;15045.999999999998;558;5610
1690730003;616;35888.99999999999;610;793
1690730004;556;10764.999999999998;558;624
1690730005;745;29955.999999999996;813;676
1690730006;556;16830.999999999996;558;624
1690730007;616;32005.999999999996;610;1771
1690730008;556;26573.999999999996;558;810
1690730009;616;31199.999999999996;1571;1592
1690730010;556;9769.999999999998;558;624
1690730011;706;30336.999999999996;5146;676
1690730012;616;11188.999999999998;558;5742
1690730013;556;33079.99999999999;796;676
1690730014;616;39738.99999999999;724;807
1690730015;556;25880.999999999996;610;964
1690730016;676;19899.999999999996;558;624
1690730017;556;50732.99999999999;813;1028
1690730018;616;30476.999999999996;558;624
1690730019;556;34537.99999999999;1506;1677
1690730020;616;10542.999999999998;558;624
1690730021;1162;28913.999999999996;5147;676
1690730022;616;10840.999999999998;729;624
1690730023;556;39171.99999999999;610;5662
1690730024;616;16710.999999999996;558;624
1690730025;556;26406.999999999996;818;781
1690730026;766;12679.999999999998;558;624
1690730027;556;28637.999999999996;610;676
1690730028;1178;21319.999999999996;558;624
1690730029;556;40429.99999999999;1405;865
1690730030;616;9603.999999999998;744;1423
1690730031;556;29505.999999999996;610;676
1690730032;616;9379.999999999998;5261;624
1690730033;616;24026.999999999996;793;5663
1690730034;556;24573.999999999996;558;624
1690730035;616;16729.999999999996;610;879
1690730036;556;27311.999999999996;558;624
1690730037;616;14706.999999999998;610;842
1690730038;556;40965.99999999999;930;624
1690730039;556;13933.999999999998;610;676
1690730040;616;28927.999999999996;1523;1585
1690730041;706;8631.999999999998;610;676
1690730042;616;30159.999999999996;5095;624
1690730043;556;13163.999999999998;610;5728
1690730044;616;58012.99999999999;558;624
1690730045;616;23331.999999999996;610;676
1690730046;616;53530.99999999999;558;624
1690730047;556;14081.999999999998;1645;1869
1690730048;616;36968.99999999999;558;624
1690730049;556;19546.999999999996;610;676
1690730050;616;31456.999999999996;1418;1597
1690730051;556;9193.999999999998;610;676
1690730052;616;32834.99999999999;5653;624
1690730053;556;9096.999999999998;610;5596
1690730054;616;41377.99999999999;558;624
1690730055;616;21053.999999999996;610;1169
1690730056;706;34638.99999999999;761;624
1690730057;616;7746.999999999999;813;676
1690730058;1118;38922.99999999999;558;624
1690730059;556;13019.999999999998;928;781
1690730060;616;32128.999999999996;1418;1417
1690730061;616;17931.999999999996;610;676
1690730062;556;29096.999999999996;5029;807
1690730063;616;10875.999999999998;796;5662
1690730064;490;26655.999999999996;744;624
1690730065;556;21585.999999999996;610;676
1690730066;616;26443.999999999996;876;624
1690730067;556;12379.999999999998;610;676
1690730068;616;41327.99999999999;558;1778
1690730069;616;15544.999999999998;776;676
1690730070;556;31614.999999999996;558;624
1690730071;766;10499.999999999998;1405;1470
1690730072;556;31828.999999999996;558;624
1690730073;616;8226.999999999998;5147;676
1690730074;556;52041.99999999999;558;5677
1690730075;556;27103.999999999996;776;676
1690730076;676;27092.999999999996;558;993
1690730077;556;39260.99999999999;813;676
1690730078;616;35137.99999999999;558;790
1690730079;616;25927.999999999996;610;879
1690730080;556;27701.999999999996;558;624
1690730081;1043;11788.999999999998;1469;1572
1690730082;616;32771.99999999999;663;624
1690730083;685;10748.999999999998;5251;676
1690730084;616;26541.999999999996;724;5611
1690730085;556;23699.999999999996;818;781
1690730086;766;30981.999999999996;968;624
1690730087;616;9887.999999999998;1662;676
1690730088;1118;36039.99999999999;558;624
1690730089;556;19214.999999999996;610;676
1690730090;616;26792.999999999996;744;813
1690730091;616;14803.999999999998;1403;1537
1690730092;556;24718.999999999996;741;624
1690730093;556;13430.999999999998;5081;676
1690730094;616;26089.999999999996;558;5703
1690730095;616;31111.999999999996;610;1045
1690730096;556;33445.99999999999;729;943
1690730097;616;9063.999999999998;799;676
1690730098;556;43003.99999999999;558;624
1690730099;556;17744.999999999996;793;676
1690730100;616;30606.999999999996;724;624
1690730101;706;15357.999999999998;610;1703
1690730102;616;13756.999999999998;1509;624
1690730103;685;29877.999999999996;5147;676
1690730104;616;34622.99999999999;558;624
1690730105;616;34030.99999999999;610;5728
1690730106;616;23265.999999999996;558;624
1690730107;556;44652.99999999999;610;676
1690730108;616;22405.999999999996;558;832
1690730109;616;31570.999999999996;610;676
1690730110;556;13539.999999999998;558;624
1690730111;556;31424.999999999996;610;1636
1690730112;616;9808.999999999998;1950;624
1690730113;1966;29063.999999999996;5148;676
1690730114;616;12905.999999999998;558;624
1690730115;556;29812.999999999996;610;6362
1690730116;766;25047.999999999996;558;624
1690730117;556;28306.999999999996;610;676
1690730118;1178;21476.999999999996;761;624
1690730119;616;30617.999999999996;610;676
1690730120;556;17670.999999999996;558;729
1690730121;550;26421.999999999996;610;676
1690730122;556;15185.999999999998;1355;1417
1690730123;616;28026.999999999996;610;859
1690730124;556;14320.999999999998;5095;624
1690730125;685;34472.99999999999;796;6968
1690730126;616;24417.999999999996;558;911
1690730127;616;25396.999999999996;610;676
1690730128;556;26001.999999999996;558;624
1690730129;556;30711.999999999996;776;862
1690730130;616;9703.999999999998;558;624
1690730131;766;29384.999999999996;610;676
1690730132;556;29669.999999999996;1352;1488
1690730133;616;28622.999999999996;610;676
1690730134;556;36710.99999999999;5261;624
1690730135;556;32952.99999999999;610;5978
1690730136;676;30509.999999999996;558;624
1690730137;616;49143.99999999999;1787;862
1690730138;556;24304.999999999996;558;790
1690730139;616;29221.999999999996;610;879
1690730140;556;9668.999999999998;558;624
1690730141;556;30849.999999999996;610;676
1690730142;1103;14140.999999999998;1461;1484
1690730143;556;25010.999999999996;610;676
1690730144;616;17294.999999999996;5096;624
1690730145;556;26977.999999999996;818;5834
1690730146;766;31288.999999999996;724;1598
1690730147;490;27193.999999999996;610;676
1690730148;1238;18570.999999999996;558;558
1690730149;676;35178.99999999999;610;865
1690730150;616;9800.999999999998;558;624
1690730151;616;26202.999999999996;796;676
1690730152;795;16854.999999999996;1352;1434
1690730153;676;16484.999999999996;793;676
1690730154;616;33931.99999999999;6055;624
1690730155;616;19949.999999999996;781;5729
1690730156;676;35070.99999999999;558;624
1690730157;556;17823.999999999996;610;842
1690730158;676;36294.99999999999;930;624
1690730159;610;16689.999999999996;610;676
1690730160;616;24684.999999999996;724;790
1690730161;826;9737.999999999998;610;610
1690730162;616;35676.99999999999;558;624
1690730163;676;10945.999999999998;1403;1571
1690730164;556;53892.99999999999;5095;624
1690730165;676;14892.999999999998;610;676
1690730166;676;36785.99999999999;558;5610
1690730167;676;47638.99999999999;610;5947
1690730168;556;24110.999999999996;558;
1690730169;616;46834.99999999999;610;
1690730170;556;21730.999999999996;558;3030.379746835443
1690730171;616;22584.999999999996;610;2051
1690730172;616;22617.999999999996;1051;1546
1690730173;676;21611.999999999996;1635;1755
1690730174;616;23847.999999999996;5161;624
1690730175;616;58103.99999999999;7743;1274
1690730176;826;21204.999999999996;558;28421
1690730177;616;31269.999999999996;610;676
1690730178;1238;37943.99999999999;927;624
1690730179;556;17120.999999999996;927;676
1690730180;676;15580.999999999998;558;807
1690730181;616;19135.999999999996;610;962
1690730182;676;20629.999999999996;558;624
1690730183;616;24463.999999999996;1610;1474
1690730184;676;17707.999999999996;5161;624
1690730185;616;28985.999999999996;796;676
1690730186;676;18107.999999999996;558;5968
1690730187;616;23474.999999999996;610;879
1690730188;616;33866.99999999999;558;624
1690730189;676;30941.999999999996;776;928
1690730190;616;17205.999999999996;558;1556
1690730191;766;17740.999999999996;610;676
1690730192;616;19814.999999999996;558;624
1690730193;616;23651.999999999996;742;1470
1690730194;556;42663.99999999999;1285;624
1690730195;616;29760.999999999996;5403;676
1690730196;556;20558.999999999996;558;6218
1690730197;676;50548.99999999999;929;908
1690730198;556;41865.99999999999;1853;624
1690730199;616;22750.999999999996;610;879
1690730200;616;20304.999999999996;558;624
1690730201;616;17444.999999999996;610;676
1690730202;1163;15539.999999999998;558;813
1690730203;676;25767.999999999996;610;1725
1690730204;676;13214.999999999998;1352;624
1690730205;676;32965.99999999999;5375;676
1690730206;706;19655.999999999996;932;6372
1690730207;676;33669.99999999999;610;842
1690730208;1178;31596.999999999996;558;943
1690730209;745;27147.999999999996;610;676
1690730210;676;14904.999999999998;558;624
1690730211;616;27860.999999999996;796;1715
1690730212;676;11070.999999999998;741;558
1690730213;676;32666.999999999996;610;676
1690730214;616;11064.999999999998;1352;1418
1690730215;616;36908.99999999999;5148;676
1690730216;616;12446.999999999998;558;624
1690730217;616;24503.999999999996;610;6279
1690730218;610;29235.999999999996;741;624
1690730219;616;38269.99999999999;610;676
1690730220;616;10299.999999999998;558;790
1690730221;766;24063.999999999996;610;676
1690730222;556;9849.999999999998;558;624
1690730223;556;27867.999999999996;610;676
1690730224;616;36170.99999999999;1352;1419
1690730225;745;38623.99999999999;5147;676
1690730226;616;15135.999999999998;558;624
1690730227;556;47743.99999999999;715;6020
1690730228;616;49424.99999999999;558;998
1690730229;550;26665.999999999996;610;928
1690730230;556;16321.999999999998;1543;624
1690730231;616;25690.999999999996;610;676
1690730232;556;9837.999999999998;1051;624
1690730233;616;26974.999999999996;610;862
1690730234;556;16181.999999999998;1352;1417
1690730235;616;30461.999999999996;5313;1169
1690730236;700;20595.999999999996;741;624
1690730237;676;24736.999999999996;610;6086
1690730238;1178;36828.99999999999;1048;3379
1690730239;676;35802.99999999999;610;1939
1690730240;616;16020.999999999998;724;1682
1690730241;616;27915.999999999996;610;1377
1690730242;745;10849.999999999998;558;1868
1690730243;676;21085.999999999996;610;676
1690730244;616;26901.999999999996;558;624
1690730245;616;37974.99999999999;1593;1530
1690730246;676;25351.999999999996;5161;3483
1690730247;616;54870.99999999999;19727;6085
1690730248;676;25062.999999999996;558;8048
1690730249;616;47904.99999999999;776;1496
1690730250;676;18110.999999999996;558;558
1690730251;766;19685.999999999996;610;610
1690730252;616;20069.999999999996;558;558
1690730253;676;16405.999999999996;610;610
1690730254;616;48172.99999999999;558;558
1690730255;616;23555.999999999996;1506;1404
1690730256;616;25222.999999999996;747;741
1690730257;616;43171.99999999999;813;610
1690730258;616;33666.99999999999;5096;6364
1690730259;556;30422.999999999996;610;813
1690730260;616;24222.999999999996;558;810
1690730261;616;16527.999999999996;610;610
1690730262;1162;18772.999999999996;558;558
1690730263;556;20914.999999999996;610;1661
1690730264;616;19745.999999999996;558;747
1690730265;556;28095.999999999996;1679;1572
1690730266;616;89156.99999999999;8041;558
1690730267;700;61805.99999999999;7796;7927
1690730268;1118;34638.99999999999;6179;29968
1690730269;556;29081.999999999996;610;776
1690730270;616;15962.999999999998;558;558
1690730271;556;19872.999999999996;796;610
1690730272;616;16301.999999999998;558;558
1690730273;556;17355.999999999996;610;610
1690730274;616;23687.999999999996;558;558
1690730275;556;26174.999999999996;1638;1404
1690730276;616;30335.999999999996;558;558
1690730277;616;16468.999999999996;876;776
1690730278;556;23399.999999999996;5305;6328
1690730279;556;42559.99999999999;610;610
1690730280;616;26452.999999999996;558;558
1690730281;556;19163.999999999996;610;610
1690730282;766;15721.999999999998;558;558
1690730283;556;18537.999999999996;610;610
1690730284;616;46762.99999999999;558;558
1690730285;616;25565.999999999996;1404;1470
1690730286;556;29812.999999999996;663;1597
1690730287;616;43623.99999999999;610;610
1690730288;616;24985.999999999996;5095;6534
1690730289;796;23538.999999999996;610;610
1690730290;556;35872.99999999999;558;724
1690730291;556;13793.999999999998;610;610
1690730292;616;22388.999999999996;558;558
1690730293;616;9733.999999999998;1103;610
1690730294;556;22474.999999999996;558;1237
1690730295;556;25962.999999999996;776;1508
1690730296;616;35849.99999999999;1355;558
1690730297;766;15565.999999999998;793;610
1690730298;1118;42113.99999999999;5298;558
1690730299;556;10226.999999999998;610;6311
1690730300;616;38458.99999999999;724;558
1690730301;556;11968.999999999998;610;610
1690730302;616;24027.999999999996;558;741
1690730303;616;8544.999999999998;610;610
1690730304;556;24408.999999999996;558;558
1690730305;556;24282.999999999996;796;1404
1690730306;616;35859.99999999999;1352;766
1690730307;556;14246.999999999998;610;1157
1690730308;616;28180.999999999996;5095;558
1690730309;556;22629.999999999996;793;6312
1690730310;616;42904.99999999999;558;744
1690730311;616;13479.999999999998;1876;610
1690730312;706;40011.99999999999;809;558
1690730313;616;9701.999999999998;610;610
1690730314;556;56369.99999999999;558;558
1690730315;556;17902.999999999996;610;610
1690730316;616;34192.99999999999;1598;1602
1690730317;616;40051.99999999999;813;776
1690730318;686;29003.999999999996;5096;558
1690730319;616;22943.999999999996;610;6704
1690730320;556;30071.999999999996;558;558
1690730321;616;19397.999999999996;610;610
1690730322;1172;25101.999999999996;558;724
1690730323;556;20243.999999999996;781;941
1690730324;550;21436.999999999996;558;918
1690730325;556;19847.999999999996;610;610
1690730326;616;35150.99999999999;932;1357
1690730327;766;14440.999999999998;1405;610
1690730328;1118;28651.999999999996;5096;724
1690730329;556;21435.999999999996;610;6379
1690730330;616;35253.99999999999;558;558
1690730331;550;20886.999999999996;796;610
1690730332;556;25279.999999999996;558;558
1690730333;556;9709.999999999998;610;610
1690730334;616;24294.999999999996;558;558
1690730335;616;16314.999999999998;610;610
1690730336;556;35300.99999999999;1528;724
1690730337;556;23185.999999999996;1671;1471
1690730338;616;36960.99999999999;5096;558
1690730339;556;14597.999999999998;610;6379
1690730340;616;22054.999999999996;558;558
1690730341;556;24988.999999999996;610;610
1690730342;766;25268.999999999996;558;558
1690730343;556;10739.999999999998;610;610
1690730344;616;40414.99999999999;558;558
1690730345;616;25167.999999999996;610;610
1690730346;556;31060.999999999996;663;558
1690730347;676;47765.99999999999;1408;1470
1690730348;556;42406.99999999999;558;558
1690730349;556;23677.999999999996;5146;6611
1690730350;745;17072.999999999996;558;1565
1690730351;616;33681.99999999999;610;610
1690730352;556;18145.999999999996;1051;558
1690730353;616;17965.999999999996;610;610
1690730354;556;17423.999999999996;558;915
1690730355;616;24030.999999999996;776;2072
1690730356;556;28829.999999999996;558;558
1690730357;766;22476.999999999996;1861;1404
1690730358;556;27240.999999999996;969;558
1690730359;1118;31337.999999999996;5566;610
1690730360;616;17058.999999999996;724;6260
1690730361;556;36274.99999999999;610;610
1690730362;616;16802.999999999996;558;741
1690730363;616;18384.999999999996;610;610
1690730364;556;15769.999999999998;558;558
1690730365;556;23605.999999999996;796;610
1690730366;616;21381.999999999996;558;761
1690730367;616;29113.999999999996;742;1611
1690730368;556;38680.99999999999;1286;558
1690730369;556;19648.999999999996;5147;610
1690730370;745;16861.999999999996;558;6194
1690730371;616;31272.999999999996;610;796
1690730372;706;16556.999999999996;741;558
1690730373;556;21440.999999999996;610;610
1690730374;550;;558;558
