Time;{instance="10.231.0.208:9100"};{instance="192.168.221.10:9100"};{instance="192.168.221.11:9100"};{instance="192.168.221.12:9100"}
1690729431;11874;17101.999999999996;12074;16900
1690729432;14933;25132.999999999996;12078;15847
1690729433;89502482;93865.99999999999;12064;65142
1690729434;108947593;33360.99999999999;12067;122937
1690729435;116662008;92452.99999999999;12080;149008
1690729436;114941915;34823.99999999999;12061;241022
1690729437;118145827;54651.99999999999;13393;284225
1690729438;116691403;90697.99999999999;12142;406506
1690729439;116014100;24640.999999999996;12064;348745
1690729440;118926507;101563.99999999999;12059;430344
1690729441;108260838;16382.999999999998;12049;406710
1690729442;116216546;58340.99999999999;12065;408498
1690729443;118362609;57424.99999999999;12075;440546
1690729444;117550516;38053.99999999999;12206;424140
1690729445;116910231;62450.99999999999;12126;421500
1690729446;114638880;86662.99999999999;12311;435204
1690729447;117561010;29578.999999999996;12635;429840
1690729448;114107738;65496.99999999999;12869;432492
1690729449;107173041;39074.99999999999;12065;290064
1690729450;118952129;14387.999999999998;12082;463158
1690729451;116187299;23613.999999999996;12087;461562
1690729452;118557045;14305.999999999998;12053;430752
1690729453;116200529;20143.999999999996;12061;457430
1690729454;116417413;17860.999999999996;12065;465312
1690729455;119462876;57404.99999999999;12401;423672
1690729456;116581453;17522.999999999996;12068;452112
1690729457;114274511;18100.999999999996;12574;432240
1690729458;119691159;37890.99999999999;12959;398472
1690729459;116496721;25379.999999999996;12083;450722
1690729460;116917791;26345.999999999996;12070;423708
1690729461;116435685;21199.999999999996;12064;450798
1690729462;117071034;13589.999999999998;12079;440040
1690729463;119272478;30295.999999999996;12055;446270
1690729464;116912702;13595.999999999998;12051;449616
1690729465;115526443;33293.99999999999;12079;426042
1690729466;116841199;16956.999999999996;12078;438096
1690729467;117090347;24308.999999999996;12140;457878
1690729468;118178802;23283.999999999996;13369;457194
1690729469;116824665;13849.999999999998;12132;437304
1690729470;117212314;33959.99999999999;12535;465816
1690729471;112534558;14939.999999999998;12310;429480
1690729472;115295988;37657.99999999999;13304;440586
1690729473;115155902;23560.999999999996;12077;450530
1690729474;116348801;36799.99999999999;12057;432846
1690729475;118632511;21900.999999999996;12078;432294
1690729476;116886786;43355.99999999999;12069;474384
1690729477;117233763;29186.999999999996;12538;449160
1690729478;116856773;29578.999999999996;13239;454782
1690729479;118849753;15860.999999999998;12082;447336
1690729480;116552197;31546.999999999996;12083;430944
1690729481;115331870;23924.999999999996;12082;422814
1690729482;118439228;24826.999999999996;12073;389904
1690729483;117405786;15888.999999999998;12074;444166
1690729484;117037026;19188.999999999996;12076;453234
1690729485;120335975;20299.999999999996;12234;446136
1690729486;116056459;35610.99999999999;12090;452718
1690729487;119391195;19043.999999999996;12075;438366
1690729488;115733595;32508.999999999996;12620;456822
1690729489;116824817;26234.999999999996;12758;450414
1690729490;117945635;30319.999999999996;12211;442134
1690729491;115287900;18106.999999999996;12069;443838
1690729492;117708059;23130.999999999996;12089;436794
1690729493;117222639;17516.999999999996;12094;413354
1690729494;115986009;22985.999999999996;12071;446214
1690729495;116487715;13565.999999999998;12063;452322
1690729496;119114078;18058.999999999996;12077;455982
1690729497;116915444;35803.99999999999;12083;446898
1690729498;117987609;24340.999999999996;12481;412274
1690729499;116684566;18357.999999999996;12092;431106
1690729500;118362829;30553.999999999996;12877;470982
1690729501;116172024;23572.999999999996;12082;444198
1690729502;118053171;26492.999999999996;12078;455616
1690729503;114321345;17788.999999999996;12075;418388
1690729504;117863143;47269.99999999999;12275;429522
1690729505;118101236;20657.999999999996;12145;445470
1690729506;116406695;44164.99999999999;12066;445038
1690729507;117586932;23003.999999999996;12332;441888
1690729508;117348946;20772.999999999996;12633;444810
1690729509;121095108;25602.999999999996;12064;472650
1690729510;116723142;13706.999999999998;12080;470166
1690729511;117468535;31131.999999999996;12765;455868
1690729512;115774303;14520.999999999998;12213;413394
1690729513;118436855;34806.99999999999;12067;422828
1690729514;118239012;13576.999999999998;12069;424362
1690729515;118588994;30289.999999999996;12064;460110
1690729516;115613124;17996.999999999996;12072;435978
1690729517;119261398;25928.999999999996;12070;438420
1690729518;115507535;24248.999999999996;12925;451644
1690729519;118685278;31212.999999999996;12087;465456
1690729520;118181426;13686.999999999998;12074;448884
1690729521;118822500;27500.999999999996;12078;455688
1690729522;116026840;22338.999999999996;12973;441432
1690729523;118701782;14479.999999999998;12138;365990
1690729524;115874590;22134.999999999996;12104;353340
1690729525;118392841;23836.999999999996;12455;367200
1690729526;116214076;15779.999999999998;12075;329232
1690729527;118047114;24744.999999999996;12153;337824
1690729528;118690650;26579.999999999996;12070;300952
1690729529;115518543;24756.999999999996;12584;314304
1690729530;117913906;19779.999999999996;12067;345006
1690729531;116769472;23854.999999999996;12143;245598
1690729532;89270089;25584.999999999996;12084;189792
1690729533;78458643;18543.999999999996;12895;65666
1690729534;68398979;54820.99999999999;12082;45262
1690729535;94768407;20019.999999999996;12084;39114
1690729536;113630162;49913.99999999999;12091;46794
1690729537;111112916;17982.999999999996;12078;46500
1690729538;112571296;37639.99999999999;12070;38772
1690729539;108158042;17037.999999999996;12577;41538
1690729540;113014034;14713.999999999998;12088;39564
1690729541;108227084;30953.999999999996;12098;38142
1690729542;115730286;14836.999999999998;12075;32724
1690729543;113885140;24407.999999999996;12944;40786
1690729544;115211088;22906.999999999996;12062;39090
1690729545;115056322;26208.999999999996;12073;40122
1690729546;99371134;23527.999999999996;12072;37098
1690729547;380931;27113.999999999996;12068;15378
1690729548;49815421;38214.99999999999;12151;15427
1690729549;115380767;15074.999999999998;12568;35832
1690729550;118198220;20601.999999999996;12051;59328
1690729551;117343710;16662.999999999996;12081;21708
1690729552;117423819;25202.999999999996;12059;43314
1690729553;85161794;21124.999999999996;13134;36318
1690729554;87134010;22510.999999999996;12331;15230
1690729555;112521733;20553.999999999996;12085;70650
1690729556;109662191;20291.999999999996;12072;37560
1690729557;101497261;26867.999999999996;12076;37674
1690729558;103079362;34087.99999999999;12073;27678
1690729559;117473169;24349.999999999996;12586;39774
1690729560;116224376;18398.999999999996;12068;39468
1690729561;114350572;21524.999999999996;12249;40404
1690729562;79331089;13569.999999999998;12472;27720
1690729563;12765;33056.99999999999;12199;15016
1690729564;88365228;39288.99999999999;12953;16694
1690729565;69858059;17526.999999999996;12281;129954
1690729566;58785701;46036.99999999999;12065;31146
1690729567;71629463;24916.999999999996;12210;33402
1690729568;74780999;33098.99999999999;12125;33936
1690729569;72257796;22524.999999999996;12567;99312
1690729570;64302360;13567.999999999998;12088;31290
1690729571;68608046;17698.999999999996;12067;33684
1690729572;77959455;25512.999999999996;12066;31884
1690729573;87431568;25413.999999999996;12067;34650
1690729574;94804655;20573.999999999996;12880;38690
1690729575;91028592;27917.999999999996;12084;38280
1690729576;101371456;18467.999999999996;12071;38700
1690729577;96564770;24030.999999999996;12072;32004
1690729578;49518207;25058.999999999996;12232;16758
1690729579;103501566;39479.99999999999;12572;54942
1690729580;94636933;16250.999999999998;12059;35064
1690729581;104930118;19441.999999999996;12070;36690
1690729582;92472109;23553.999999999996;12059;38202
1690729583;17971991;18232.999999999996;12065;15009
1690729584;40089905;24498.999999999996;12939;15012
1690729585;111046305;26134.999999999996;12077;39948
1690729586;113232022;14276.999999999998;12075;38874
1690729587;113379401;26000.999999999996;12137;38202
1690729588;118368197;17994.999999999996;12060;37302
1690729589;110993043;44676.99999999999;12572;39798
1690729590;115660059;13567.999999999998;12078;35706
1690729591;104354917;13758.999999999998;12133;29232
1690729592;61929700;41776.99999999999;12063;17664
1690729593;115282690;13582.999999999998;12080;47508
1690729594;117494297;46506.99999999999;12886;38948
1690729595;116019000;21166.999999999996;12081;36384
1690729596;104180796;52586.99999999999;12067;44298
1690729597;44586457;13574.999999999998;12089;17904
1690729598;1294078;31140.999999999996;12076;14993
1690729599;67930530;29433.999999999996;12074;15296
1690729600;114041913;17258.999999999996;12580;36762
1690729601;97893218;18229.999999999996;12079;34128
1690729602;81880984;19566.999999999996;12077;30996
1690729603;38403738;24004.999999999996;12078;15654
1690729604;70725080;16263.999999999998;12737;16756
1690729605;54611516;28693.999999999996;12204;22740
1690729606;41203491;26368.999999999996;12067;15017
1690729607;36000360;14240.999999999998;12077;15010
1690729608;20333839;23726.999999999996;12140;15504
1690729609;11873;44725.99999999999;12085;15726
1690729610;11892;16628.999999999996;12580;15079
1690729611;11875;25818.999999999996;12074;15796
1690729612;29015519;15375.999999999998;12072;14983
1690729613;45320907;24308.999999999996;12085;17022
1690729614;49118606;13833.999999999998;12144;17286
1690729615;51827821;30638.999999999996;12953;19208
1690729616;53444783;22408.999999999996;12065;18618
1690729617;59259481;17311.999999999996;12457;19122
1690729618;61637145;27596.999999999996;12081;25194
1690729619;50052098;37023.99999999999;12087;19434
1690729620;57686629;22550.999999999996;12559;20130
1690729621;71396474;17479.999999999996;12057;24204
1690729622;64646760;21044.999999999996;12052;24276
1690729623;66608794;18594.999999999996;12071;27012
1690729624;22536174;36866.99999999999;12263;14997
1690729625;13698559;27128.999999999996;13094;15014
1690729626;54353189;54719.99999999999;12075;15009
1690729627;63466261;16451.999999999996;12209;25158
1690729628;68620165;27887.999999999996;12067;23046
1690729629;63721325;19664.999999999996;12672;24570
1690729630;45053157;20284.999999999996;13218;25206
1690729631;31122674;66538.99999999999;13043;15000
1690729632;59388805;22638.999999999996;12078;16074
1690729633;51500419;16200.999999999998;12084;25544
1690729634;11866;18213.999999999996;12069;15072
1690729635;12185;25628.999999999996;12074;15069
1690729636;11868;23621.999999999996;12874;14997
1690729637;11858;16786.999999999996;12084;14993
1690729638;11868;34143.99999999999;12080;14984
1690729639;11866;18072.999999999996;12078;15180
1690729640;11869;26694.999999999996;12075;15325
1690729641;11874;23066.999999999996;12494;15061
1690729642;11883;25562.999999999996;12079;16129
1690729643;11867;20061.999999999996;12081;15001
1690729644;11880;25179.999999999996;12073;14978
1690729645;11873;19574.999999999996;12154;14998
1690729646;11879;24802.999999999996;12893;14979
1690729647;11881;17978.999999999996;12087;14996
1690729648;11883;30297.999999999996;12473;14931
1690729649;11882;29832.999999999996;12190;14996
1690729650;11961;13589.999999999998;12072;15335
1690729651;11867;33521.99999999999;12645;14985
1690729652;11865;17829.999999999996;12067;15692
1690729653;11858;84580.99999999999;12253;15143
1690729654;11861;41673.99999999999;12058;15183
1690729655;25452;29997.999999999996;12061;15878
1690729656;104690945;60638.99999999999;12896;67114
1690729657;87041300;13555.999999999998;12069;76884
1690729658;94231664;25730.999999999996;12084;68022
1690729659;79423761;31552.999999999996;12076;27882
1690729660;80316156;17659.999999999996;12041;28386
1690729661;88957033;23413.999999999996;12058;27648
1690729662;89074760;27213.999999999996;12566;54372
1690729663;81602189;23322.999999999996;12070;28572
1690729664;94115474;22753.999999999996;12047;30102
1690729665;94910393;23304.999999999996;12057;30684
1690729666;93835469;25821.999999999996;12881;31738
1690729667;98514453;15882.999999999998;12068;31344
1690729668;95491739;40694.99999999999;12206;30822
1690729669;97028183;21462.999999999996;12071;34788
1690729670;99853708;18772.999999999996;12484;30072
1690729671;103714416;47717.99999999999;12131;37344
1690729672;107562159;25510.999999999996;12929;33372
1690729673;82456855;13747.999999999998;12392;31314
1690729674;56321824;32798.99999999999;12061;14623
1690729675;103652574;16126.999999999998;12068;28128
1690729676;154555889;23184.999999999996;12083;35540
1690729677;55774998;19198.999999999996;12959;37098
1690729678;70127078;19386.999999999996;12081;27138
1690729679;47975761;39210.99999999999;12067;14674
1690729680;80593752;16098.999999999998;12083;29292
1690729681;25295606;18323.999999999996;12088;23502
1690729682;11908;23879.999999999996;12589;15136
1690729683;11893;14304.999999999998;12062;15378
1690729684;11898;56172.99999999999;12197;14782
1690729685;12035;20664.999999999996;12146;14636
1690729686;11951;58382.99999999999;12091;14643
1690729687;11895;15760.999999999998;12886;14644
1690729688;11911;44920.99999999999;12274;15224
1690729689;11891;17716.999999999996;12086;14625
1690729690;11977;19504.999999999996;12094;14637
1690729691;11887;14781.999999999998;12076;14636
1690729692;11894;23065.999999999996;12059;14634
1690729693;11897;25044.999999999996;12575;15208
1690729694;11894;25891.999999999996;12072;15517
1690729695;11989;20132.999999999996;12085;14926
1690729696;11906;20215.999999999996;12072;14647
1690729697;11902;16978.999999999996;12944;14638
1690729698;11893;19686.999999999996;12043;14639
1690729699;11904;38941.99999999999;12085;14661
1690729700;11895;13637.999999999998;12080;14657
1690729701;11886;19289.999999999996;12077;14634
1690729702;11906;18418.999999999996;12247;14878
1690729703;11893;18099.999999999996;12574;15395
1690729704;11903;33842.99999999999;12095;14629
1690729705;11894;16984.999999999996;12140;15466
1690729706;12027;27715.999999999996;12071;14636
1690729707;11912;14354.999999999998;12082;14644
1690729708;11895;41944.99999999999;12880;14629
1690729709;12115;23004.999999999996;12064;14645
1690729710;11975;22553.999999999996;12082;14635
1690729711;12099;13572.999999999998;12061;14640
1690729712;11902;21087.999999999996;12205;14633
1690729713;11900;18329.999999999996;12957;15213
1690729714;11906;62761.99999999999;12513;14643
1690729715;11892;26156.999999999996;12092;15430
1690729716;11945;45698.99999999999;12089;14624
1690729717;11905;19045.999999999996;12091;14616
1690729718;11894;27675.999999999996;12892;14617
1690729719;11884;23349.999999999996;12086;14706
1690729720;11889;27873.999999999996;12086;14626
1690729721;11882;15328.999999999998;12109;14643
1690729722;11897;20173.999999999996;12095;14611
1690729723;11903;22738.999999999996;12579;14622
1690729724;11889;38055.99999999999;12102;15120
1690729725;11978;25180.999999999996;12082;14615
1690729726;11894;23999.999999999996;12083;15445
1690729727;11882;18634.999999999996;12077;14646
1690729728;11892;49096.99999999999;12958;15377
1690729729;11880;18947.999999999996;12089;14663
1690729730;11894;17216.999999999996;12083;14673
1690729731;11893;29154.999999999996;12151;14692
1690729732;11887;14931.999999999998;12544;14599
1690729733;11888;23175.999999999996;12316;14676
1690729734;11891;14513.999999999998;12509;15515
1690729735;11878;30258.999999999996;12081;14639
1690729736;11877;20251.999999999996;12080;15303
1690729737;11912;15543.999999999998;12096;14830
1690729738;11876;30997.999999999996;12883;14630
1690729739;11890;24545.999999999996;12084;14619
1690729740;11898;23114.999999999996;12077;14647
1690729741;11975;24575.999999999996;12060;14636
1690729742;11887;15608.999999999998;12085;14634
1690729743;11890;16327.999999999998;12104;14617
1690729744;11908;48008.99999999999;12439;15116
1690729745;11890;26730.999999999996;12202;14618
1690729746;11937;48905.99999999999;12066;14633
1690729747;11896;23032.999999999996;12065;15301
1690729748;11895;42126.99999999999;13085;14777
1690729749;11891;16749.999999999996;12061;14654
1690729750;11904;22572.999999999996;12060;14620
1690729751;11900;18995.999999999996;12067;14630
1690729752;11885;21526.999999999996;12068;14898
1690729753;11894;16297.999999999998;12066;14633
1690729754;11898;23195.999999999996;12577;14741
1690729755;11894;28422.999999999996;12067;15261
1690729756;11995;22371.999999999996;12062;14684
1690729757;11901;26361.999999999996;12068;14695
1690729758;11899;21490.999999999996;12241;15454
1690729759;11897;34291.99999999999;12874;14809
1690729760;11898;13740.999999999998;12073;14818
1690729761;11892;23540.999999999996;12058;14624
1690729762;11901;25558.999999999996;12072;14616
1690729763;11899;13682.999999999998;12078;14693
1690729764;11895;23064.999999999996;12573;14631
1690729765;11890;20075.999999999996;12148;15043
1690729766;11916;35659.99999999999;12072;14622
1690729767;11908;13753.999999999998;12146;14641
1690729768;11903;21616.999999999996;12070;15315
1690729769;11905;24960.999999999996;13121;15023
1690729770;11908;34069.99999999999;12201;14754
1690729771;11964;13580.999999999998;12078;14762
1690729772;11892;34754.99999999999;12074;14630
1690729773;11884;22498.999999999996;12131;14637
1690729774;11892;41181.99999999999;12136;14626
1690729775;11901;33001.99999999999;12562;15140
1690729776;11930;50795.99999999999;12065;14622
1690729777;11883;14602.999999999998;12079;14693
1690729778;11902;18668.999999999996;12059;14634
1690729779;11899;21431.999999999996;12082;14703
1690729780;11910;38426.99999999999;12962;15499
1690729781;11881;13567.999999999998;12089;14626
1690729782;11895;22376.999999999996;12078;14620
1690729783;11894;18563.999999999996;12518;14612
1690729784;11895;17677.999999999996;12535;14605
1690729785;11892;34242.99999999999;12577;14631
1690729786;11982;21032.999999999996;12084;15123
1690729787;11884;23610.999999999996;12079;14689
1690729788;11902;20238.999999999996;12128;14634
1690729789;11888;33337.99999999999;12082;14630
1690729790;11881;24318.999999999996;12773;14917
1690729791;11884;17310.999999999996;12272;15417
1690729792;11876;19437.999999999996;12068;14640
1690729793;11885;19360.999999999996;12140;14623
1690729794;11883;24050.999999999996;12072;14635
1690729795;11880;26428.999999999996;12563;14693
1690729796;11868;33395.99999999999;12130;15167
1690729797;11879;18901.999999999996;12147;14677
1690729798;11904;34050.99999999999;12147;14632
1690729799;11900;22129.999999999996;12415;15226
1690729800;11884;17864.999999999996;12071;14985
1690729801;11965;28295.999999999996;12892;15421
1690729802;11901;14312.999999999998;12083;14627
1690729803;11884;17717.999999999996;12069;14630
1690729804;11892;36124.99999999999;12128;14623
1690729805;11888;29627.999999999996;12122;14645
1690729806;11926;63166.99999999999;12567;15159
1690729807;11876;15667.999999999998;12072;14631
1690729808;11889;23094.999999999996;12139;14625
1690729809;11874;27871.999999999996;12076;14627
1690729810;11901;30955.999999999996;12075;14625
1690729811;11886;18205.999999999996;13493;14627
1690729812;11897;18023.999999999996;12078;15443
1690729813;11895;15040.999999999998;12089;14626
1690729814;11883;13587.999999999998;12064;14764
1690729815;11876;35115.99999999999;12080;14647
1690729816;11982;25898.999999999996;12493;15417
1690729817;11894;25384.999999999996;12093;14722
1690729818;11878;20644.999999999996;12235;14693
1690729819;11889;14912.999999999998;12083;14618
1690729820;11885;28971.999999999996;12062;14962
1690729821;11893;13791.999999999998;12054;14632
1690729822;11896;22249.999999999996;12874;15312
1690729823;11898;18302.999999999996;12071;14814
1690729824;11896;13563.999999999998;12077;14638
1690729825;12012;39121.99999999999;12138;14637
1690729826;33659195;25109.999999999996;12472;17091
1690729827;117460106;34420.99999999999;12080;53772
1690729828;120505169;22204.999999999996;12054;43878
1690729829;112576062;20583.999999999996;12114;46488
1690729830;114992662;21298.999999999996;12056;44882
1690729831;98838797;13558.999999999998;12063;84438
1690729832;98652051;21099.999999999996;12813;41100
1690729833;103822841;22434.999999999996;12197;55824
1690729834;106935803;34510.99999999999;12130;42174
1690729835;112815423;13951.999999999998;12072;45798
1690729836;112778532;72030.99999999999;12553;45528
1690729837;113943731;20900.999999999996;12389;41268
1690729838;111389427;23300.999999999996;12055;40500
1690729839;110981040;23046.999999999996;12061;39978
1690729840;114644782;21146.999999999996;12053;39788
1690729841;116233681;26648.999999999996;12066;38076
1690729842;115997567;14949.999999999998;12066;42426
1690729843;114042976;39864.99999999999;12876;43554
1690729844;107644078;14788.999999999998;12662;75576
1690729845;107104709;26498.999999999996;12076;38538
1690729846;110167290;22737.999999999996;12063;44388
1690729847;102867594;46002.99999999999;12567;42888
1690729848;65364256;23475.999999999996;12379;24288
1690729849;276444;36697.99999999999;12080;14292
1690729850;69586925;19973.999999999996;12067;14354
1690729851;118172074;22481.999999999996;12143;42990
1690729852;114115785;15680.999999999998;12083;41682
1690729853;110547767;14604.999999999998;12810;42234
1690729854;45350207;27176.999999999996;12204;24000
1690729855;45148578;18108.999999999996;12087;14295
1690729856;117496294;21590.999999999996;12068;42648
1690729857;108519950;28351.999999999996;12659;46494
1690729858;87183982;20171.999999999996;12193;36150
1690729859;5670593;42392.99999999999;12070;14274
1690729860;74289770;13754.999999999998;12455;14301
1690729861;82834296;18731.999999999996;12086;61538
1690729862;11884;27837.999999999996;12078;14274
1690729863;11884;13643.999999999998;12081;14274
1690729864;11886;45309.99999999999;12842;15102
1690729865;11892;14498.999999999998;12287;14361
1690729866;11921;61696.99999999999;12058;14283
1690729867;11886;18533.999999999996;12577;14702
1690729868;11879;34820.99999999999;12090;14369
1690729869;11883;13841.999999999998;12070;15083
1690729870;11897;36146.99999999999;12085;14265
1690729871;11896;35042.99999999999;12078;14279
1690729872;44187267;17189.999999999996;12062;14987
1690729873;82563724;26332.999999999996;12083;29446
1690729874;98288815;14546.999999999998;12092;33294
1690729875;107815471;32730.999999999996;12743;47502
1690729876;73133036;13909.999999999998;12196;84336
1690729877;74514751;19709.999999999996;12558;22764
1690729878;78431656;69546.99999999999;12251;29232
1690729879;77342150;30568.999999999996;12330;27384
1690729880;86876404;34170.99999999999;12073;30948
1690729881;85563264;18532.999999999996;12082;32780
1690729882;94205140;16269.999999999998;12062;30462
1690729883;93093465;14603.999999999998;12045;31782
1690729884;92233500;24705.999999999996;12075;32934
1690729885;99223056;15398.999999999998;12130;28656
1690729886;103595512;23770.999999999996;12878;32826
1690729887;100289847;23697.999999999996;13090;33930
1690729888;104318724;28886.999999999996;12082;33378
1690729889;107385656;18632.999999999996;12145;34290
1690729890;90903930;36197.99999999999;12077;32340
1690729891;63891052;17087.999999999996;12077;18066
1690729892;105908372;15176.999999999998;12058;26454
1690729893;102051704;21927.999999999996;12146;34384
1690729894;104794469;45608.99999999999;12134;31086
1690729895;104308220;27217.999999999996;12066;32816
1690729896;92054196;50212.99999999999;12876;32874
1690729897;11913;30408.999999999996;12137;16584
1690729898;11907;28366.999999999996;12569;13913
1690729899;11902;35259.99999999999;12061;14193
1690729900;11869;13589.999999999998;12065;14449
1690729901;11889;34178.99999999999;12079;13906
1690729902;12039;13809.999999999998;12061;13903
1690729903;11892;17448.999999999996;12048;14315
1690729904;11885;22240.999999999996;12127;14072
1690729905;11899;16801.999999999996;12078;14577
1690729906;11971;30413.999999999996;12138;14189
1690729907;11887;13762.999999999998;12943;13964
1690729908;11889;35074.99999999999;12641;14046
1690729909;11888;25798.999999999996;12382;14083
1690729910;8971222;16139.999999999998;12081;14488
1690729911;83640563;29511.999999999996;12141;22837
1690729912;84223805;17111.999999999996;12132;41700
1690729913;84089549;27547.999999999996;12075;30978
1690729914;86752447;13768.999999999998;12073;38214
1690729915;86051409;27413.999999999996;12068;33346
1690729916;85317257;27590.999999999996;12069;36570
1690729917;92844461;18637.999999999996;13597;45270
1690729918;90853935;32671.999999999996;12548;42780
1690729919;93481710;21572.999999999996;12087;43269
1690729920;113004898;25045.999999999996;12152;49721
1690729921;116013941;17629.999999999996;12063;43686
1690729922;116516143;28525.999999999996;12075;36630
1690729923;112413892;13564.999999999998;12055;36582
1690729924;110320793;50086.99999999999;12085;39810
1690729925;106526931;14265.999999999998;12065;37086
1690729926;73957114;55953.99999999999;12054;33212
1690729927;98300892;15049.999999999998;12876;48720
1690729928;65053598;40890.99999999999;12061;36270
1690729929;82611308;18897.999999999996;12503;20809
1690729930;109401706;26002.999999999996;12145;38490
1690729931;86690785;23026.999999999996;12148;24006
1690729932;115589231;37165.99999999999;12403;35616
1690729933;98293254;14003.999999999998;12080;37028
1690729934;110172630;26989.999999999996;12070;30066
1690729935;106898085;14905.999999999998;12063;35952
1690729936;113058074;34136.99999999999;12068;37730
1690729937;111579475;16287.999999999998;12867;32694
1690729938;114475771;36346.99999999999;12063;38544
1690729939;92100544;59211.99999999999;14428;95286
1690729940;84248430;23404.999999999996;12070;141654
1690729941;82655305;14593.999999999998;12049;158076
1690729942;35034128;33947.99999999999;12059;34536
1690729943;35760446;14487.999999999998;12063;14030
1690729944;59568784;30607.999999999996;12084;16374
1690729945;90632603;16728.999999999996;12142;54042
1690729946;92511568;30731.999999999996;12078;222866
1690729947;73471205;14780.999999999998;12067;204750
1690729948;11883;41916.99999999999;12882;55908
1690729949;11878;18277.999999999996;12485;13949
1690729950;11893;24650.999999999996;12137;13956
1690729951;16300616;13568.999999999998;12071;14451
1690729952;74640166;46554.99999999999;12067;27859
1690729953;72089998;15028.999999999998;12149;25254
1690729954;72061394;49509.99999999999;12133;29514
1690729955;70962591;17578.999999999996;12065;26304
1690729956;73195895;55418.99999999999;12073;24584
1690729957;92804284;14860.999999999998;12684;43074
1690729958;91753621;46024.99999999999;12882;39840
1690729959;59425834;18243.999999999996;12570;34692
1690729960;66845992;87337.99999999999;12314;19908
1690729961;84419047;13590.999999999998;12051;40428
1690729962;73542377;19528.999999999996;12051;37266
1690729963;52678608;26554.999999999996;12075;13967
1690729964;88384594;13785.999999999998;12062;41700
1690729965;73780504;29587.999999999996;12124;49554
1690729966;71443670;20978.999999999996;12056;27776
1690729967;11896;25953.999999999996;12066;13963
1690729968;11899;31139.999999999996;12876;14729
1690729969;12046;24317.999999999996;12125;14059
1690729970;11879;18668.999999999996;12582;13925
1690729971;11893;24379.999999999996;12137;14427
1690729972;11891;16217.999999999998;12061;13926
1690729973;11884;27393.999999999996;12132;13953
1690729974;11898;16367.999999999998;12073;13999
1690729975;11889;32052.999999999996;12068;13939
1690729976;11896;18212.999999999996;12047;13935
1690729977;11900;30580.999999999996;12148;14539
1690729978;11900;34802.99999999999;12881;14736
1690729979;11887;24951.999999999996;12121;13940
1690729980;11894;18384.999999999996;12574;13947
1690729981;11963;30316.999999999996;12148;14510
1690729982;11896;15666.999999999998;12065;13936
1690729983;11892;28003.999999999996;12048;13940
1690729984;11896;32980.99999999999;12065;13919
1690729985;11886;30415.999999999996;12058;13920
1690729986;11941;40443.99999999999;12063;13916
1690729987;11908;23807.999999999996;12062;13923
1690729988;11904;28593.999999999996;12867;14924
1690729989;11891;32252.999999999996;12079;13903
1690729990;11890;18456.999999999996;12749;14157
1690729991;11902;24377.999999999996;12095;13924
1690729992;11888;14080.999999999998;12148;14364
1690729993;11895;33719.99999999999;12067;13928
1690729994;11915;14082.999999999998;12081;13923
1690729995;11908;28852.999999999996;12067;13994
1690729996;12219;13570.999999999998;12065;13939
1690729997;11892;28158.999999999996;12062;13933
1690729998;11886;30203.999999999996;12060;14814
1690729999;11889;36183.99999999999;12870;14091
1690730000;11899;18110.999999999996;12597;13939
1690730001;11895;25084.999999999996;12576;13945
1690730002;11906;15045.999999999998;12082;14350
1690730003;11893;35888.99999999999;12086;13929
1690730004;11891;13775.999999999998;12069;13935
1690730005;11884;29955.999999999996;12139;13930
1690730006;11910;16830.999999999996;12083;13928
1690730007;11896;32005.999999999996;12063;14463
1690730008;11901;26573.999999999996;12068;13990
1690730009;11902;31199.999999999996;12944;14735
1690730010;11896;13560.999999999998;12046;13945
1690730011;11970;30336.999999999996;12570;13931
1690730012;11889;13582.999999999998;12061;14487
1690730013;11875;33079.99999999999;12144;13939
1690730014;11888;39738.99999999999;12079;13989
1690730015;11890;25880.999999999996;12128;14249
1690730016;11937;19899.999999999996;12073;13928
1690730017;11888;50732.99999999999;12119;14068
1690730018;11892;30476.999999999996;12059;13932
1690730019;11901;34537.99999999999;12933;14817
1690730020;11880;13573.999999999998;12086;13923
1690730021;11878;28913.999999999996;12577;13906
1690730022;11866;18735.999999999996;12243;13952
1690730023;11888;39171.99999999999;12057;14431
1690730024;11888;16710.999999999996;12076;13928
1690730025;11897;26406.999999999996;12138;14098
1690730026;11984;13595.999999999998;12079;13945
1690730027;11871;28637.999999999996;12076;13936
1690730028;11904;21319.999999999996;12071;13942
1690730029;11890;40429.99999999999;12861;13998
1690730030;11901;13568.999999999998;12135;14740
1690730031;11883;29505.999999999996;12054;13939
1690730032;11893;18739.999999999996;12637;13917
1690730033;11883;24026.999999999996;12127;14380
1690730034;11895;24573.999999999996;12061;13924
1690730035;11878;16729.999999999996;12066;13988
1690730036;11871;27311.999999999996;12068;13933
1690730037;11881;14706.999999999998;12062;13975
1690730038;11892;40965.99999999999;12205;13919
1690730039;11888;14777.999999999998;12061;13948
1690730040;11888;28927.999999999996;12959;14807
1690730041;11966;13575.999999999998;12059;13930
1690730042;11896;30159.999999999996;12585;13930
1690730043;11884;13589.999999999998;12051;14565
1690730044;11880;58012.99999999999;12054;13991
1690730045;11894;23331.999999999996;12060;13997
1690730046;11929;53530.99999999999;12079;13991
1690730047;11897;14774.999999999998;12633;14623
1690730048;11896;36968.99999999999;12088;13920
1690730049;11884;19546.999999999996;12081;13932
1690730050;11891;31456.999999999996;12833;14793
1690730051;11902;13580.999999999998;12096;13921
1690730052;11896;32834.99999999999;12490;13921
1690730053;11893;18509.999999999996;12082;14351
1690730054;11901;41377.99999999999;12088;13927
1690730055;11876;21053.999999999996;12094;13993
1690730056;11986;34638.99999999999;12151;13916
1690730057;11885;13576.999999999998;12152;13926
1690730058;11895;38922.99999999999;12094;13950
1690730059;11891;13694.999999999998;12414;14083
1690730060;11883;32128.999999999996;12898;14731
1690730061;11884;17931.999999999996;12081;13916
1690730062;11905;29096.999999999996;12506;13982
1690730063;11885;18751.999999999996;12152;14430
1690730064;11899;26655.999999999996;12156;13935
1690730065;11892;21585.999999999996;12075;13911
1690730066;11878;26443.999999999996;12464;13931
1690730067;11893;13769.999999999998;12082;13916
1690730068;11898;41327.99999999999;12077;14509
1690730069;11899;15544.999999999998;12153;13904
1690730070;11887;31614.999999999996;12070;13956
1690730071;11966;13556.999999999998;12893;14736
1690730072;11877;31828.999999999996;12078;13919
1690730073;11881;18637.999999999996;12498;13925
1690730074;11890;52041.99999999999;12089;14499
1690730075;11890;27103.999999999996;12147;13923
1690730076;11940;27092.999999999996;12093;14073
1690730077;11874;39260.99999999999;12150;13930
1690730078;11901;35137.99999999999;12069;13982
1690730079;11883;25927.999999999996;12062;13975
1690730080;11873;27701.999999999996;12076;13916
1690730081;11885;14421.999999999998;12883;14795
1690730082;11896;32771.99999999999;12236;13911
1690730083;11884;18236.999999999996;12463;13922
1690730084;11870;26541.999999999996;12149;14415
1690730085;11886;23699.999999999996;12139;14076
1690730086;11980;30981.999999999996;12446;13898
1690730087;11890;13572.999999999998;12625;13903
1690730088;11866;36039.99999999999;12074;13936
1690730089;11887;19214.999999999996;12086;13930
1690730090;11880;26792.999999999996;12139;14007
1690730091;11890;14803.999999999998;12896;14825
1690730092;11878;24718.999999999996;12154;13910
1690730093;11903;18052.999999999996;12580;13917
1690730094;11870;26089.999999999996;12090;14285
1690730095;11872;31111.999999999996;12060;14053
1690730096;11883;33445.99999999999;12250;14293
1690730097;11886;13772.999999999998;12138;13942
1690730098;11896;43003.99999999999;12055;13922
1690730099;11887;17744.999999999996;12132;13931
1690730100;11882;30606.999999999996;12142;13927
1690730101;11949;15357.999999999998;12074;14788
1690730102;11889;13756.999999999998;12951;13915
1690730103;11877;29877.999999999996;12585;13917
1690730104;11879;34622.99999999999;12084;13926
1690730105;11882;34030.99999999999;12070;14424
1690730106;11936;23265.999999999996;12062;13919
1690730107;11889;44652.99999999999;12062;13919
1690730108;11881;22405.999999999996;12072;13991
1690730109;11888;31570.999999999996;12062;13932
1690730110;11886;13755.999999999998;12086;13914
1690730111;11869;31424.999999999996;12085;14776
1690730112;11888;14167.999999999998;13130;13916
1690730113;11891;29063.999999999996;12598;13942
1690730114;11903;19259.999999999996;12087;13908
1690730115;11893;29812.999999999996;12080;14674
1690730116;11972;25047.999999999996;12071;13931
1690730117;11875;28306.999999999996;12100;13942
1690730118;11911;21476.999999999996;12148;13920
1690730119;11906;30617.999999999996;12094;13916
1690730120;11895;17670.999999999996;12097;14089
1690730121;11878;26421.999999999996;12065;13920
1690730122;11891;15185.999999999998;12906;14649
1690730123;11891;28026.999999999996;12082;13962
1690730124;11879;18835.999999999996;12590;13899
1690730125;11879;34472.99999999999;12163;15066
1690730126;11890;24417.999999999996;12091;14265
1690730127;11876;25396.999999999996;12072;13925
1690730128;11877;26001.999999999996;12096;13921
1690730129;11890;30711.999999999996;12162;13999
1690730130;11891;13582.999999999998;12089;13942
1690730131;11975;29384.999999999996;12078;13921
1690730132;11877;29669.999999999996;12902;14846
1690730133;11886;28622.999999999996;12073;13916
1690730134;11891;36710.99999999999;12660;13909
1690730135;11882;32952.99999999999;12084;14467
1690730136;11923;30509.999999999996;12079;13924
1690730137;11887;49143.99999999999;12674;13993
1690730138;11903;24304.999999999996;12079;13960
1690730139;11898;29221.999999999996;12079;13984
1690730140;11888;13587.999999999998;12074;13925
1690730141;11899;30849.999999999996;12078;13898
1690730142;11890;14472.999999999998;13062;14707
1690730143;11896;25010.999999999996;12061;13911
1690730144;11873;18729.999999999996;12569;13916
1690730145;11890;26977.999999999996;12147;14584
1690730146;11979;31288.999999999996;12157;14455
1690730147;11877;27193.999999999996;12088;13925
1690730148;11873;18570.999999999996;12053;13853
1690730149;11885;35178.99999999999;12087;13976
1690730150;11895;13777.999999999998;12065;13935
1690730151;11881;26202.999999999996;12135;13898
1690730152;11905;16854.999999999996;12870;14720
1690730153;11888;16484.999999999996;12139;13921
1690730154;11882;33931.99999999999;13107;13934
1690730155;11888;19949.999999999996;12251;14491
1690730156;11896;35070.99999999999;12066;13907
1690730157;11888;17823.999999999996;12083;13987
1690730158;11887;36294.99999999999;12194;13921
1690730159;11882;16689.999999999996;12055;13919
1690730160;11906;24684.999999999996;12134;13998
1690730161;11977;13582.999999999998;12060;13920
1690730162;11894;35676.99999999999;12068;13940
1690730163;11905;13580.999999999998;12874;14797
1690730164;11895;53892.99999999999;12570;13925
1690730165;11901;18560.999999999996;12074;13936
1690730166;11923;36785.99999999999;12071;14415
1690730167;11895;47638.99999999999;12067;17706
1690730168;11893;24110.999999999996;12082;
1690730169;11898;46834.99999999999;12092;
1690730170;11881;21730.999999999996;12059;18713.924050632908
1690730171;11896;22584.999999999996;12060;14149
1690730172;11904;22617.999999999996;12137;13547
1690730173;11907;21611.999999999996;13038;14326
1690730174;11897;23847.999999999996;12477;13183
1690730175;11894;58103.99999999999;12764;13433
1690730176;11975;21204.999999999996;12085;17384
1690730177;11897;31269.999999999996;12062;13199
1690730178;11900;37943.99999999999;12208;13183
1690730179;11894;17120.999999999996;12443;13191
1690730180;11894;15580.999999999998;12089;13268
1690730181;11896;19135.999999999996;12084;13533
1690730182;11902;20629.999999999996;12073;13195
1690730183;11889;24463.999999999996;12950;14009
1690730184;11900;18168.999999999996;12480;13196
1690730185;11894;28985.999999999996;12144;13186
1690730186;11894;18107.999999999996;12053;13663
1690730187;11891;23474.999999999996;12082;13254
1690730188;11889;33866.99999999999;12076;13210
1690730189;11896;30941.999999999996;12151;13670
1690730190;11895;17205.999999999996;12082;13321
1690730191;11967;17740.999999999996;12085;13192
1690730192;11900;19814.999999999996;12095;13187
1690730193;11905;23651.999999999996;12751;14003
1690730194;11901;42663.99999999999;12211;13215
1690730195;11895;29760.999999999996;12543;13169
1690730196;11905;20558.999999999996;12066;13848
1690730197;11941;50548.99999999999;12487;13354
1690730198;11897;41865.99999999999;12672;13180
1690730199;11888;22750.999999999996;12069;13260
1690730200;11912;20304.999999999996;12088;13168
1690730201;11902;17444.999999999996;12089;13187
1690730202;11892;15539.999999999998;12084;13268
1690730203;11902;25767.999999999996;12072;14423
1690730204;11918;13591.999999999998;12890;13195
1690730205;11897;32965.99999999999;12763;13182
1690730206;11973;19655.999999999996;12210;13855
1690730207;11879;33669.99999999999;12076;13274
1690730208;11889;31596.999999999996;12080;13558
1690730209;11873;27147.999999999996;12081;13195
1690730210;11886;14904.999999999998;12105;13206
1690730211;11891;27860.999999999996;12147;13721
1690730212;11888;13769.999999999998;12152;13128
1690730213;11877;32666.999999999996;12088;13169
1690730214;11891;13572.999999999998;12879;14022
1690730215;11880;36908.99999999999;12585;13202
1690730216;11895;19197.999999999996;12087;13211
1690730217;11882;24503.999999999996;12080;13829
1690730218;11891;29235.999999999996;12141;13206
1690730219;11892;38269.99999999999;12066;13179
1690730220;11892;13748.999999999998;12068;13252
1690730221;11969;24063.999999999996;12081;13187
1690730222;11892;13577.999999999998;12076;13187
1690730223;11888;27867.999999999996;12057;13173
1690730224;11882;36170.99999999999;12893;14011
1690730225;11883;38623.99999999999;12588;13188
1690730226;11933;19048.999999999996;12077;13204
1690730227;11887;47743.99999999999;12240;13704
1690730228;11894;49424.99999999999;12076;13332
1690730229;11882;26665.999999999996;12084;13566
1690730230;11889;16321.999999999998;12611;13170
1690730231;11898;25690.999999999996;12072;13185
1690730232;11896;14258.999999999998;12141;13219
1690730233;11884;26974.999999999996;12075;13262
1690730234;11886;16181.999999999998;12886;13998
1690730235;11882;30461.999999999996;12665;13248
1690730236;11974;20595.999999999996;12146;13196
1690730237;11888;24736.999999999996;12084;13787
1690730238;11892;36828.99999999999;12471;15306
1690730239;11884;35802.99999999999;12071;14090
1690730240;11869;16020.999999999998;12131;14019
1690730241;11890;27915.999999999996;12077;13314
1690730242;11869;13933.999999999998;12085;13449
1690730243;11881;21085.999999999996;12086;12808
1690730244;11871;26901.999999999996;12090;12821
1690730245;11879;37974.99999999999;12973;13686
1690730246;11882;25351.999999999996;13221;14925
1690730247;11881;54870.99999999999;12998;13941
1690730248;11885;25062.999999999996;12079;13507
1690730249;11886;47904.99999999999;12147;12811
1690730250;11881;18110.999999999996;12072;12367
1690730251;11969;19685.999999999996;12069;12369
1690730252;11877;20069.999999999996;12074;12370
1690730253;11881;16405.999999999996;12070;12363
1690730254;11886;48172.99999999999;12060;12352
1690730255;11882;23555.999999999996;12960;13165
1690730256;11882;25222.999999999996;12129;12420
1690730257;11922;43171.99999999999;12148;12368
1690730258;11891;33666.99999999999;12473;13159
1690730259;11887;30422.999999999996;12071;12416
1690730260;11871;24222.999999999996;12066;12705
1690730261;11860;16527.999999999996;12074;12371
1690730262;11884;18772.999999999996;12088;12389
1690730263;11864;20914.999999999996;12070;12967
1690730264;11881;19745.999999999996;12074;12439
1690730265;11886;28095.999999999996;12963;13243
1690730266;11871;89156.99999999999;12331;12378
1690730267;11976;61805.99999999999;12262;12543
1690730268;11887;34638.99999999999;13025;16653
1690730269;11884;29081.999999999996;12084;12427
1690730270;11869;15962.999999999998;12073;12354
1690730271;11886;19872.999999999996;12137;12351
1690730272;11901;16301.999999999998;12070;12359
1690730273;11890;17355.999999999996;12082;12356
1690730274;11885;23687.999999999996;12059;12374
1690730275;11875;26174.999999999996;12946;13161
1690730276;11877;30335.999999999996;12090;12348
1690730277;11884;19338.999999999996;12446;12422
1690730278;11884;23399.999999999996;12646;12841
1690730279;11879;42559.99999999999;12066;12350
1690730280;11886;26452.999999999996;12082;12361
1690730281;11888;19163.999999999996;12066;12366
1690730282;11971;15721.999999999998;12062;12354
1690730283;11885;18537.999999999996;12082;12362
1690730284;11878;46762.99999999999;12061;12361
1690730285;11881;25565.999999999996;12886;13153
1690730286;11879;29812.999999999996;12248;12954
1690730287;11917;43623.99999999999;12074;12334
1690730288;11890;24985.999999999996;12590;12938
1690730289;11897;23538.999999999996;12073;12350
1690730290;11873;35872.99999999999;12082;12437
1690730291;11874;13793.999999999998;12093;12354
1690730292;11866;22388.999999999996;12075;12354
1690730293;11871;14264.999999999998;12164;12363
1690730294;11885;22474.999999999996;12091;12494
1690730295;11883;25962.999999999996;12143;13225
1690730296;11879;35849.99999999999;12874;12351
1690730297;11980;15565.999999999998;12143;12347
1690730298;11879;42113.99999999999;12656;12354
1690730299;11878;13565.999999999998;12068;12917
1690730300;11889;38458.99999999999;12143;12380
1690730301;11878;13735.999999999998;12080;12360
1690730302;11884;24027.999999999996;12092;12430
1690730303;11876;13582.999999999998;12076;12356
1690730304;11881;24408.999999999996;12070;12370
1690730305;11868;24282.999999999996;12161;13170
1690730306;11876;35859.99999999999;12883;12421
1690730307;11881;14246.999999999998;12059;12777
1690730308;11889;28180.999999999996;12560;12353
1690730309;11877;22629.999999999996;12137;12784
1690730310;11891;42904.99999999999;12059;12419
1690730311;11889;13817.999999999998;12660;12369
1690730312;11969;40011.99999999999;12394;12370
1690730313;11889;13583.999999999998;12074;12354
1690730314;11878;56369.99999999999;12081;12364
1690730315;11871;17902.999999999996;12079;12366
1690730316;11892;34192.99999999999;13013;13253
1690730317;11932;40051.99999999999;12154;12428
1690730318;11890;29003.999999999996;12520;12366
1690730319;11897;22943.999999999996;12065;12926
1690730320;11888;30071.999999999996;12088;12350
1690730321;11879;19397.999999999996;12082;12355
1690730322;11896;25101.999999999996;12072;12412
1690730323;11887;20243.999999999996;12245;12732
1690730324;11873;21436.999999999996;12089;12585
1690730325;11889;19847.999999999996;12098;12355
1690730326;11877;35150.99999999999;12138;13192
1690730327;11988;14440.999999999998;12819;12361
1690730328;11879;28651.999999999996;12513;12423
1690730329;11878;21435.999999999996;12076;12927
1690730330;11879;35253.99999999999;12069;12376
1690730331;11888;20886.999999999996;12141;12372
1690730332;11884;25279.999999999996;12070;12366
1690730333;11876;13599.999999999998;12094;12367
1690730334;11882;24294.999999999996;12070;12359
1690730335;11868;16314.999999999998;12078;12371
1690730336;11887;35300.99999999999;12611;12441
1690730337;11857;23185.999999999996;13038;13272
1690730338;11886;36960.99999999999;12588;12377
1690730339;11878;19370.999999999996;12078;12777
1690730340;11872;22054.999999999996;12071;12378
1690730341;11859;24988.999999999996;12082;12380
1690730342;11951;25268.999999999996;12066;12357
1690730343;11887;13581.999999999998;12070;12388
1690730344;11879;40414.99999999999;12069;12366
1690730345;11891;25167.999999999996;12084;12386
1690730346;11877;31060.999999999996;12254;12385
1690730347;11908;47765.99999999999;12886;13190
1690730348;11873;42406.99999999999;12060;12367
1690730349;11897;23677.999999999996;12583;12995
1690730350;11887;17072.999999999996;12061;12893
1690730351;11885;33681.99999999999;12084;12359
1690730352;11878;18145.999999999996;12133;12357
1690730353;11872;17965.999999999996;12079;12363
1690730354;11867;17423.999999999996;12074;12611
1690730355;11878;24030.999999999996;12138;12950
1690730356;11885;28829.999999999996;12048;12379
1690730357;11967;22476.999999999996;13127;13191
1690730358;11904;27240.999999999996;12205;12368
1690730359;11892;31337.999999999996;12813;12363
1690730360;11882;17058.999999999996;12137;12903
1690730361;11878;36274.99999999999;12083;12374
1690730362;11876;16802.999999999996;12089;12433
1690730363;11883;18384.999999999996;12086;12361
1690730364;11888;15769.999999999998;12071;12358
1690730365;11875;23605.999999999996;12156;12363
1690730366;11882;21381.999999999996;12068;12435
1690730367;11870;29113.999999999996;12766;13241
1690730368;11894;38680.99999999999;12203;12363
1690730369;11893;23757.999999999996;12515;12362
1690730370;11884;16861.999999999996;12068;12792
1690730371;11891;31272.999999999996;12063;12430
1690730372;11965;16556.999999999996;12138;12385
1690730373;11882;21440.999999999996;12073;12348
1690730374;11883;;12075;12350
