Time;{mode="idle"};{mode="iowait"};{mode="irq"};{mode="nice"};{mode="softirq"};{mode="steal"};{mode="system"};{mode="user"}
1690729431;1.889999999984866;0;0;0;0;0.009999999999990905;0.0500000000001819;0.039999999999054126
1690729432;1.7699999999895226;0.009999999999763531;0;0;0.010000000000019327;0;0.03999999999996362;0.12999999999919964
1690729433;1.2100000000209548;0.07000000000016371;0;0;0.03999999999999204;0.009999999999990905;0.22000000000025466;0.4400000000005093
1690729434;0.5499999999883585;0.009999999999763531;0;0;0.05000000000001137;0.009999999999990905;0.33999999999969077;1
1690729435;0.35000000000582077;0.020000000000436557;0;0;0.05999999999997385;0;0.27000000000043656;1.2800000000006548
1690729436;0.75;0.07999999999992724;0;0;0.05000000000001137;0.03000000000002956;0.2699999999999818;0.7099999999991269
1690729437;0.8300000000162981;0.01999999999998181;0;0;0.060000000000002274;0.03000000000002956;0.33999999999969077;0.7199999999993452
1690729438;0.9799999999813735;0.02999999999974534;0;0;0.0800000000000125;0;0.25999999999976353;0.6000000000021828
1690729439;0.75;0.05999999999994543;0;0;0.06999999999999318;0.01999999999998181;0.3500000000003638;0.6999999999989086
1690729440;0.9599999999918509;0.0500000000001819;0;0;0.05000000000001137;0.009999999999990905;0.25;0.5500000000010914
1690729441;0.8900000000139698;0.03000000000020009;0;0;0.05999999999997385;0.01999999999998181;0.2699999999999818;0.6399999999994179
1690729442;0.8699999999953434;0.04999999999972715;0;0;0.05000000000001137;0.010000000000047748;0.27999999999974534;0.5900000000001455
1690729443;0.8900000000139698;0.07000000000016371;0;0;0.05000000000001137;0.029999999999972715;0.3000000000001819;0.6100000000005821
1690729444;0.7099999999918509;0.31999999999970896;0;0;0.09999999999999432;0.009999999999990905;0.23999999999978172;0.5599999999994907
1690729445;0.5400000000081491;0.45000000000027285;0;0;0.060000000000002274;0.009999999999990905;0.22000000000025466;0.5299999999988358
1690729446;0.5799999999871943;0.40000000000009095;0;0;0.04999999999998295;0.020000000000038654;0.2699999999999818;0.6300000000010186
1690729447;0.3200000000069849;0.7300000000000182;0;0;0.06999999999999318;0;0.2199999999997999;0.5200000000004366
1690729448;0.139999999984866;0.8799999999996544;0;0;0.060000000000030695;0.03999999999996362;0.1999999999998181;0.6100000000005821
1690729449;0.13000000003376044;0.42000000000007276;0;0;0.10999999999998522;0;0.5300000000002001;0.7799999999988358
1690729450;0.669999999954598;0.27999999999974534;0;0;0.06999999999999318;0.01999999999998181;0.27000000000043656;0.6100000000005821
1690729451;1.0300000000279397;0;0;0;0.03999999999999204;0;0.169999999999618;0.5999999999985448
1690729452;0.8799999999755528;0.0500000000001819;0;0;0.060000000000002274;0.06000000000005912;0.2600000000002183;0.5900000000001455
1690729453;0.970000000030268;0;0;0;0.06999999999999318;0.009999999999990905;0.27999999999974534;0.6200000000008004
1690729454;0.6699999999837019;0.32999999999992724;0;0;0.0800000000000125;0;0.1999999999998181;0.6000000000003638
1690729455;0;1.0100000000002183;0;0;0.05000000000001137;0.01999999999998181;0.20000000000027285;0.569999999999709
1690729456;0;1.0399999999999636;0;0;0.060000000000002274;0;0.21000000000003638;0.5799999999999272
1690729457;0;1.0700000000001637;0;0;0.060000000000002274;0;0.15000000000009095;0.5399999999990541
1690729458;0.39999999999417923;0.5299999999997453;0;0;0.10999999999998522;0.029999999999972715;0.29999999999972715;0.5900000000019645
1690729459;0.5500000000174623;0.4699999999997999;0;0;0.060000000000002274;0;0.24000000000023647;0.56999999999789
1690729460;0.5699999999778811;0.42000000000007276;0;0;0.03999999999999204;0.009999999999990905;0.25999999999976353;0.6000000000003638
1690729461;0.5600000000267755;0.42000000000007276;0;0;0.060000000000030695;0.020000000000038654;0.21000000000049113;0.569999999999709
1690729462;1.029999999969732;0;0;0;0.07999999999998408;0;0.25999999999976353;0.5799999999999272
1690729463;0.9100000000034925;0.03999999999996362;0;0;0.0800000000000125;0.009999999999990905;0.27999999999974534;0.5400000000008731
1690729464;0.7100000000209548;0.24000000000023647;0;0;0.0999999999999659;0.010000000000047748;0.29000000000041837;0.5200000000004366
1690729465;0.9200000000128057;0.06999999999970896;0;0;0.0700000000000216;0.009999999999990905;0.24999999999954525;0.6000000000003638
1690729466;0.9499999999825377;0.07000000000016371;0;0;0.04999999999998295;0.029999999999972715;0.25;0.5799999999981083
1690729467;1.0199999999895226;0;0;0;0.06999999999999318;0;0.3200000000001637;0.5799999999999272
1690729468;0.9300000000221189;0.03999999999996362;0;0;0.0700000000000216;0.009999999999990905;0.2199999999997999;0.570000000001528
1690729469;0.7299999999813735;0.21000000000003638;0;0;0.10999999999998522;0.010000000000047748;0.3200000000001637;0.5600000000013097
1690729470;0.5499999999883585;0.40000000000009095;0;0;0.10000000000002274;0.01999999999998181;0.25;0.5900000000001455
1690729471;0.6200000000244472;0.4299999999998363;0;0;0.03999999999999204;0.009999999999990905;0.23999999999978172;0.5999999999985448
1690729472;0.5699999999778811;0.38000000000010914;0;0;0.07999999999998408;0.01999999999998181;0.2600000000002183;0.6000000000003638
1690729473;0.5700000000069849;0.4099999999998545;0;0;0.060000000000002274;0.009999999999990905;0.2800000000002001;0.6000000000003638
1690729474;0.5800000000162981;0.38000000000010914;0;0;0.06999999999999318;0.020000000000038654;0.3000000000001819;0.5599999999994907
1690729475;0.3800000000046566;0.599999999999909;0;0;0.05000000000001137;0;0.21999999999934516;0.5399999999990541
1690729476;0;1.0300000000002;0;0;0.07999999999998408;0.009999999999990905;0.2300000000000182;0.5600000000013097
1690729477;0.22999999998137355;0.75;0;0;0.05000000000001137;0.009999999999990905;0.28000000000065484;0.5499999999992724
1690729478;0.8399999999965075;0.09999999999990905;0;0;0.09000000000000341;0.01999999999998181;0.2599999999993088;0.5499999999992724
1690729479;0.6799999999930151;0.3000000000001819;0;0;0.060000000000002274;0;0.28000000000065484;0.5200000000004366
1690729480;0.07000000000698492;0.9499999999998181;0;0;0.0800000000000125;0.009999999999990905;0.18999999999959982;0.5900000000001455
1690729481;0;0.9499999999998181;0;0;0.0800000000000125;0;0.22000000000025466;0.5799999999999272
1690729482;0.7000000000116415;0.28000000000065484;0;0;0.08999999999997499;0.03000000000002956;0.3299999999994725;0.6500000000014552
1690729483;1;0;0;0;0.04999999999998295;0.009999999999990905;0.2200000000007094;0.5299999999988358
1690729484;0.7300000000104774;0.2699999999999818;0;0;0.060000000000030695;0;0.25999999999976353;0.6299999999991996
1690729485;0.03999999997904524;0.9599999999995816;0;0;0.060000000000002274;0.01999999999998181;0.2300000000000182;0.6000000000021828
1690729486;0;1.0199999999999818;0;0;0.07999999999998408;0;0.21000000000003638;0.5299999999988358
1690729487;0.1900000000023283;0.7699999999999818;0;0;0.06999999999999318;0.020000000000038654;0.2899999999995089;0.6000000000003638
1690729488;0.7900000000081491;0.17000000000007276;0;0;0.060000000000030695;0.009999999999990905;0.260000000000673;0.569999999999709
1690729489;0.8200000000069849;0.19000000000005457;0;0;0.04999999999998295;0.009999999999990905;0.24999999999954525;0.6299999999991996
1690729490;0.3699999999953434;0.5799999999999272;0;0;0.060000000000002274;0;0.2600000000002183;0.6200000000008004
1690729491;0.35000000000582077;0.6799999999998363;0;0;0.05999999999997385;0;0.23999999999978172;0.5400000000008731
1690729492;0.5400000000081491;0.40000000000009095;0;0;0.10000000000002274;0.009999999999990905;0.3000000000001819;0.56999999999789
1690729493;0.8599999999860302;0.09000000000014552;0;0;0.09000000000000341;0.03000000000002956;0.24999999999954525;0.6000000000003638
1690729494;0.6900000000023283;0.3200000000001637;0;0;0.05000000000001137;0;0.21000000000049113;0.5500000000010914
1690729495;0.4800000000104774;0.4899999999997817;0;0;0.04999999999998295;0;0.24999999999954525;0.6199999999989814
1690729496;0.4400000000023283;0.5500000000001819;0;0;0.04999999999998295;0;0.1700000000005275;0.6100000000005821
1690729497;0.4499999999825377;0.569999999999709;0;0;0.060000000000002274;0;0.27999999999974534;0.6100000000005821
1690729498;0.7999999999883585;0.13000000000010914;0;0;0.09999999999999432;0.01999999999998181;0.25000000000045475;0.5499999999992724
1690729499;0.5299999999988358;0.36999999999989086;0;0;0.10000000000002274;0.029999999999972715;0.2799999999992906;0.5999999999985448
1690729500;0.4400000000023283;0.5700000000001637;0;0;0.07999999999998408;0;0.27000000000043656;0.5500000000010914
1690729501;0.41999999998370185;0.5799999999999272;0;0;0.05000000000001137;0.009999999999990905;0.24999999999954525;0.5799999999999272
1690729502;0.46000000002095476;0.5500000000001819;0;0;0.05000000000001137;0;0.2800000000002001;0.569999999999709
1690729503;0.4599999999918509;0.5199999999999818;0;0;0.06999999999999318;0.040000000000020464;0.25;0.569999999999709
1690729504;0.5899999999965075;0.34999999999990905;0;0;0.09000000000000341;0.03000000000002956;0.27000000000043656;0.5600000000013097
1690729505;0.5200000000186265;0.4800000000000182;0;0;0.0800000000000125;0;0.27999999999974534;0.569999999999709
1690729506;0.4399999999732245;0.569999999999709;0;0;0.03999999999999204;0;0.25;0.5799999999999272
1690729507;0.6500000000232831;0.3400000000001455;0;0;0.06999999999999318;0.01999999999998181;0.25999999999976353;0.5199999999986176
1690729508;0.8800000000046566;0.07000000000016371;0;0;0.040000000000020464;0.01999999999998181;0.24000000000023647;0.6200000000008004
1690729509;0.6700000000128057;0.27999999999974534;0;0;0.07999999999998408;0;0.23999999999978172;0.6399999999994179
1690729510;0.4599999999918509;0.5199999999999818;0;0;0.09000000000000341;0;0.21000000000049113;0.5500000000010914
1690729511;0.4299999999930151;0.5799999999999272;0;0;0.060000000000002274;0;0.1799999999998363;0.5799999999999272
1690729512;0.35000000000582077;0.650000000000091;0;0;0.09999999999999432;0.029999999999972715;0.23999999999978172;0.5500000000010914
1690729513;0.39000000001396984;0.5700000000001637;0;0;0.020000000000010232;0.030000000000086402;0.29999999999972715;0.5999999999985448
1690729514;0.5799999999871943;0.40000000000009095;0;0;0.04999999999998295;0;0.23000000000047294;0.570000000001528
1690729515;0.5;0.5;0;0;0.01999999999998181;0;0.21000000000003638;0.5999999999985448
1690729516;0.45000000001164153;0.5299999999997453;0;0;0.0800000000000125;0.029999999999972715;0.2699999999999818;0.6000000000003638
1690729517;0.639999999984866;0.3100000000004002;0;0;0.10000000000002274;0.01999999999998181;0.27999999999974534;0.569999999999709
1690729518;1;0;0;0;0.07999999999998408;0.009999999999990905;0.25000000000045475;0.569999999999709
1690729519;0.75;0.23999999999978172;0;0;0.06999999999999318;0.009999999999990905;0.25999999999976353;0.5500000000010914
1690729520;0.04999999998835847;0.8800000000001091;0;0;0.06999999999999318;0.010000000000047748;0.25999999999976353;0.569999999999709
1690729521;0;1.0399999999999636;0;0;0.03999999999999204;0;0.25;0.570000000001528
1690729522;0.14999999999417923;0.8000000000001819;0;0;0.0800000000000125;0;0.2600000000002183;0.6299999999991996
1690729523;0.4800000000104774;0.45999999999958163;0;0;0.05000000000001137;0.05999999999994543;0.2199999999997999;0.6299999999991996
1690729524;0.45000000001164153;0.6100000000001273;0;0;0.06999999999999318;0;0.20000000000027285;0.5799999999999272
1690729525;0.5499999999883585;0.4899999999997817;0;0;0.040000000000020464;0.020000000000038654;0.1999999999998181;0.5900000000001455
1690729526;0.5599999999976717;0.5100000000002183;0;0;0.06999999999996476;0.009999999999990905;0.24000000000023647;0.6299999999991996
1690729527;0.41000000000349246;0.6599999999998545;0;0;0.0700000000000216;0.01999999999998181;0.2199999999997999;0.5100000000002183
1690729528;0.3699999999953434;0.3000000000001819;0;0;0.03999999999999204;0.020000000000038654;0.2199999999997999;0.9600000000009459
1690729529;0.23999999999068677;0;0;0;0.0700000000000216;0.009999999999990905;0.2600000000002183;1.3700000000008004
1690729530;0.22000000003026798;0.0500000000001819;0;0;0.10999999999998522;0;0.25999999999976353;1.3999999999978172
1690729531;0.18999999997322448;0.09000000000014552;0;0;0.09000000000000341;0.009999999999990905;0.22000000000025466;1.3500000000003638
1690729532;0.07000000000698492;0.21000000000003638;0;0;0.09000000000000341;0.01999999999998181;0.25;1.4100000000016735
1690729533;0;0.08999999999969077;0;0;0.04999999999998295;0;0.20999999999958163;1.5999999999985448
1690729534;0.010000000009313226;0.03999999999996362;0;0;0.06999999999999318;0.009999999999990905;0.25000000000045475;1.6500000000014552
1690729535;0;0;0;0;0.05000000000001137;0;0.23999999999978172;1.679999999998472
1690729536;0.009999999980209395;0;0;0;0.03999999999999204;0;0.2300000000000182;1.7300000000013824
1690729537;0.010000000009313226;0;0;0;0.060000000000002274;0;0.25;1.6699999999982538
1690729538;0;0;0;0;0.05000000000001137;0;0.2600000000002183;1.7400000000016007
1690729539;0.010000000009313226;0.010000000000218279;0;0;0.06999999999999318;0.009999999999990905;0.1999999999998181;1.6999999999989086
1690729540;0;0.009999999999763531;0;0;0.040000000000020464;0;0.2300000000000182;1.7000000000007276
1690729541;0;0.15000000000009095;0;0;0.04999999999998295;0;0.20000000000027285;1.5599999999994907
1690729542;0;0.1999999999998181;0;0;0.07999999999998408;0.020000000000038654;0.33999999999969077;1.3299999999999272
1690729543;0.009999999980209395;0;0;0;0.05000000000001137;0;0.25999999999976353;1.6700000000000728
1690729544;0;0.0500000000001819;0;0;0.040000000000020464;0.009999999999990905;0.29000000000041837;1.6500000000014552
1690729545;0;0.010000000000218279;0;0;0.030000000000001137;0;0.2699999999999818;1.6899999999986903
1690729546;0;0.13999999999987267;0;0;0.03999999999999204;0;0.21000000000003638;1.5599999999994907
1690729547;0;1.7099999999995816;0;0;0.009999999999990905;0;0.07999999999992724;0.12999999999919964
1690729548;0;1.730000000000473;0;0;0.020000000000010232;0.020000000000038654;0.11999999999989086;0.1000000000003638
1690729549;0.08000000001629815;0.1299999999996544;0;0;0.08999999999997499;0.03999999999996362;0.29000000000041837;1.3800000000010186
1690729550;0;0;0;0;0.05000000000001137;0;0.2799999999992906;1.640000000001237
1690729551;0;0.03000000000020009;0;0;0.03999999999999204;0;0.24000000000023647;1.679999999998472
1690729552;0;0.010000000000218279;0;0;0.060000000000002274;0;0.25;1.6899999999986903
1690729553;0;0.3099999999994907;0;0;0.05000000000001137;0;0.18000000000029104;1.4500000000007276
1690729554;0;1.1300000000001091;0;0;0.06999999999999318;0.020000000000038654;0.2300000000000182;0.5200000000004366
1690729555;0;0.13999999999987267;0;0;0.04999999999998295;0.01999999999998181;0.23999999999978172;1.5200000000004366
1690729556;0;0;0;0;0.040000000000020464;0;0.19000000000005457;1.75
1690729557;0;0.13000000000010914;0;0;0.05000000000001137;0;0.22000000000025466;1.5999999999985448
1690729558;0;0.6700000000000728;0;0;0.07999999999998408;0.029999999999972715;0.30999999999994543;0.8700000000026193
1690729559;0.009999999980209395;0;0;0;0.060000000000002274;0.009999999999990905;0.21999999999934516;1.6999999999989086
1690729560;0;0.009999999999763531;0;0;0.040000000000020464;0;0.28000000000065484;1.6499999999996362
1690729561;0;0.03000000000020009;0;0;0.05999999999997385;0;0.18999999999959982;1.7300000000013824
1690729562;0;0.3900000000003274;0;0;0.05000000000001137;0;0.20000000000027285;1.2699999999986176
1690729563;0;1.8899999999998727;0;0;0;0;0.02999999999974534;0.049999999999272404
1690729564;0;1;0;0;0.04999999999998295;0.03000000000002956;0.20000000000027285;0.68000000000211
1690729565;0.02000000001862645;0.33999999999969077;0;0;0.060000000000002274;0.009999999999990905;0.25999999999976353;1.2799999999988358
1690729566;0;0;0;0;0.03999999999999204;0;0.17000000000007276;1.7700000000004366
1690729567;0;0.020000000000436557;0;0;0.03000000000002956;0;0.15999999999985448;1.7999999999992724
1690729568;0;0;0;0;0.05000000000001137;0;0.2600000000002183;1.6599999999998545
1690729569;0;0.25999999999976353;0;0;0.06999999999999318;0;0.2300000000000182;1.4200000000000728
1690729570;0;0.03000000000020009;0;0;0.030000000000001137;0;0.19000000000005457;1.7600000000002183
1690729571;0;0;0;0;0.03999999999999204;0;0.15999999999985448;1.7899999999990541
1690729572;0;0.25;0;0;0.030000000000001137;0.009999999999990905;0.2300000000000182;1.4600000000009459
1690729573;0.010000000009313226;0.01999999999998181;0;0;0.060000000000002274;0;0.27999999999974534;1.6000000000003638
1690729574;0.010000000009313226;0;0;0;0.04999999999998295;0;0.22000000000025466;1.6999999999989086
1690729575;0.009999999980209395;0.009999999999763531;0;0;0.05000000000001137;0;0.25999999999976353;1.68000000000211
1690729576;0;0.020000000000436557;0;0;0.03999999999999204;0;0.2699999999999818;1.6899999999986903
1690729577;0.010000000009313226;0.23999999999932697;0;0;0.060000000000002274;0;0.20000000000027285;1.5100000000002183
1690729578;0;1.1799999999998363;0;0;0.009999999999990905;0.009999999999990905;0.12000000000034561;0.5399999999990541
1690729579;0;0.43000000000029104;0;0;0.0800000000000125;0.040000000000020464;0.24999999999954525;1.2399999999997817
1690729580;0;0;0;0;0.01999999999998181;0;0.2600000000002183;1.7100000000009459
1690729581;0;0;0;0;0.010000000000019327;0;0.23999999999978172;1.7099999999991269
1690729582;0;0.2800000000002001;0;0;0.04999999999998295;0;0.18000000000029104;1.4600000000009459
1690729583;0;1.2100000000000364;0;0;0.010000000000019327;0.009999999999990905;0.11000000000012733;0.5300000000006548
1690729584;0;1.6499999999996362;0;0;0.010000000000019327;0.010000000000047748;0.10999999999967258;0.20999999999912689
1690729585;0;0.19000000000005457;0;0;0.07999999999998408;0.009999999999990905;0.2800000000002001;1.390000000001237
1690729586;0;0.010000000000218279;0;0;0.04999999999998295;0;0.23999999999978172;1.6900000000005093
1690729587;0;0.01999999999998181;0;0;0.020000000000010232;0;0.25000000000045475;1.6999999999989086
1690729588;0.010000000009313226;0.010000000000218279;0;0;0.05000000000001137;0.009999999999990905;0.2799999999992906;1.6499999999996362
1690729589;0;0.01999999999998181;0;0;0.04999999999998295;0;0.23000000000047294;1.7000000000007276
1690729590;0;0;0;0;0.05000000000001137;0;0.25999999999976353;1.7000000000007276
1690729591;0;0.20999999999958163;0;0;0.03999999999999204;0;0.1999999999998181;1.499999999998181
1690729592;0;0.8299999999999272;0;0;0.020000000000010232;0.01999999999998181;0.12000000000034561;0.9200000000000728
1690729593;0.010000000009313226;0.06000000000040018;0;0;0.08999999999997499;0.01999999999998181;0.25;1.5600000000013097
1690729594;0;0;0;0;0.030000000000001137;0;0.2699999999999818;1.7399999999979627
1690729595;0.009999999980209395;0.03000000000020009;0;0;0.05000000000001137;0;0.2300000000000182;1.6300000000010186
1690729596;0;0.10999999999967258;0;0;0.04999999999998295;0;0.1999999999998181;1.639999999999418
1690729597;0;0.6399999999998727;0;0;0.03000000000002956;0;0.17000000000007276;1.0800000000017462
1690729598;0;1.6200000000003456;0;0;0;0;0.0500000000001819;0.23999999999796273
1690729599;0;1.2299999999995634;0;0;0.030000000000001137;0.03000000000002956;0.17000000000007276;0.48000000000138243
1690729600;0;0.2699999999999818;0;0;0.04999999999998295;0.009999999999990905;0.2699999999999818;1.3999999999996362
1690729601;0.010000000009313226;0.010000000000218279;0;0;0.040000000000020464;0;0.26999999999952706;1.6499999999996362
1690729602;0;0;0;0;0.04999999999998295;0;0.21000000000003638;1.7299999999995634
1690729603;0.010000000009313226;0.4899999999997817;0;0;0.05000000000001137;0;0.11000000000012733;1.2299999999995634
1690729604;0;0.5;0;0;0.06999999999999318;0.029999999999972715;0.24000000000023647;1.1600000000016735
1690729605;0;0.010000000000218279;0;0;0.01999999999998181;0;0.22000000000025466;1.7199999999993452
1690729606;0;0.01999999999998181;0;0;0.010000000000019327;0;0.20999999999958163;1.7299999999995634
1690729607;0;0.2899999999999636;0;0;0.020000000000010232;0.020000000000038654;0.1999999999998181;1.5100000000002183
1690729608;0.029999999998835847;0.009999999999763531;0;0;0.029999999999972715;0;0.1700000000005275;1.7200000000011642
1690729609;0;0.010000000000218279;0;0;0.010000000000019327;0;0.11999999999943611;1.8299999999981083
1690729610;0.009999999980209395;0.11000000000012733;0;0;0.01999999999998181;0.01999999999998181;0.22000000000025466;1.639999999999418
1690729611;0;0.01999999999998181;0;0;0;0;0.15999999999985448;1.8000000000010914
1690729612;0;0.03999999999996362;0;0;0.030000000000001137;0;0.1799999999998363;1.7700000000004366
1690729613;0.009999999980209395;0;0;0;0.020000000000010232;0;0.18000000000029104;1.7399999999997817
1690729614;0.010000000009313226;0;0;0;0.030000000000001137;0;0.16000000000030923;1.8300000000017462
1690729615;0.02000000001862645;0;0;0;0.030000000000001137;0;0.21999999999934516;1.6899999999986903
1690729616;0;0;0;0;0.03999999999999204;0;0.20000000000027285;1.7600000000002183
1690729617;0.009999999980209395;0;0;0;0.010000000000019327;0.009999999999990905;0.19000000000005457;1.7899999999990541
1690729618;0.010000000009313226;0;0;0;0.01999999999998181;0;0.25;1.7300000000013824
1690729619;0.010000000009313226;0.0500000000001819;0;0;0.060000000000002274;0.009999999999990905;0.21000000000003638;1.5999999999985448
1690729620;0.009999999980209395;0.010000000000218279;0;0;0.05000000000001137;0.009999999999990905;0.24999999999954525;1.7000000000007276
1690729621;0;0;0;0;0.020000000000010232;0;0.2000000000007276;1.7699999999986176
1690729622;0.010000000009313226;0;0;0;0.07999999999998408;0;0.22999999999956344;1.680000000000291
1690729623;0;0;0;0;0.009999999999990905;0;0.2699999999999818;1.7100000000009459
1690729624;0.010000000009313226;0.1999999999998181;0;0;0.030000000000001137;0;0.11999999999989086;1.609999999998763
1690729625;0;0.4600000000000364;0;0;0;0;0.1799999999998363;1.290000000002692
1690729626;0;0.7199999999997999;0;0;0.060000000000002274;0.03000000000002956;0.16000000000076398;0.9599999999991269
1690729627;0.059999999997671694;0.09999999999990905;0;0;0.040000000000020464;0.010000000000047748;0.20999999999958163;1.5900000000001455
1690729628;0.009999999980209395;0;0;0;0.01999999999998181;0;0.17000000000007276;1.7999999999992724
1690729629;0;0.010000000000218279;0;0;0.03999999999999204;0;0.18000000000029104;1.7600000000002183
1690729630;0;0.04999999999972715;0;0;0.020000000000010232;0;0.15999999999985448;1.7800000000006548
1690729631;0.02000000001862645;0.3000000000001819;0;0;0.009999999999990905;0;0.13000000000010914;1.4899999999997817
1690729632;0.01999999998952262;0.36999999999989086;0;0;0.05000000000001137;0.03999999999996362;0.2699999999999818;1.249999999998181
1690729633;0;0;0;0;0.030000000000001137;0;0.25999999999976353;1.7100000000009459
1690729634;0.009999999980209395;0.009999999999763531;0;0;0.01999999999998181;0.009999999999990905;0.15000000000009095;1.75
1690729635;0.010000000009313226;0.010000000000218279;0;0;0;0;0.15000000000009095;1.8400000000001455
1690729636;0;0.01999999999998181;0;0;0.009999999999990905;0;0.15999999999939973;1.8000000000010914
1690729637;0;0;0;0;0.020000000000010232;0;0.23000000000047294;1.7199999999993452
1690729638;0.010000000009313226;0;0;0;0;0;0.1499999999996362;1.8799999999991996
1690729639;0;0.24000000000023647;0;0;0.03000000000002956;0;0.16000000000030923;1.569999999999709
1690729640;0;0.009999999999763531;0;0;0;0.009999999999990905;0.19000000000005457;1.7700000000004366
1690729641;0.010000000009313226;0;0;0;0;0;0.15999999999985448;1.860000000000582
1690729642;0;0;0;0;0.01999999999998181;0;0.1799999999998363;1.75
1690729643;0;0.020000000000436557;0;0;0.009999999999990905;0;0.1500000000005457;1.8500000000003638
1690729644;0.01999999998952262;0.03999999999996362;0;0;0.010000000000019327;0.009999999999990905;0.1799999999998363;1.7199999999993452
1690729645;0;0;0;0;0;0;0.19000000000005457;1.7999999999992724
1690729646;0.009999999980209395;0;0;0;0.009999999999990905;0;0.18999999999959982;1.7800000000006548
1690729647;0.030000000027939677;0;0;0;0.009999999999990905;0;0.13000000000010914;1.8299999999999272
1690729648;0;0.009999999999763531;0;0;0;0;0.12000000000034561;1.859999999998763
1690729649;0;0.009999999999763531;0;0;0.010000000000019327;0;0.1299999999996544;1.8800000000010186
1690729650;0;0.09999999999990905;0;0;0.01999999999998181;0.009999999999990905;0.19000000000005457;1.639999999999418
1690729651;0;0.3700000000003456;0;0;0.009999999999990905;0.009999999999990905;0.15999999999985448;1.4400000000005093
1690729652;0;1.3899999999998727;0;0;0.009999999999990905;0.009999999999990905;0.07999999999992724;0.500000000001819
1690729653;0.009999999980209395;0.9800000000000182;0;0;0.010000000000019327;0.020000000000095497;0.11000000000012733;0.8699999999989814
1690729654;0;0.8800000000001091;0;0;0.01999999999998181;0.009999999999990905;0.15000000000009095;0.929999999998472
1690729655;0.010000000009313226;0.6900000000000546;0;0;0;0.009999999999990905;0.15999999999985448;1.1500000000014552
1690729656;0.010000000009313226;0.43000000000029104;0;0;0.060000000000030695;0;0.29000000000041837;1.110000000000582
1690729657;0.010000000009313226;0.47999999999956344;0;0;0.060000000000002274;0;0.2300000000000182;1.1899999999986903
1690729658;0;0.49000000000023647;0;0;0.03999999999999204;0.009999999999990905;0.2699999999999818;1.139999999999418
1690729659;0;0.02999999999974534;0;0;0.040000000000020464;0.009999999999990905;0.20999999999958163;1.7700000000004366
1690729660;0;0.009999999999763531;0;0;0.029999999999972715;0;0.2699999999999818;1.6299999999991996
1690729661;0.07000000000698492;0.010000000000218279;0;0;0.03999999999999204;0;0.25;1.6600000000016735
1690729662;0;0.23999999999978172;0;0;0.0800000000000125;0.009999999999990905;0.24000000000023647;1.389999999999418
1690729663;0;0.010000000000218279;0;0;0.060000000000002274;0.009999999999990905;0.21000000000003638;1.7399999999997817
1690729664;0;0.01999999999998181;0;0;0.05000000000001137;0;0.22000000000025466;1.6600000000016735
1690729665;0;0.020000000000436557;0;0;0.05000000000001137;0.009999999999990905;0.29999999999972715;1.6499999999996362
1690729666;0.009999999980209395;0.009999999999763531;0;0;0.01999999999998181;0;0.2300000000000182;1.7199999999993452
1690729667;0;0.01999999999998181;0;0;0.040000000000020464;0;0.2199999999997999;1.7100000000009459
1690729668;0;0.010000000000218279;0;0;0.04999999999998295;0;0.20000000000027285;1.6899999999986903
1690729669;0.010000000009313226;0;0;0;0.029999999999972715;0.009999999999990905;0.25999999999976353;1.7000000000007276
1690729670;0;0.019999999999527063;0;0;0.040000000000020464;0.009999999999990905;0.2600000000002183;1.7100000000009459
1690729671;0.010000000009313226;0;0;0;0.03999999999999204;0;0.1999999999998181;1.7699999999986176
1690729672;0;0;0;0;0.060000000000002274;0;0.21000000000003638;1.679999999998472
1690729673;0;0.03000000000020009;0;0;0.060000000000002274;0;0.21000000000003638;1.7000000000025466
1690729674;0;0.40000000000009095;0;0;0.009999999999990905;0;0.15999999999985448;1.359999999998763
1690729675;0.009999999980209395;0.08999999999969077;0;0;0.09999999999999432;0.03000000000002956;0.3100000000004002;1.5100000000002183
1690729676;0.010000000009313226;0.010000000000218279;0;0;0.030000000000001137;0;0.2300000000000182;1.6899999999986903
1690729677;0;0.010000000000218279;0;0;0.030000000000001137;0;0.21999999999934516;1.750000000001819
1690729678;0;0.08999999999969077;0;0;0.040000000000020464;0;0.24000000000069122;1.6299999999991996
1690729679;0;0.4899999999997817;0;0;0.01999999999998181;0.009999999999990905;0.1299999999996544;1.2800000000006548
1690729680;0.009999999980209395;0.05999999999994543;0;0;0.0800000000000125;0.03000000000002956;0.25000000000045475;1.569999999999709
1690729681;0;0.020000000000436557;0;0;0.030000000000001137;0;0.19999999999936335;1.75
1690729682;0;0.009999999999763531;0;0;0.009999999999990905;0;0.1999999999998181;1.7899999999990541
1690729683;0;0.02999999999974534;0;0;0.020000000000010232;0;0.21000000000049113;1.7299999999995634
1690729684;0;0;0;0;0;0;0.15999999999985448;1.8000000000010914
1690729685;0.2900000000081491;0.3000000000001819;0;0;0.009999999999990905;0;0.13000000000010914;1.2600000000002183
1690729686;0.010000000009313226;0.010000000000218279;0;0;0.030000000000001137;0;0.24000000000023647;1.7199999999993452
1690729687;0;0;0;0;0.009999999999990905;0;0.15999999999985448;1.8700000000008004
1690729688;0;0;0;0;0.020000000000010232;0;0.1799999999998363;1.7699999999986176
1690729689;0;0;0;0;0;0;0.17000000000007276;1.8000000000010914
1690729690;0.009999999980209395;0.02999999999974534;0;0;0.01999999999998181;0.009999999999990905;0.17000000000007276;1.7700000000004366
1690729691;0.010000000009313226;0.010000000000218279;0;0;0;0;0.19000000000005457;1.8099999999994907
1690729692;0;0;0;0;0.010000000000019327;0;0.11999999999989086;1.8100000000013097
1690729693;0;0.11000000000012733;0;0;0;0;0.15999999999985448;1.749999999998181
1690729694;0;0.15999999999985448;0;0;0.010000000000019327;0.009999999999990905;0.13000000000010914;1.6900000000005093
1690729695;0;0.38000000000010914;0;0;0.01999999999998181;0.01999999999998181;0.21000000000003638;1.319999999999709
1690729696;0.010000000009313226;0.03999999999996362;0;0;0.01999999999998181;0;0.169999999999618;1.7800000000006548
1690729697;0;0;0;0;0;0;0.12000000000034561;1.889999999999418
1690729698;0.009999999980209395;0.02999999999974534;0;0;0.020000000000038654;0;0.1999999999998181;1.7199999999993452
1690729699;0;0;0;0;0;0;0.12000000000034561;1.890000000001237
1690729700;0.010000000009313226;0.010000000000218279;0;0;0.030000000000001137;0;0.1299999999996544;1.819999999999709
1690729701;0;0.010000000000218279;0;0;0.009999999999990905;0;0.13000000000010914;1.8299999999999272
1690729702;0;0.009999999999763531;0;0;0.01999999999998181;0;0.11999999999989086;1.8400000000001455
1690729703;0;0.04999999999972715;0;0;0.010000000000019327;0.01999999999998181;0.16000000000030923;1.7600000000002183
1690729704;0;0.8000000000001819;0;0;0.009999999999990905;0.010000000000047748;0.11999999999989086;1.0799999999999272
1690729705;0;0;0;0;0.009999999999990905;0;0.1799999999998363;1.7999999999992724
1690729706;0;0;0;0;0;0.009999999999990905;0.1799999999998363;1.8100000000013097
1690729707;0.010000000009313226;0;0;0;0.010000000000019327;0;0.17000000000007276;1.8099999999994907
1690729708;0;0;0;0;0.01999999999998181;0;0.1700000000005275;1.7899999999990541
1690729709;0.010000000009313226;0.03000000000020009;0;0;0.009999999999990905;0.009999999999990905;0.13999999999987267;1.8099999999994907
1690729710;0;0;0;0;0;0;0.1799999999998363;1.819999999999709
1690729711;0;0;0;0;0.020000000000010232;0;0.13999999999987267;1.860000000000582
1690729712;0.009999999980209395;0.010000000000218279;0;0;0;0;0.12000000000034561;1.8299999999999272
1690729713;0;0;0;0;0;0;0.1499999999996362;1.8299999999999272
1690729714;0.02000000001862645;0.20999999999958163;0;0;0.009999999999990905;0;0.15000000000009095;1.570000000001528
1690729715;0;0.06000000000040018;0;0;0.030000000000001137;0.020000000000038654;0.19000000000005457;1.7099999999991269
1690729716;0;0.009999999999763531;0;0;0;0;0.14000000000032742;1.8400000000001455
1690729717;0.009999999980209395;0;0;0;0;0;0.169999999999618;1.7999999999992724
1690729718;0;0;0;0;0.009999999999990905;0;0.15999999999985448;1.8299999999999272
1690729719;0.010000000009313226;0;0;0;0;0;0.12000000000034561;1.860000000000582
1690729720;0;0.09000000000014552;0;0;0.020000000000010232;0.01999999999998181;0.18999999999959982;1.750000000001819
1690729721;0.04999999998835847;0.7099999999995816;0;0;0.03999999999999204;0.009999999999990905;0.15000000000009095;0.999999999998181
1690729722;0;0.03000000000020009;0;0;0.010000000000019327;0;0.17000000000007276;1.8400000000001455
1690729723;0;0;0;0;0;0.009999999999990905;0.17000000000007276;1.7899999999990541
1690729724;0;0;0;0;0.01999999999998181;0;0.22000000000025466;1.7700000000022555
1690729725;0.02000000001862645;0;0;0;0;0.009999999999990905;0.1499999999996362;1.819999999999709
1690729726;0.009999999980209395;0.009999999999763531;0;0;0.010000000000019327;0;0.14000000000032742;1.7999999999992724
1690729727;0;0.010000000000218279;0;0;0.009999999999990905;0;0.18999999999959982;1.8100000000013097
1690729728;0;0.010000000000218279;0;0;0.030000000000001137;0.009999999999990905;0.23999999999978172;1.6599999999980355
1690729729;0.010000000009313226;0;0;0;0;0;0.13000000000010914;1.890000000001237
1690729730;0.009999999980209395;0;0;0;0;0;0.20000000000027285;1.75
1690729731;0;0;0;0;0.020000000000010232;0;0.15999999999985448;1.8299999999981083
1690729732;0;0.009999999999763531;0;0;0.009999999999990905;0;0.13000000000010914;1.8500000000003638
1690729733;0;0.01999999999998181;0;0;0.010000000000019327;0;0.1799999999998363;1.7700000000004366
1690729734;0;0.0500000000001819;0;0;0;0;0.11999999999989086;1.7899999999990541
1690729735;0.010000000009313226;0.22999999999956344;0;0;0.01999999999998181;0.01999999999998181;0.19000000000005457;1.5300000000006548
1690729736;0;0.1300000000005639;0;0;0.020000000000010232;0;0.1300000000005639;1.7400000000016007
1690729737;0;0;0;0;0;0;0.169999999999618;1.7999999999992724
1690729738;0;0.01999999999998181;0;0;0;0.010000000000047748;0.12000000000034561;1.8700000000008004
1690729739;0;0.13999999999987267;0;0;0.030000000000001137;0;0.1499999999996362;1.6499999999996362
1690729740;0;0;0;0;0;0;0.17000000000007276;1.819999999999709
1690729741;0.11999999999534339;0.1499999999996362;0;0;0.009999999999990905;0.03000000000002956;0.15000000000009095;1.5799999999999272
1690729742;0;0.03000000000020009;0;0;0.010000000000019327;0.009999999999990905;0.13999999999987267;1.7800000000006548
1690729743;0.010000000009313226;0.010000000000218279;0;0;0.030000000000001137;0;0.20000000000027285;1.7700000000004366
1690729744;0.010000000009313226;0;0;0;0;0;0.13999999999987267;1.8400000000001455
1690729745;0.010000000009313226;0;0;0;0.009999999999990905;0;0.15999999999985448;1.859999999998763
1690729746;0;0.010000000000218279;0;0;0;0;0.18000000000029104;1.7899999999990541
1690729747;0;0;0;0;0;0;0.1499999999996362;1.8400000000001455
1690729748;0;0.5799999999999272;0;0;0.009999999999990905;0;0.13000000000010914;1.2600000000002183
1690729749;0.009999999980209395;0.0799999999994725;0;0;0.060000000000002274;0;0.17000000000007276;1.6700000000000728
1690729750;0;0;0;0;0;0;0.11999999999989086;1.8700000000008004
1690729751;0.02000000001862645;0;0;0;0.009999999999990905;0;0.13000000000010914;1.8299999999999272
1690729752;0;0;0;0;0;0;0.17000000000007276;1.8400000000001455
1690729753;0;0.010000000000218279;0;0;0.009999999999990905;0;0.13999999999987267;1.8500000000003638
1690729754;0;0.009999999999763531;0;0;0.009999999999990905;0.009999999999990905;0.18000000000029104;1.7699999999986176
1690729755;0.009999999980209395;0.010000000000218279;0;0;0.010000000000019327;0;0.1999999999998181;1.7800000000006548
1690729756;0.610000000015134;0.599999999999909;0;0;0.009999999999990905;0.009999999999990905;0.08999999999969077;0.680000000000291
1690729757;0.5299999999988358;0.5300000000002001;0;0;0;0;0.09000000000014552;0.7800000000006548
1690729758;0.010000000009313226;0.04999999999972715;0;0;0.009999999999990905;0.009999999999990905;0.21000000000003638;1.7299999999995634
1690729759;0;0;0;0;0.010000000000019327;0;0.15999999999985448;1.8499999999985448
1690729760;0;0.03999999999996362;0;0;0.009999999999990905;0;0.1700000000005275;1.7800000000006548
1690729761;0;0.010000000000218279;0;0;0.030000000000001137;0.01999999999998181;0.19999999999936335;1.75
1690729762;0.010000000009313226;0;0;0;0.010000000000019327;0;0.15000000000009095;1.8400000000001455
1690729763;0.009999999980209395;0;0;0;0;0;0.08000000000038199;1.8700000000008004
1690729764;0;0.01999999999998181;0;0;0;0;0.10999999999967258;1.8500000000003638
1690729765;0.010000000009313226;0;0;0;0.020000000000010232;0;0.14000000000032742;1.8399999999983265
1690729766;0;0.01999999999998181;0;0;0;0.009999999999990905;0.13999999999987267;1.8299999999999272
1690729767;0;0;0;0;0.029999999999972715;0;0.1799999999998363;1.8100000000013097
1690729768;0.010000000009313226;0;0;0;0;0;0.16000000000030923;1.7999999999992724
1690729769;0;0;0;0;0;0;0.1799999999998363;1.8400000000001455
1690729770;0.01999999998952262;0.009999999999763531;0;0;0;0;0.09999999999990905;1.8400000000001455
1690729771;0.009999999980209395;0.03000000000020009;0;0;0.030000000000001137;0.009999999999990905;0.18000000000029104;1.7399999999997817
1690729772;0;0.009999999999763531;0;0;0;0;0.13999999999941792;1.8099999999994907
1690729773;0;0.010000000000218279;0;0;0;0;0.12000000000034561;1.890000000001237
1690729774;0.010000000009313226;0;0;0;0.030000000000001137;0;0.15999999999985448;1.8099999999994907
1690729775;0.010000000009313226;0;0;0;0;0;0.12000000000034561;1.8399999999983265
1690729776;0.02000000001862645;0.010000000000218279;0;0;0.010000000000019327;0;0.20999999999958163;1.750000000001819
1690729777;0.009999999980209395;0.009999999999763531;0;0;0.009999999999990905;0;0.18000000000029104;1.7899999999990541
1690729778;0;0;0;0;0.009999999999990905;0;0.19000000000005457;1.7900000000008731
1690729779;0;0.010000000000218279;0;0;0;0;0.19000000000005457;1.7799999999988358
1690729780;0;0.2800000000002001;0;0;0;0.020000000000038654;0.1499999999996362;1.5900000000019645
1690729781;0.010000000009313226;0.20999999999958163;0;0;0.020000000000010232;0.009999999999990905;0.18000000000029104;1.5399999999990541
1690729782;0;0;0;0;0.01999999999998181;0;0.18999999999959982;1.749999999998181
1690729783;0.010000000009313226;0;0;0;0.010000000000019327;0;0.1700000000005275;1.820000000001528
1690729784;0;0.01999999999998181;0;0;0;0;0.09999999999990905;1.8799999999991996
1690729785;0;0;0;0;0;0;0.15999999999985448;1.8400000000001455
1690729786;0;0.4499999999998181;0;0;0.05000000000001137;0.010000000000047748;0.18000000000029104;1.320000000001528
1690729787;0;0;0;0;0;0;0.13999999999987267;1.8099999999994907
1690729788;0;0.03000000000020009;0;0;0;0;0.0999999999994543;1.8500000000003638
1690729789;0;0.009999999999763531;0;0;0;0;0.14000000000032742;1.8400000000001455
1690729790;0.009999999980209395;0.010000000000218279;0;0;0.05000000000001137;0.009999999999990905;0.21000000000003638;1.7199999999993452
1690729791;0.029999999998835847;0;0;0;0.009999999999990905;0;0.15000000000009095;1.8099999999994907
1690729792;0;0;0;0;0.009999999999990905;0;0.17000000000007276;1.819999999999709
1690729793;0;0.01999999999998181;0;0;0;0;0.15999999999985448;1.8500000000003638
1690729794;0;0.03999999999996362;0;0;0.01999999999998181;0;0.11999999999989086;1.7900000000008731
1690729795;0;0.30999999999994543;0;0;0.010000000000019327;0.009999999999990905;0.11999999999989086;1.5399999999990541
1690729796;0;0.4400000000005093;0;0;0.009999999999990905;0.009999999999990905;0.19000000000050932;1.3700000000008004
1690729797;0.010000000009313226;0.04999999999972715;0;0;0.009999999999990905;0;0.169999999999618;1.7299999999995634
1690729798;0;0.009999999999763531;0;0;0.010000000000019327;0.009999999999990905;0.13000000000010914;1.8299999999999272
1690729799;0.010000000009313226;0;0;0;0;0;0.1999999999998181;1.7800000000006548
1690729800;0;0;0;0;0.009999999999990905;0;0.18000000000029104;1.8400000000001455
1690729801;0.009999999980209395;0.020000000000436557;0;0;0.01999999999998181;0.01999999999998181;0.2300000000000182;1.7199999999993452
1690729802;0.010000000009313226;0;0;0;0;0;0.15000000000009095;1.8099999999994907
1690729803;0;0.009999999999763531;0;0;0;0;0.09999999999990905;1.9099999999998545
1690729804;0.010000000009313226;0;0;0;0;0;0.1499999999996362;1.7900000000008731
1690729805;0;0;0;0;0.010000000000019327;0;0.13000000000010914;1.889999999999418
1690729806;0.009999999980209395;0.3200000000001637;0;0;0.03999999999999204;0.01999999999998181;0.21000000000003638;1.3999999999996362
1690729807;0.009999999980209395;0;0;0;0;0;0.13000000000010914;1.860000000000582
1690729808;0.010000000009313226;0;0;0;0.009999999999990905;0;0.11999999999989086;1.8299999999999272
1690729809;0;0;0;0;0;0;0.11000000000012733;1.9200000000000728
1690729810;0;0;0;0;0.020000000000010232;0;0.16000000000030923;1.7600000000002183
1690729811;0;0.01999999999998181;0;0;0.03999999999999204;0;0.19999999999936335;1.7299999999995634
1690729812;0;0;0;0;0;0;0.12000000000034561;1.860000000000582
1690729813;0.010000000009313226;0.010000000000218279;0;0;0;0;0.17000000000007276;1.8400000000001455
1690729814;0.01999999998952262;0;0;0;0.010000000000019327;0;0.169999999999618;1.7999999999992724
1690729815;0;0;0;0;0.020000000000010232;0;0.15999999999985448;1.7800000000006548
1690729816;0;0;0;0;0;0;0.20000000000027285;1.8499999999985448
1690729817;0.010000000009313226;0.009999999999763531;0;0;0.01999999999998181;0.009999999999990905;0.15000000000009095;1.7400000000016007
1690729818;0;0.01999999999998181;0;0;0;0;0.15000000000009095;1.8499999999985448
1690729819;0;0;0;0;0;0.009999999999990905;0.1999999999998181;1.7900000000008731
1690729820;0;0.03999999999996362;0;0;0;0;0.21000000000003638;1.7399999999997817
1690729821;0;0.03000000000020009;0;0;0.040000000000020464;0;0.2300000000000182;1.6900000000005093
1690729822;0.4499999999825377;0.44000000000005457;0;0;0;0;0.09000000000014552;1.0199999999986176
1690729823;0.08000000001629815;0.11999999999943611;0;0;0.01999999999998181;0.010000000000047748;0.1799999999998363;1.5900000000019645
1690729824;0;0;0;0;0.009999999999990905;0;0.12000000000034561;1.859999999998763
1690729825;0.010000000009313226;0.01999999999998181;0;0;0;0;0.10999999999967258;1.8700000000008004
1690729826;0.01999999998952262;0.020000000000436557;0;0;0.009999999999990905;0;0.2699999999999818;1.639999999999418
1690729827;0.010000000009313226;0.01999999999998181;0;0;0.0700000000000216;0;0.2800000000002001;1.6300000000010186
1690729828;0;0;0;0;0.03999999999999204;0;0.2800000000002001;1.7099999999991269
1690729829;0;0.010000000000218279;0;0;0.05000000000001137;0;0.22999999999956344;1.6599999999998545
1690729830;0.010000000009313226;0.009999999999763531;0;0;0.05999999999997385;0.009999999999990905;0.2600000000002183;1.6599999999998545
1690729831;0;0.34999999999990905;0;0;0.040000000000020464;0.010000000000047748;0.25999999999976353;1.2999999999992724
1690729832;0;0.01999999999998181;0;0;0.03999999999999204;0;0.21000000000049113;1.7299999999995634
1690729833;0;0.21000000000003638;0;0;0.060000000000002274;0.029999999999972715;0.31999999999970896;1.3800000000010186
1690729834;0.01999999998952262;0;0;0;0.04999999999998295;0;0.20000000000027285;1.7600000000020373
1690729835;0;0.01999999999998181;0;0;0.040000000000020464;0;0.22999999999956344;1.7199999999993452
1690729836;0;0.0500000000001819;0;0;0.05000000000001137;0;0.25;1.639999999999418
1690729837;0.010000000009313226;0.08999999999969077;0;0;0.08999999999997499;0.009999999999990905;0.31999999999970896;1.4499999999989086
1690729838;0;0.03999999999996362;0;0;0.040000000000020464;0;0.29000000000041837;1.6200000000008004
1690729839;0;0;0;0;0.03999999999999204;0;0.2300000000000182;1.7199999999993452
1690729840;0;0.09000000000014552;0;0;0.04999999999998295;0.009999999999990905;0.2699999999999818;1.5600000000013097
1690729841;0;0.09000000000014552;0;0;0.0700000000000216;0;0.3200000000001637;1.5200000000004366
1690729842;0;0.03999999999996362;0;0;0.04999999999998295;0;0.2699999999999818;1.6599999999998545
1690729843;0;0.03999999999996362;0;0;0.030000000000001137;0;0.2199999999997999;1.6699999999982538
1690729844;0;0.3799999999996544;0;0;0.10000000000002274;0.029999999999972715;0.32999999999992724;1.1900000000023283
1690729845;0;0.010000000000218279;0;0;0.020000000000010232;0;0.22000000000025466;1.709999999997308
1690729846;0;0;0;0;0.04999999999998295;0;0.23999999999978172;1.7200000000011642
1690729847;0;0.03999999999996362;0;0;0.03999999999999204;0;0.21000000000003638;1.7000000000007276
1690729848;0;0.4699999999997999;0;0;0.04999999999998295;0;0.15999999999985448;1.2899999999990541
1690729849;0;1.5300000000006548;0;0;0;0;0.06000000000040018;0.33000000000174623
1690729850;0;1.4399999999995998;0;0;0.05000000000001137;0.01999999999998181;0.169999999999618;0.3099999999994907
1690729851;0;0.01999999999998181;0;0;0.06999999999999318;0.010000000000047748;0.2699999999999818;1.56999999999789
1690729852;0;0;0;0;0.0700000000000216;0;0.2300000000000182;1.7000000000025466
1690729853;0;0.06000000000040018;0;0;0.04999999999998295;0.010000000000047748;0.2699999999999818;1.6199999999989814
1690729854;0;0.6899999999995998;0;0;0.020000000000010232;0;0.18000000000029104;1.0899999999983265
1690729855;0;1.7300000000000182;0;0;0.01999999999998181;0.009999999999990905;0.07000000000016371;0.07000000000152795
1690729856;0;0.07999999999992724;0;0;0.09000000000000341;0.009999999999990905;0.2899999999995089;1.5399999999990541
1690729857;0;0.010000000000218279;0;0;0.060000000000030695;0;0.25000000000045475;1.7200000000011642
1690729858;0;0.2300000000000182;0;0;0.020000000000010232;0;0.19999999999936335;1.4799999999995634
1690729859;0;1.2100000000000364;0;0;0.009999999999990905;0;0.11000000000058208;0.5499999999992724
1690729860;0;1.4299999999998363;0;0;0.030000000000001137;0.029999999999972715;0.13999999999987267;0.4099999999998545
1690729861;0;0.18000000000029104;0;0;0.07999999999998408;0;0.2699999999999818;1.4400000000005093
1690729862;0;0;0;0;0.009999999999990905;0;0.20000000000027285;1.7700000000004366
1690729863;0;0.009999999999763531;0;0;0;0;0.1799999999998363;1.8399999999983265
1690729864;0;0;0;0;0;0;0.15999999999939973;1.8000000000010914
1690729865;0;0.8299999999999272;0;0;0;0;0.1300000000005639;1
1690729866;0;0.9899999999997817;0;0;0.010000000000019327;0;0.11999999999989086;0.8800000000010186
1690729867;0.009999999980209395;1.080000000000382;0;0;0.030000000000001137;0.05000000000001137;0.17000000000007276;0.6899999999986903
1690729868;0;0.9299999999998363;0;0;0.009999999999990905;0;0.08999999999969077;0.930000000000291
1690729869;0;0.9499999999998181;0;0;0;0;0.1300000000005639;0.930000000000291
1690729870;0;0.9400000000000546;0;0;0;0;0.07999999999992724;0.9500000000007276
1690729871;0;0.8800000000001091;0;0;0;0.009999999999990905;0.11999999999943611;0.9799999999995634
1690729872;0.029999999998835847;0.6400000000003274;0;0;0;0;0.20000000000027285;1.1299999999991996
1690729873;0.010000000009313226;0.02999999999974534;0;0;0.060000000000002274;0;0.30999999999994543;1.5599999999994907
1690729874;0;0.010000000000218279;0;0;0.04999999999998295;0.009999999999990905;0.2800000000002001;1.6300000000010186
1690729875;0;0.1999999999998181;0;0;0.060000000000030695;0;0.2199999999997999;1.5399999999990541
1690729876;0.009999999980209395;0.6700000000000728;0;0;0.04999999999998295;0.010000000000047748;0.2199999999997999;1.000000000001819
1690729877;0.010000000009313226;0.05999999999994543;0;0;0.04999999999998295;0.049999999999954525;0.2800000000002001;1.5499999999992724
1690729878;0;0;0;0;0.040000000000020464;0;0.19000000000005457;1.7700000000004366
1690729879;0;0.02999999999974534;0;0;0.010000000000019327;0;0.2199999999997999;1.7199999999993452
1690729880;0;0.06000000000040018;0;0;0.029999999999972715;0;0.2300000000000182;1.7099999999991269
1690729881;0;0.13999999999987267;0;0;0.05000000000001137;0;0.25;1.5400000000008731
1690729882;0;0.01999999999998181;0;0;0.060000000000002274;0;0.22000000000025466;1.7100000000009459
1690729883;0;0.02999999999974534;0;0;0.01999999999998181;0;0.169999999999618;1.7799999999988358
1690729884;0.010000000009313226;0;0;0;0.0800000000000125;0;0.260000000000673;1.640000000001237
1690729885;0;0.01999999999998181;0;0;0.01999999999998181;0;0.25999999999976353;1.7000000000007276
1690729886;0;0;0;0;0.030000000000001137;0;0.1999999999998181;1.7299999999977445
1690729887;0;0.020000000000436557;0;0;0.0800000000000125;0.01999999999998181;0.2600000000002183;1.6700000000018917
1690729888;0;0.01999999999998181;0;0;0.05000000000001137;0;0.24000000000023647;1.6999999999989086
1690729889;0;0.019999999999527063;0;0;0.029999999999972715;0;0.18999999999959982;1.7000000000007276
1690729890;0;0.0500000000001819;0;0;0.0700000000000216;0;0.22000000000025466;1.6900000000005093
1690729891;0;0.5199999999999818;0;0;0.020000000000010232;0;0.17000000000007276;1.1999999999989086
1690729892;0;0.3400000000001455;0;0;0.08999999999997499;0.03000000000002956;0.2599999999993088;1.3000000000010914
1690729893;0;0.03000000000020009;0;0;0.030000000000001137;0;0.2000000000007276;1.7299999999995634
1690729894;0;0.06999999999970896;0;0;0.040000000000020464;0;0.169999999999618;1.7299999999995634
1690729895;0;0.03000000000020009;0;0;0.04999999999998295;0;0.23999999999978172;1.6499999999996362
1690729896;0.009999999980209395;0.019999999999527063;0;0;0.03999999999999204;0;0.24000000000023647;1.6599999999998545
1690729897;0;0;0;0;0;0;0.15000000000009095;1.8700000000008004
1690729898;0;0.11000000000012733;0;0;0;0;0.11000000000012733;1.7599999999983993
1690729899;0;0.09000000000014552;0;0;0.03999999999999204;0.010000000000047748;0.18999999999959982;1.6900000000005093
1690729900;0;0;0;0;0.010000000000019327;0;0.16000000000030923;1.819999999999709
1690729901;0;0;0;0;0;0;0.15999999999985448;1.820000000001528
1690729902;0;0.020000000000436557;0;0;0;0.009999999999990905;0.15000000000009095;1.8099999999976717
1690729903;0.02000000001862645;0.13999999999941792;0;0;0.030000000000001137;0.01999999999998181;0.1799999999998363;1.6200000000008004
1690729904;0;0;0;0;0;0;0.17000000000007276;1.819999999999709
1690729905;0;0.010000000000218279;0;0;0.009999999999990905;0;0.13999999999987267;1.8400000000001455
1690729906;0;0.009999999999763531;0;0;0;0.009999999999990905;0.13000000000010914;1.8700000000008004
1690729907;0;0.12000000000034561;0;0;0;0.009999999999990905;0.13999999999987267;1.6899999999986903
1690729908;0.009999999980209395;0.04999999999972715;0;0;0.020000000000010232;0;0.1999999999998181;1.7600000000020373
1690729909;0;0.01999999999998181;0;0;0.009999999999990905;0.009999999999990905;0.12000000000034561;1.7999999999992724
1690729910;0;0.03999999999996362;0;0;0.020000000000010232;0.01999999999998181;0.17000000000007276;1.7699999999986176
1690729911;0.010000000009313226;0.020000000000436557;0;0;0.030000000000001137;0;0.2199999999997999;1.750000000001819
1690729912;0.010000000009313226;0.02999999999974534;0;0;0.030000000000001137;0;0.2300000000000182;1.6999999999989086
1690729913;0;0.01999999999998181;0;0;0.05000000000001137;0;0.2300000000000182;1.6599999999998545
1690729914;0.02000000001862645;0.010000000000218279;0;0;0.03999999999999204;0;0.27000000000043656;1.6700000000000728
1690729915;0.01999999998952262;0.09999999999990905;0;0;0.03999999999996362;0.010000000000047748;0.22999999999956344;1.610000000000582
1690729916;0.01999999998952262;0;0;0;0.040000000000020464;0;0.21000000000003638;1.6700000000000728
1690729917;0.009999999980209395;0.0500000000001819;0;0;0.03999999999999204;0.009999999999990905;0.22000000000025466;1.7099999999991269
1690729918;0.02000000001862645;0.02999999999974534;0;0;0.060000000000002274;0.009999999999990905;0.22999999999956344;1.6000000000003638
1690729919;0.009999999980209395;0.009999999999763531;0;0;0.060000000000030695;0;0.21000000000003638;1.7300000000013824
1690729920;0;0.020000000000436557;0;0;0.04999999999998295;0;0.2600000000002183;1.639999999999418
1690729921;0;0.04999999999972715;0;0;0.05000000000001137;0.009999999999990905;0.2300000000000182;1.6499999999996362
1690729922;0;0.09000000000014552;0;0;0.01999999999998181;0;0.21000000000003638;1.6499999999996362
1690729923;0.010000000009313226;0.07999999999992724;0;0;0.10999999999998522;0;0.34999999999990905;1.500000000001819
1690729924;0;0.05999999999994543;0;0;0.030000000000001137;0;0.22000000000025466;1.6299999999991996
1690729925;0;0.06999999999970896;0;0;0.05000000000003979;0;0.2300000000000182;1.6499999999996362
1690729926;0;0.42000000000007276;0;0;0.030000000000001137;0.009999999999990905;0.20999999999958163;1.2999999999992724
1690729927;0;0.06000000000040018;0;0;0.03999999999999204;0;0.19000000000050932;1.6999999999989086
1690729928;0;0.09999999999990905;0;0;0.009999999999990905;0;0.169999999999618;1.7100000000009459
1690729929;0;0.669999999999618;0;0;0.0800000000000125;0.009999999999990905;0.1999999999998181;1
1690729930;0;0.03000000000020009;0;0;0.04999999999998295;0;0.23000000000047294;1.680000000000291
1690729931;0;0.5100000000002183;0;0;0.030000000000001137;0;0.1799999999998363;1.2300000000013824
1690729932;0.010000000009313226;0.0500000000001819;0;0;0.030000000000001137;0;0.33999999999969077;1.9399999999986903
1690729933;0.009999999980209395;0.10999999999967258;0;0;0.05000000000001137;0.009999999999990905;0.15000000000009095;1.2900000000008731
1690729934;0;0.05999999999994543;0;0;0.07999999999998408;0.009999999999990905;0.34999999999990905;1.4699999999993452
1690729935;0;0.0500000000001819;0;0;0.030000000000001137;0;0.20000000000027285;1.6700000000000728
1690729936;0;0.02999999999974534;0;0;0.030000000000001137;0;0.24999999999954525;1.680000000000291
1690729937;0.010000000009313226;0.0500000000001819;0;0;0.030000000000001137;0;0.2200000000007094;1.6599999999998545
1690729938;0;0.01999999999998181;0;0;0.06999999999999318;0.009999999999990905;0.2899999999995089;1.680000000000291
1690729939;0.010000000009313226;0.18000000000029104;0;0;0.03999999999999204;0;0.1700000000005275;1.5200000000004366
1690729940;0;0.8499999999994543;0;0;0.030000000000001137;0.009999999999990905;0.19999999999936335;0.8399999999983265
1690729941;0;1.150000000000091;0;0;0.0700000000000216;0;0.24000000000023647;0.4500000000007276
1690729942;0;1.3400000000001455;0;0;0.03999999999999204;0.010000000000047748;0.11999999999989086;0.4500000000007276
1690729943;0;1.4400000000000546;0;0;0.009999999999990905;0;0.11000000000012733;0.2899999999990541
1690729944;0;1.2699999999999818;0;0;0.01999999999998181;0;0.11000000000012733;0.4500000000007276
1690729945;0;1.1299999999996544;0;0;0.040000000000020464;0.020000000000038654;0.2300000000000182;0.47999999999956344
1690729946;0;1.1900000000005093;0;0;0.04999999999998295;0;0.1999999999998181;0.4599999999991269
1690729947;0.010000000009313226;1.0799999999999272;0;0;0.040000000000020464;0.009999999999990905;0.15000000000009095;0.6100000000005821
1690729948;0;1.5900000000001455;0;0;0.009999999999990905;0;0.09999999999990905;0.2900000000008731
1690729949;0;1.7299999999995634;0;0;0.009999999999990905;0.009999999999990905;0.07999999999992724;0.13000000000101863
1690729950;0.27999999999883585;1.300000000000182;0;0;0;0.01999999999998181;0.11000000000012733;0.22999999999774445
1690729951;0.9599999999918509;0.8000000000001819;0;0;0;0;0.04999999999972715;0.2000000000007276
1690729952;0.11000000001513399;0.13999999999987267;0;0;0.030000000000001137;0.009999999999990905;0.25000000000045475;1.4099999999998545
1690729953;0.029999999998835847;0.010000000000218279;0;0;0.030000000000001137;0;0.23999999999978172;1.7100000000009459
1690729954;0.01999999998952262;0;0;0;0.010000000000019327;0;0.1799999999998363;1.7299999999995634
1690729955;0.009999999980209395;0.02999999999974534;0;0;0.01999999999998181;0;0.2800000000002001;1.6700000000000728
1690729956;0.010000000009313226;0;0;0;0.040000000000020464;0;0.25999999999976353;1.679999999998472
1690729957;0;0.07999999999992724;0;0;0.05000000000001137;0;0.3000000000001819;1.6200000000008004
1690729958;0;0.03999999999996362;0;0;0.01999999999998181;0;0.19000000000005457;1.6899999999986903
1690729959;0.010000000009313226;0.09999999999990905;0;0;0.05000000000001137;0;0.20000000000027285;1.6600000000016735
1690729960;0;0.9400000000000546;0;0;0.060000000000002274;0.03000000000002956;0.1999999999998181;0.7199999999993452
1690729961;0;0.0500000000001819;0;0;0.030000000000001137;0.049999999999954525;0.19000000000005457;1.6700000000000728
1690729962;0.009999999980209395;0.03999999999996362;0;0;0.04999999999998295;0.040000000000020464;0.2699999999999818;1.5799999999999272
1690729963;0;0.09999999999990905;0;0;0.05000000000001137;0.009999999999990905;0.22000000000025466;1.6499999999996362
1690729964;0;0.06999999999970896;0;0;0.030000000000001137;0;0.23999999999932697;1.610000000000582
1690729965;0;0.030000000000654836;0;0;0.030000000000001137;0;0.23000000000047294;1.7399999999997817
1690729966;0;0.4899999999997817;0;0;0.06999999999999318;0.009999999999990905;0.20999999999958163;1.1700000000018917
1690729967;0;0.02999999999974534;0;0;0;0;0.14000000000032742;1.819999999999709
1690729968;0;0.08000000000038199;0;0;0;0;0.13999999999987267;1.7899999999990541
1690729969;0;0.05999999999994543;0;0;0.030000000000001137;0;0.1999999999998181;1.7399999999997817
1690729970;0;0.02999999999974534;0;0;0.020000000000010232;0.010000000000047748;0.15000000000009095;1.7399999999997817
1690729971;0;0.04999999999972715;0;0;0;0;0.16000000000030923;1.7899999999990541
1690729972;0.010000000009313226;0.08000000000038199;0;0;0;0;0.09999999999990905;1.8000000000010914
1690729973;0;0.10999999999967258;0;0;0;0;0.15000000000009095;1.7600000000002183
1690729974;0;0.7200000000002547;0;0;0;0;0.11999999999989086;1.0900000000001455
1690729975;0.010000000009313226;0.07999999999992724;0;0;0.05000000000001137;0.009999999999990905;0.1999999999998181;1.6599999999998545
1690729976;0;0.11000000000012733;0;0;0.009999999999990905;0;0.17000000000007276;1.7000000000007276
1690729977;0;0.03999999999996362;0;0;0;0;0.17000000000007276;1.7699999999986176
1690729978;0;0.07999999999992724;0;0;0.030000000000001137;0;0.2199999999997999;1.6600000000016735
1690729979;0;0.07999999999992724;0;0;0.009999999999990905;0;0.1700000000005275;1.7599999999983993
1690729980;0;0.11999999999989086;0;0;0.009999999999990905;0.009999999999990905;0.13999999999987267;1.68000000000211
1690729981;0;0.7100000000000364;0;0;0;0;0.10999999999967258;1.1599999999980355
1690729982;0;0.07000000000016371;0;0;0.03999999999999204;0;0.2699999999999818;1.6200000000008004
1690729983;0;0.03999999999996362;0;0;0.010000000000019327;0;0.13000000000010914;1.8299999999999272
1690729984;0;0.06000000000040018;0;0;0;0;0.13000000000010914;1.7800000000006548
1690729985;0;0.07999999999992724;0;0;0;0;0.11999999999989086;1.8099999999994907
1690729986;0;0.07000000000016371;0;0;0.009999999999990905;0;0.19000000000005457;1.7299999999995634
1690729987;0.009999999980209395;0.019999999999527063;0;0;0;0;0.1999999999998181;1.7099999999991269
1690729988;0.010000000009313226;0.020000000000436557;0;0;0.009999999999990905;0;0.19000000000005457;1.7700000000004366
1690729989;0;0.05999999999949068;0;0;0;0.009999999999990905;0.15000000000009095;1.819999999999709
1690729990;0;0.03000000000020009;0;0;0;0;0.1499999999996362;1.7800000000006548
1690729991;0;0.05999999999994543;0;0;0;0;0.1500000000005457;1.7600000000002183
1690729992;0;0.010000000000218279;0;0;0.040000000000020464;0.009999999999990905;0.20999999999958163;1.75
1690729993;0;0.03999999999996362;0;0;0.01999999999998181;0;0.24000000000023647;1.6999999999989086
1690729994;0;0.019999999999527063;0;0;0;0;0.19000000000005457;1.7800000000006548
1690729995;0;0.050000000000636646;0;0;0;0;0.11000000000012733;1.8299999999999272
1690729996;0;0.04999999999972715;0;0;0;0;0.17000000000007276;1.8000000000010914
1690729997;0;0.05999999999994543;0;0;0.009999999999990905;0;0.1999999999998181;1.7299999999995634
1690729998;0;0.09999999999990905;0;0;0.030000000000001137;0.010000000000047748;0.17000000000007276;1.7000000000007276
1690729999;0;0.01999999999998181;0;0;0;0;0.13999999999987267;1.7799999999988358
1690730000;0;0.09000000000014552;0;0;0;0;0.1799999999998363;1.7299999999995634
1690730001;0;0.03999999999996362;0;0;0.010000000000019327;0;0.13000000000010914;1.819999999999709
1690730002;0.010000000009313226;0.6200000000003456;0;0;0.010000000000019327;0;0.14000000000032742;1.2000000000007276
1690730003;0.010000000009313226;0.019999999999527063;0;0;0.009999999999990905;0;0.13999999999987267;1.8300000000017462
1690730004;0;1.1000000000003638;0;0;0;0;0.07999999999992724;0.7799999999988358
1690730005;0;1.6599999999998545;0;0;0.009999999999990905;0;0.04999999999972715;0.3000000000010914
1690730006;0;1.5399999999999636;0;0;0;0.009999999999990905;0.03999999999996362;0.3599999999987631
1690730007;0.010000000009313226;0.01999999999998181;0;0;0.040000000000020464;0;0.21000000000049113;1.6999999999989086
1690730008;0;0.01999999999998181;0;0;0;0;0.1499999999996362;1.8400000000019645
1690730009;0.35000000000582077;0.05999999999994543;0;0;0.009999999999990905;0.009999999999990905;0.09000000000014552;1.4599999999991269
1690730010;0;0.05999999999994543;0;0;0;0;0.15999999999985448;1.7599999999983993
1690730011;0;0.0500000000001819;0;0;0.029999999999972715;0;0.1799999999998363;1.7400000000016007
1690730012;0;0.01999999999998181;0;0;0.020000000000010232;0;0.18000000000029104;1.7999999999992724
1690730013;0.010000000009313226;0.01999999999998181;0;0;0;0;0.11999999999989086;1.819999999999709
1690730014;0;0.02999999999974534;0;0;0;0;0.14000000000032742;1.820000000001528
1690730015;0;0.12000000000034561;0;0;0;0;0.169999999999618;1.7299999999995634
1690730016;0;0.09999999999990905;0;0;0.010000000000019327;0.009999999999990905;0.13000000000010914;1.7199999999993452
1690730017;0;0.07999999999992724;0;0;0;0;0.21000000000003638;1.7100000000009459
1690730018;0;0.09999999999990905;0;0;0.009999999999990905;0;0.13000000000010914;1.7099999999991269
1690730019;0;0.09000000000014552;0;0;0.009999999999990905;0;0.17000000000007276;1.7799999999988358
1690730020;0.009999999980209395;0.01999999999998181;0;0;0.040000000000020464;0.009999999999990905;0.22999999999956344;1.640000000001237
1690730021;0;0.01999999999998181;0;0;0;0;0.15000000000009095;1.8100000000013097
1690730022;0.01999999998952262;0.02999999999974534;0;0;0;0;0.22000000000025466;1.7599999999983993
1690730023;0.010000000009313226;0;0;0;0.009999999999990905;0;0.15000000000009095;1.8000000000010914
1690730024;0.010000000009313226;0.03000000000020009;0;0;0.009999999999990905;0;0.13999999999987267;1.8500000000003638
1690730025;0;0.09000000000014552;0;0;0;0;0.11999999999989086;1.7399999999997817
1690730026;0;0.07999999999992724;0;0;0;0;0.15999999999985448;1.7399999999997817
1690730027;0;0.04999999999972715;0;0;0;0;0.18000000000029104;1.7999999999992724
1690730028;0;0.11000000000012733;0;0;0;0.009999999999990905;0.17000000000007276;1.6900000000005093
1690730029;0;0.01999999999998181;0;0;0.009999999999990905;0;0.15999999999939973;1.7699999999986176
1690730030;0;0.12000000000034561;0;0;0.010000000000019327;0;0.1500000000005457;1.7700000000022555
1690730031;0;0.5599999999994907;0;0;0.01999999999998181;0;0.15000000000009095;1.2299999999995634
1690730032;0;0.11000000000058208;0;0;0.010000000000019327;0;0.11999999999989086;1.7799999999988358
1690730033;0;0.03999999999996362;0;0;0;0;0.1299999999996544;1.8000000000010914
1690730034;0;0.05999999999949068;0;0;0.01999999999998181;0;0.15000000000009095;1.749999999998181
1690730035;0;0.03000000000020009;0;0;0;0;0.1700000000005275;1.8100000000013097
1690730036;0;0.15000000000009095;0;0;0.009999999999990905;0;0.169999999999618;1.6700000000000728
1690730037;0;0.36000000000012733;0;0;0.05000000000001137;0;0.17000000000007276;1.4099999999998545
1690730038;0;0.05999999999994543;0;0;0;0;0.15999999999985448;1.7799999999988358
1690730039;0;0.01999999999998181;0;0;0;0;0.07999999999992724;1.890000000001237
1690730040;0;0.05999999999994543;0;0;0.009999999999990905;0;0.17000000000007276;1.7599999999983993
1690730041;0;0.03999999999996362;0;0;0.030000000000001137;0;0.15000000000009095;1.75
1690730042;0.009999999980209395;0.009999999999763531;0;0;0;0;0.2300000000000182;1.7600000000020373
1690730043;0;0.11000000000012733;0;0;0.010000000000019327;0;0.09999999999990905;1.75
1690730044;0;0.03999999999996362;0;0;0;0;0.15000000000009095;1.8299999999999272
1690730045;0.010000000009313226;0.44000000000005457;0;0;0.009999999999990905;0.009999999999990905;0.13000000000010914;1.3400000000001455
1690730046;0;0.7300000000004729;0;0;0.04999999999998295;0;0.13999999999987267;1.0799999999981083
1690730047;0.010000000009313226;0.02999999999974534;0;0;0.020000000000010232;0;0.25;1.7000000000007276
1690730048;0;0.09000000000014552;0;0;0;0.009999999999990905;0.14000000000032742;1.7600000000002183
1690730049;0.010000000009313226;0.07999999999992724;0;0;0;0;0.09999999999990905;1.820000000001528
1690730050;0;0.11999999999989086;0;0;0;0;0.169999999999618;1.6599999999980355
1690730051;0;0.09000000000014552;0;0;0.009999999999990905;0;0.14000000000032742;1.7700000000004366
1690730052;0;0.11999999999989086;0;0;0;0;0.1799999999998363;1.6599999999998545
1690730053;0;0.09000000000014552;0;0;0.03999999999999204;0;0.2199999999997999;1.6700000000000728
1690730054;0.009999999980209395;0.009999999999763531;0;0;0.020000000000010232;0;0.17000000000007276;1.7600000000020373
1690730055;0;0.02999999999974534;0;0;0.009999999999990905;0;0.19000000000005457;1.7699999999967986
1690730056;0.21000000002095476;0.9700000000002547;0;0;0.010000000000019327;0;0.09000000000014552;0.7000000000007276
1690730057;0;1.849999999999909;0;0;0;0.009999999999990905;0.03999999999996362;0.13000000000101863
1690730058;0;1.7400000000002365;0;0;0;0;0.05999999999994543;0.20999999999912689
1690730059;0;1.7399999999997817;0;0;0;0;0.03999999999996362;0.17000000000007276
1690730060;0;1.8200000000001637;0;0;0.010000000000019327;0;0.03000000000020009;0.16000000000167347
1690730061;0;1.8699999999998909;0;0;0.009999999999990905;0;0.04999999999972715;0.05999999999949068
1690730062;0;0.03000000000020009;0;0;0.009999999999990905;0;0.1799999999998363;1.75
1690730063;0.009999999980209395;0.01999999999998181;0;0;0.009999999999990905;0;0.16000000000030923;1.7999999999992724
1690730064;0.009999999980209395;0.009999999999763531;0;0;0;0;0.13000000000010914;1.8400000000001455
1690730065;0.010000000009313226;0.010000000000218279;0;0;0.040000000000020464;0;0.1499999999996362;1.7600000000002183
1690730066;0.010000000009313226;0.010000000000218279;0;0;0;0;0.16000000000030923;1.8500000000003638
1690730067;0;0.009999999999763531;0;0;0.01999999999998181;0.009999999999990905;0.1799999999998363;1.7600000000002183
1690730068;0;0.0500000000001819;0;0;0;0;0.20000000000027285;1.7099999999991269
1690730069;0;0.0799999999994725;0;0;0;0;0.1499999999996362;1.7700000000004366
1690730070;0;0.03000000000020009;0;0;0;0;0.15000000000009095;1.7999999999992724
1690730071;0;0.02999999999974534;0;0;0;0;0.1499999999996362;1.8100000000013097
1690730072;0;0.03000000000020009;0;0;0;0;0.20000000000027285;1.7599999999983993
1690730073;0.010000000009313226;0.9700000000002547;0;0;0.03999999999999204;0.010000000000047748;0.14000000000032742;0.8400000000019645
1690730074;0.010000000009313226;0.02999999999974534;0;0;0.05000000000001137;0.010000000000047748;0.19000000000005457;1.7099999999991269
1690730075;0;0.010000000000218279;0;0;0;0;0.18999999999959982;1.7900000000008731
1690730076;0.009999999980209395;0.02999999999974534;0;0;0;0;0.12000000000034561;1.8400000000001455
1690730077;0;0.01999999999998181;0;0;0.009999999999990905;0.009999999999990905;0.1799999999998363;1.8099999999976717
1690730078;0;0.010000000000218279;0;0;0;0;0.1799999999998363;1.7700000000004366
1690730079;0;0.010000000000218279;0;0;0;0;0.13999999999987267;1.8800000000010186
1690730080;0;0.09999999999990905;0;0;0;0;0.22000000000025466;1.679999999998472
1690730081;0.009999999980209395;0.11999999999989086;0;0;0;0;0.13999999999987267;1.7000000000007276
1690730082;0;0.6799999999998363;0;0;0;0;0.11999999999989086;1.1599999999998545
1690730083;0;0.5;0;0;0.040000000000020464;0.01999999999998181;0.18000000000029104;1.2600000000002183
1690730084;0;0.06999999999970896;0;0;0.020000000000010232;0;0.19000000000005457;1.7099999999991269
1690730085;0;0.020000000000436557;0;0;0;0;0.17000000000007276;1.8000000000010914
1690730086;0.010000000009313226;0.20999999999958163;0;0;0.009999999999990905;0;0.1299999999996544;1.6299999999991996
1690730087;0;0.09000000000014552;0;0;0;0;0.1700000000005275;1.7200000000011642
1690730088;0.010000000009313226;0.05999999999994543;0;0;0;0;0.15999999999985448;1.7599999999983993
1690730089;0;0.13999999999987267;0;0;0.04999999999998295;0.009999999999990905;0.1299999999996544;1.6900000000005093
1690730090;0;0.15000000000009095;0;0;0.010000000000019327;0;0.13000000000010914;1.680000000000291
1690730091;0;0.23000000000047294;0;0;0.03999999999999204;0.009999999999990905;0.2699999999999818;1.4799999999995634
1690730092;0;0.07999999999992724;0;0;0;0;0.15999999999985448;1.7400000000016007
1690730093;0;0.05999999999994543;0;0;0.009999999999990905;0;0.16000000000030923;1.7699999999986176
1690730094;0;0.0500000000001819;0;0;0;0;0.1799999999998363;1.7200000000011642
1690730095;0;0.04999999999972715;0;0;0;0;0.13000000000010914;1.8500000000003638
1690730096;0;0.02999999999974534;0;0;0.010000000000019327;0;0.13999999999987267;1.7999999999992724
1690730097;0;0.03000000000020009;0;0;0;0;0.14000000000032742;1.8400000000001455
1690730098;0;0.05999999999994543;0;0;0.030000000000001137;0;0.19000000000005457;1.7299999999995634
1690730099;0;0.07999999999992724;0;0;0;0.009999999999990905;0.169999999999618;1.7299999999995634
1690730100;0.010000000009313226;0.03000000000020009;0;0;0.009999999999990905;0;0.15999999999985448;1.75
1690730101;0;0.009999999999763531;0;0;0.03999999999999204;0;0.21000000000003638;1.75
1690730102;0;0.020000000000436557;0;0;0;0;0.1700000000005275;1.7800000000006548
1690730103;0.009999999980209395;0.03999999999950887;0;0;0;0;0.18999999999959982;1.7399999999997817
1690730104;0;0.0500000000001819;0;0;0;0;0.1799999999998363;1.8099999999994907
1690730105;0;0.03999999999996362;0;0;0;0;0.15000000000009095;1.7799999999988358
1690730106;0;0.07999999999992724;0;0;0;0;0.11000000000012733;1.790000000002692
1690730107;0;0.09000000000014552;0;0;0.030000000000001137;0;0.169999999999618;1.6999999999989086
1690730108;0;0.01999999999998181;0;0;0.030000000000001137;0;0.14000000000032742;1.8299999999999272
1690730109;0;0.09000000000014552;0;0;0.01999999999998181;0;0.2199999999997999;1.6499999999996362
1690730110;0;0.11000000000012733;0;0;0;0.009999999999990905;0.16000000000030923;1.6900000000005093
1690730111;0;0.919999999999618;0;0;0.020000000000038654;0;0.09999999999990905;0.9400000000005093
1690730112;0;1.800000000000182;0;0;0;0.009999999999990905;0.07000000000016371;0.12999999999919964
1690730113;0;1.5599999999999454;0;0;0;0;0.05999999999949068;0.32999999999992724
1690730114;0.029999999998835847;1.5900000000001455;0;0;0;0;0.06000000000040018;0.3099999999994907
1690730115;0.3200000000069849;1.2899999999999636;0;0;0;0;0.01999999999998181;0.3400000000001455
1690730116;0.02000000001862645;0.3900000000003274;0;0;0.009999999999990905;0;0.1799999999998363;1.3800000000010186
1690730117;0;0.05999999999994543;0;0;0.009999999999990905;0;0.2199999999997999;1.680000000000291
1690730118;0.010000000009313226;0;0;0;0.009999999999990905;0;0.19000000000050932;1.819999999999709
1690730119;0.009999999980209395;0;0;0;0;0;0.19000000000005457;1.7800000000006548
1690730120;0.009999999980209395;0.009999999999763531;0;0;0.020000000000010232;0;0.11999999999943611;1.8400000000001455
1690730121;0.010000000009313226;0.01999999999998181;0;0;0;0;0.11000000000012733;1.819999999999709
1690730122;0;0.03999999999996362;0;0;0.01999999999998181;0;0.20000000000027285;1.7599999999983993
1690730123;0;0.11000000000012733;0;0;0;0;0.13999999999987267;1.750000000001819
1690730124;0;0.10999999999967258;0;0;0;0;0.13000000000010914;1.7099999999991269
1690730125;0;0.07000000000016371;0;0;0.010000000000019327;0;0.15000000000009095;1.7600000000002183
1690730126;0;0.13000000000010914;0;0;0;0;0.169999999999618;1.679999999998472
1690730127;0;0.5300000000002001;0;0;0.009999999999990905;0.009999999999990905;0.1500000000005457;1.2800000000006548
1690730128;0;0.08999999999969077;0;0;0.009999999999990905;0;0.15999999999939973;1.75
1690730129;0;0.05999999999994543;0;0;0;0;0.1300000000005639;1.7700000000004366
1690730130;0;0.10999999999967258;0;0;0.009999999999990905;0;0.1499999999996362;1.7100000000009459
1690730131;0;0.03000000000020009;0;0;0;0;0.13000000000010914;1.8299999999981083
1690730132;0;0.04000000000041837;0;0;0.040000000000020464;0.009999999999990905;0.15000000000009095;1.7800000000006548
1690730133;0.010000000009313226;0.03999999999996362;0;0;0.009999999999990905;0.010000000000047748;0.15999999999985448;1.7700000000004366
1690730134;0;0.03999999999996362;0;0;0;0;0.11999999999989086;1.820000000001528
1690730135;0.010000000009313226;0.03000000000020009;0;0;0;0;0.15000000000009095;1.7699999999986176
1690730136;0.009999999980209395;0.07999999999992724;0;0;0.020000000000010232;0;0.18000000000029104;1.7299999999995634
1690730137;0;0.04999999999972715;0;0;0;0;0.11999999999989086;1.819999999999709
1690730138;0;0.09000000000014552;0;0;0.009999999999990905;0;0.11999999999989086;1.7700000000004366
1690730139;0;0.07000000000016371;0;0;0.009999999999990905;0;0.15000000000009095;1.7600000000002183
1690730140;0;0.10999999999967258;0;0;0;0;0.11999999999989086;1.7800000000006548
1690730141;0;0.0500000000001819;0;0;0.040000000000020464;0;0.25;1.639999999999418
1690730142;0;0;0;0;0;0;0.1799999999998363;1.7899999999990541
1690730143;0;0.010000000000218279;0;0;0;0;0.13000000000010914;1.8700000000008004
1690730144;0;0.0999999999994543;0;0;0;0;0.13999999999987267;1.7400000000016007
1690730145;0;0.11000000000012733;0;0;0.020000000000010232;0;0.1500000000005457;1.7099999999991269
1690730146;0;0.11999999999989086;0;0;0;0;0.13999999999987267;1.7199999999993452
1690730147;0;0.12000000000034561;0;0;0;0;0.13999999999987267;1.7299999999995634
1690730148;0;0.169999999999618;0;0;0.060000000000002274;0;0.1799999999998363;1.610000000000582
1690730149;0.010000000009313226;0.06000000000040018;0;0;0;0;0.07999999999992724;1.819999999999709
1690730150;0;0.11999999999989086;0;0;0;0;0.14000000000032742;1.7000000000007276
1690730151;0;0.13999999999987267;0;0;0;0;0.17000000000007276;1.6999999999989086
1690730152;0;0.08999999999969077;0;0;0.030000000000001137;0.020000000000038654;0.2199999999997999;1.639999999999418
1690730153;0.010000000009313226;0.01999999999998181;0;0;0.009999999999990905;0.009999999999990905;0.22000000000025466;1.7300000000013824
1690730154;0;0.0500000000001819;0;0;0;0;0.11999999999989086;1.8500000000003638
1690730155;0;0.08000000000038199;0;0;0;0;0.1299999999996544;1.7599999999983993
1690730156;0;0.07999999999992724;0;0;0;0;0.17000000000007276;1.7200000000011642
1690730157;0;0.05999999999994543;0;0;0;0;0.1999999999998181;1.7399999999997817
1690730158;0;0.7100000000000364;0;0;0.01999999999998181;0;0.14000000000032742;1.109999999998763
1690730159;0;0.10999999999967258;0;0;0.030000000000001137;0;0.19000000000005457;1.640000000001237
1690730160;0;0.010000000000218279;0;0;0;0;0.15000000000009095;1.8400000000001455
1690730161;0;0.009999999999763531;0;0;0;0;0.15999999999985448;1.8299999999999272
1690730162;0;0.07000000000016371;0;0;0;0;0.19000000000005457;1.7299999999995634
1690730163;0;0.17000000000007276;0;0;0.020000000000010232;0;0.15999999999985448;1.6300000000010186
1690730164;0;1.4099999999998545;0;0;0;0.009999999999990905;0.06999999999970896;0.5100000000002183
1690730165;0;1.7400000000002365;0;0;0;0;0.06000000000040018;0.16999999999825377
1690730166;0;1.6899999999995998;0;0;0.020000000000010232;0.009999999999990905;0.06999999999970896;0.12000000000080036
1690730167;0.01999999998952262;0.5700000000001637;0;0;0.020000000000010232;0.009999999999990905;0.4000000000005457;0.9600000000009459
1690730170;0.012658227859890158;0.20253164557001166;0;0;0;0.012658227848089752;0.265822784809597;1.4303797468367323
1690730171;0;0.11000000000012733;0;0;0;0;0.18000000000029104;1.7099999999991269
1690730172;0.010000000009313226;0.0799999999994725;0;0;0.009999999999990905;0;0.16000000000030923;1.7300000000013824
1690730173;0.01999999998952262;0.03999999999996362;0;0;0.030000000000001137;0.03000000000002956;0.18999999999959982;1.7299999999995634
1690730174;0.04000000000814907;0.05999999999994543;0;0;0;0;0.19000000000005457;1.6699999999982538
1690730175;0;1.1300000000005639;0;0;0;0;0.07999999999992724;0.8000000000010914
1690730176;0.08999999999650754;1.449999999999818;0;0;0;0;0.07000000000016371;0.37000000000080036
1690730177;0.22000000000116415;1.0399999999999636;0;0;0;0;0.08999999999969077;0.5900000000001455
1690730178;0.010000000009313226;0.03999999999996362;0;0;0.020000000000010232;0.01999999999998181;0.15999999999985448;1.7699999999986176
1690730179;0.029999999969732016;0.07000000000016371;0;0;0.009999999999990905;0;0.12000000000034561;1.7900000000008731
1690730180;0.029999999998835847;1.1899999999995998;0;0;0.009999999999990905;0.009999999999990905;0.10999999999967258;0.6300000000010186
1690730181;0;1.300000000000182;0;0;0;0;0.09000000000060027;0.5999999999985448
1690730182;0.010000000009313226;0.010000000000218279;0;0;0.020000000000010232;0;0.13999999999941792;1.8000000000010914
1690730183;0;0.08999999999969077;0;0;0;0;0.20000000000027285;1.6999999999989086
1690730184;0.02000000001862645;0.020000000000436557;0;0;0.009999999999990905;0.009999999999990905;0.19000000000005457;1.7700000000004366
1690730185;0;1.2399999999997817;0;0;0.010000000000019327;0;0.07000000000016371;0.7199999999993452
1690730186;0.010000000009313226;1.75;0;0;0.010000000000019327;0;0.04999999999972715;0.15999999999985448
1690730187;0;1.7800000000002;0;0;0;0;0.03999999999996362;0.15999999999985448
1690730188;0;1.7399999999997817;0;0;0;0;0.06999999999970896;0.19000000000050932
1690730189;0;1.6100000000001273;0;0;0;0;0.06000000000040018;0.25
1690730190;0;0.6899999999995998;0;0;0;0.009999999999990905;0.13000000000010914;1.1900000000005093
1690730191;0.009999999980209395;0.04000000000041837;0;0;0.009999999999990905;0;0.10999999999967258;1.8000000000010914
1690730192;0.07000000000698492;0.4399999999995998;0;0;0.009999999999990905;0;0.16000000000030923;1.3299999999981083
1690730193;0;1.800000000000182;0;0;0;0;0.04999999999972715;0.1400000000012369
1690730194;0.009999999980209395;0.36000000000012733;0;0;0;0.009999999999990905;0.13000000000010914;1.4500000000007276
1690730195;0.010000000009313226;1.1599999999998545;0;0;0.009999999999990905;0;0.1000000000003638;0.7099999999991269
1690730196;0.010000000009313226;0.5199999999999818;0;0;0.030000000000001137;0.010000000000047748;0.11999999999943611;1.3299999999999272
1690730197;0;0.03000000000020009;0;0;0;0;0.16000000000030923;1.819999999999709
1690730198;0;0.019999999999527063;0;0;0;0;0.14000000000032742;1.8099999999994907
1690730199;0;0.04000000000041837;0;0;0.020000000000010232;0;0.22999999999956344;1.7300000000013824
1690730200;0;0.9399999999995998;0;0;0;0.01999999999998181;0.13000000000010914;0.9099999999980355
1690730201;0;1.7900000000004184;0;0;0.009999999999990905;0;0.010000000000218279;0.17000000000007276
1690730202;0;1.8399999999996908;0;0;0;0;0.04999999999972715;0.11000000000240107
1690730203;0;1.7899999999999636;0;0;0;0;0.07999999999992724;0.12999999999919964
1690730204;0;0.08000000000038199;0;0;0.020000000000010232;0;0.16000000000030923;1.7099999999991269
1690730205;0;1.1099999999996726;0;0;0;0;0.07999999999992724;0.7600000000020373
1690730206;0;1.8700000000003456;0;0;0;0;0.02999999999974534;0.10999999999876309
1690730207;0;1.2600000000002183;0;0;0.009999999999990905;0;0.09000000000014552;0.6399999999994179
1690730208;0;0;0;0;0;0.009999999999990905;0.1299999999996544;1.8700000000008004
1690730209;0.010000000009313226;0.07999999999992724;0;0;0;0.009999999999990905;0.16000000000030923;1.7299999999977445
1690730210;0.01999999998952262;1.0599999999999454;0;0;0;0;0.05999999999994543;0.820000000001528
1690730211;0;0.18999999999959982;0;0;0;0.009999999999990905;0.13000000000010914;1.6700000000000728
1690730212;0.02000000001862645;0.07000000000016371;0;0;0.020000000000010232;0;0.169999999999618;1.7399999999997817
1690730213;0;0.01999999999998181;0;0;0.030000000000001137;0;0.19000000000050932;1.7400000000016007
1690730214;0;0.11000000000012733;0;0;0;0;0.10999999999967258;1.749999999998181
1690730215;0;1.8399999999996908;0;0;0;0;0.010000000000218279;0.13999999999941792
1690730216;0.3200000000069849;1.400000000000091;0;0;0;0.009999999999990905;0.02999999999974534;0.21000000000094587
1690730217;0.059999999997671694;1.650000000000091;0;0;0.009999999999990905;0;0.05999999999994543;0.21999999999934516
1690730218;0;1.0199999999999818;0;0;0.01999999999998181;0.009999999999990905;0.13000000000010914;0.7900000000008731
1690730219;0;0.07000000000016371;0;0;0;0;0.20000000000027285;1.7200000000011642
1690730220;0.01999999998952262;0.03999999999996362;0;0;0;0;0.11999999999989086;1.8099999999994907
1690730221;0;0.01999999999998181;0;0;0;0;0.11999999999989086;1.860000000000582
1690730222;0.010000000009313226;0.24999999999954525;0;0;0.030000000000001137;0;0.12000000000034561;1.609999999998763
1690730223;0;1.6700000000005275;0;0;0;0;0.06999999999970896;0.27000000000043656
1690730224;0;1.7099999999995816;0;0;0;0;0.03999999999996362;0.1999999999989086
1690730225;0;1.5900000000001455;0;0;0;0.020000000000038654;0.06999999999970896;0.32000000000152795
1690730226;0;1.5700000000001637;0;0;0;0;0.06000000000040018;0.31999999999970896
1690730227;0;1.0599999999999454;0;0;0.020000000000010232;0;0.13999999999987267;0.7999999999992724
1690730228;0;1.7800000000002;0;0;0;0;0.07000000000016371;0.1400000000012369
1690730229;0.010000000009313226;1.5099999999997635;0;0;0.009999999999990905;0.010000000000047748;0.07999999999992724;0.3400000000001455
1690730230;0.009999999980209395;0.8800000000001091;0;0;0;0;0.13999999999987267;0.9899999999979627
1690730231;0;0.09999999999990905;0;0;0;0;0.12000000000034561;1.7400000000016007
1690730232;0.009999999980209395;0.06999999999970896;0;0;0.010000000000019327;0;0.15999999999985448;1.7799999999988358
1690730233;0.010000000009313226;0.020000000000436557;0;0;0.009999999999990905;0;0.1999999999998181;1.75
1690730234;0.010000000009313226;0.05999999999994543;0;0;0;0;0.15999999999985448;1.7700000000004366
1690730235;0;1.099999999999909;0;0;0.020000000000010232;0;0.09000000000014552;0.7700000000004366
1690730236;0;1.8800000000001091;0;0;0;0;0.01999999999998181;0.06999999999970896
1690730237;0;1.8900000000003274;0;0;0;0;0.05999999999994543;0.05999999999949068
1690730238;0.3199999999778811;0.8699999999994361;0;0;0.020000000000010232;0;0.24000000000023647;0.5200000000004366
1690730239;0.9500000000116415;0.8699999999998909;0;0;0;0;0.019999999999527063;0.12999999999919964
1690730240;0.7299999999813735;0.5600000000004002;0;0;0.009999999999990905;0;0.13000000000010914;0.5300000000006548
1690730241;0.8900000000139698;0.05999999999994543;0;0;0.030000000000001137;0.009999999999990905;0.1000000000003638;0.9099999999998545
1690730242;0.5899999999965075;0.6599999999998545;0;0;0;0;0.11000000000012733;0.5900000000001455
1690730243;0.9100000000034925;0;0;0;0.009999999999990905;0;0.0999999999994543;0.9899999999997817
1690730244;0.8999999999941792;0.07999999999992724;0;0;0;0.009999999999990905;0.1000000000003638;0.8900000000012369
1690730245;0.9500000000116415;0.04000000000041837;0;0;0;0;0.04999999999972715;0.9199999999982538
1690730246;0.8999999999941792;0.6099999999996726;0;0;0.020000000000010232;0.009999999999990905;0.16000000000030923;0.28000000000065484
1690730247;0.9700000000011642;0.9500000000002728;0;0;0.009999999999990905;0;0.03000000000020009;0.06000000000130967
1690730248;1.389999999984866;0.25999999999976353;0;0;0;0.01999999999998181;0.13999999999941792;0.11999999999898137
1690730249;1.8900000000139698;0;0;0;0;0;0.03000000000020009;0.06000000000130967
1690730250;1.9200000000128057;0;0;0;0.009999999999990905;0;0.01999999999998181;0.059999999997671694
1690730251;1.9400000000023283;0;0;0;0;0;0.009999999999763531;0.020000000000436557
1690730252;1.929999999993015;0;0;0;0.009999999999990905;0;0.0500000000001819;0.030000000000654836
1690730253;1.8599999999860302;0;0;0;0;0;0.05999999999994543;0.049999999999272404
1690730254;1.8700000000244472;0.009999999999763531;0;0;0;0;0.07000000000061846;0.040000000000873115
1690730255;1.9500000000116415;0;0;0;0;0;0;0.029999999998835847
1690730256;1.9399999999732245;0;0;0;0;0;0.009999999999763531;0.020000000000436557
1690730257;1.900000000023283;0.010000000000218279;0;0;0.010000000000019327;0;0.03999999999996362;0.06000000000130967
1690730258;1.8999999999941792;0;0;0;0;0;0.04999999999972715;0.039999999999054126
1690730259;1.9299999999639113;0;0;0;0;0;0.010000000000218279;0.010000000000218279
1690730260;1.900000000023283;0;0;0;0;0;0.03000000000020009;0.040000000000873115
1690730261;1.9199999999837019;0;0;0;0.010000000000019327;0;0.019999999999527063;0.049999999999272404
1690730262;1.9100000000034925;0;0;0;0;0;0.03000000000020009;0.049999999999272404
1690730263;1.8900000000139698;0;0;0;0;0;0.03999999999996362;0.049999999999272404
1690730264;1.9400000000023283;0;0;0;0;0;0.01999999999998181;0.050000000001091394
1690730265;1.9400000000023283;0;0;0;0;0;0;0
1690730266;1.9499999999825377;0;0;0;0;0;0.01999999999998181;0.049999999999272404
1690730267;1.9500000000116415;0;0;0;0;0;0.03999999999996362;0.030000000000654836
1690730268;1.8800000000046566;0;0;0;0;0;0.03000000000020009;0.050000000001091394
1690730269;1.9399999999732245;0;0;0;0;0;0.03000000000020009;0.020000000000436557
1690730270;1.9200000000128057;0;0;0;0;0;0.01999999999998181;0.06999999999788997
1690730271;1.9500000000116415;0;0;0;0;0;0.009999999999763531;0.020000000000436557
1690730272;1.929999999993015;0;0;0;0;0;0.03999999999996362;0.030000000000654836
1690730273;1.8900000000139698;0;0;0;0;0;0.03000000000020009;0.049999999999272404
1690730274;1.929999999993015;0;0;0;0;0.009999999999990905;0.02999999999974534;0.030000000000654836
1690730275;1.9799999999813735;0;0;0;0;0;0.01999999999998181;0.029999999998835847
1690730276;1.9200000000128057;0;0;0;0;0;0.01999999999998181;0.020000000000436557
1690730277;1.9499999999825377;0;0;0;0;0;0.02999999999974534;0.040000000000873115
1690730278;1.8800000000337604;0.010000000000218279;0;0;0;0;0.020000000000436557;0.06999999999970896
1690730279;1.9400000000023283;0;0;0;0;0;0.01999999999998181;0.020000000000436557
1690730280;1.929999999993015;0;0;0;0;0.009999999999990905;0.03999999999996362;0.030000000000654836
1690730281;1.9499999999825377;0;0;0;0;0;0.01999999999998181;0.00999999999839929
1690730282;1.900000000023283;0;0;0;0;0;0.01999999999998181;0.06999999999970896
1690730283;1.9099999999743886;0;0;0;0;0;0.02999999999974534;0.07000000000152795
1690730284;1.930000000022119;0.009999999999763531;0;0;0;0;0.010000000000218279;0.049999999999272404
1690730285;1.929999999993015;0;0;0;0;0;0;0.030000000000654836
1690730286;1.9600000000209548;0;0;0;0;0;0.01999999999998181;0.039999999999054126
1690730287;1.9299999999639113;0;0;0;0;0;0.03000000000020009;0.030000000000654836
1690730288;1.8900000000139698;0;0;0;0;0;0.03999999999996362;0.040000000000873115
1690730289;1.9199999999837019;0;0;0;0;0;0.01999999999998181;0.039999999997235136
1690730290;1.9200000000128057;0;0;0;0.009999999999990905;0;0.02999999999974534;0.06999999999970896
1690730291;1.930000000022119;0;0;0;0;0;0.01999999999998181;0.040000000000873115
1690730292;1.8999999999650754;0;0;0;0;0;0.03000000000020009;0.020000000000436557
1690730293;1.8700000000244472;0;0;0;0;0;0.05999999999994543;0.05999999999949068
1690730294;1.929999999993015;0;0;0;0;0;0.03000000000020009;0.030000000000654836
1690730295;1.9600000000209548;0;0;0;0;0;0.01999999999998181;0.030000000000654836
1690730296;1.9400000000023283;0;0;0;0;0;0.019999999999527063;0.020000000000436557
1690730297;1.9499999999825377;0;0;0;0;0;0.020000000000436557;0.049999999997453415
1690730298;1.9100000000034925;0;0;0;0;0;0.02999999999974534;0.030000000000654836
1690730299;1.929999999993015;0;0;0;0;0;0.03000000000020009;0.040000000000873115
1690730300;1.9200000000128057;0;0;0;0;0;0.010000000000218279;0.050000000001091394
1690730301;1.959999999991851;0;0;0;0;0;0.009999999999763531;0.029999999998835847
1690730302;1.9200000000128057;0;0;0;0;0;0.03000000000020009;0.029999999998835847
1690730303;1.8999999999650754;0;0;0;0;0;0.04999999999972715;0.010000000000218279
1690730304;1.9400000000314321;0;0;0;0;0;0.01999999999998181;0.030000000000654836
1690730305;1.9499999999825377;0;0;0;0;0;0;0.030000000000654836
1690730306;1.929999999993015;0;0;0;0;0;0.01999999999998181;0.020000000000436557
1690730307;1.929999999993015;0;0;0;0;0;0.020000000000436557;0.049999999999272404
1690730308;1.9200000000128057;0;0;0;0.009999999999990905;0;0.02999999999974534;0.039999999999054126
1690730309;1.9199999999837019;0;0;0;0;0.010000000000047748;0.01999999999998181;0.040000000000873115
1690730310;1.9200000000419095;0;0;0;0;0;0.03000000000020009;0.049999999999272404
1690730311;1.9499999999825377;0;0;0;0;0;0.009999999999763531;0.010000000000218279
1690730312;1.929999999993015;0;0;0;0;0;0.03000000000020009;0.049999999999272404
1690730313;1.8999999999941792;0;0;0;0;0;0.05999999999994543;0.030000000000654836
1690730314;1.9499999999825377;0;0;0;0;0;0.009999999999763531;0.020000000000436557
1690730315;1.9500000000407454;0;0;0;0;0;0.009999999999763531;0.030000000000654836
1690730316;1.9399999999732245;0;0;0;0;0;0.010000000000218279;0.039999999999054126
1690730317;1.9200000000128057;0;0;0;0;0;0.03999999999996362;0.030000000000654836
1690730318;1.8999999999941792;0;0;0;0;0.009999999999990905;0.05999999999994543;0.029999999998835847
1690730319;1.959999999991851;0;0;0;0;0;0.03000000000020009;0.030000000000654836
1690730320;1.9100000000034925;0;0;0;0;0;0.01999999999998181;0.040000000000873115
1690730321;1.929999999993015;0;0;0;0;0;0.010000000000218279;0.030000000000654836
1690730322;1.9500000000116415;0;0;0;0;0;0.04999999999972715;0.029999999998835847
1690730323;1.8999999999941792;0;0;0;0.009999999999990905;0;0.03999999999996362;0.05999999999949068
1690730324;1.9100000000034925;0;0;0;0;0;0.01999999999998181;0.050000000001091394
1690730325;1.9400000000023283;0;0;0;0;0;0.010000000000218279;0.029999999998835847
1690730326;1.9400000000023283;0;0;0;0;0;0.01999999999998181;0.030000000000654836
1690730327;1.9199999999837019;0;0;0;0;0;0.009999999999763531;0.010000000000218279
1690730328;1.929999999993015;0;0;0;0;0;0.0500000000001819;0.05999999999949068
1690730329;1.9200000000128057;0;0;0;0;0;0;0.010000000000218279
1690730330;1.9400000000314321;0;0;0;0;0;0.05999999999994543;0.039999999999054126
1690730331;1.9499999999825377;0;0;0;0;0.009999999999990905;0.010000000000218279;0.020000000000436557
1690730332;1.929999999993015;0;0;0;0;0;0.019999999999527063;0.050000000001091394
1690730333;1.8999999999941792;0;0;0;0;0;0.03000000000020009;0.049999999999272404
1690730334;1.929999999993015;0;0;0;0;0;0;0.030000000000654836
1690730335;1.9600000000209548;0;0;0;0;0;0.01999999999998181;0.020000000000436557
1690730336;1.929999999993015;0;0;0;0;0;0.01999999999998181;0.06999999999788997
1690730337;1.9400000000023283;0;0;0;0;0;0.010000000000218279;0.020000000000436557
1690730338;1.8999999999941792;0;0;0;0;0;0.02999999999974534;0.040000000000873115
1690730339;1.9400000000314321;0;0;0;0;0;0.01999999999998181;0.049999999999272404
1690730340;1.8999999999650754;0;0;0;0;0;0.03000000000020009;0.040000000000873115
1690730341;1.959999999991851;0;0;0;0;0;0.010000000000218279;0.020000000000436557
1690730342;1.9400000000314321;0;0;0;0;0;0.02999999999974534;0.030000000000654836
1690730343;1.929999999993015;0;0;0;0;0;0.03999999999996362;0.029999999998835847
1690730344;1.929999999993015;0;0;0;0;0;0.03999999999996362;0.019999999998617568
1690730345;1.9500000000116415;0;0;0;0;0;0.01999999999998181;0.040000000000873115
1690730346;1.9100000000034925;0;0;0;0;0;0.01999999999998181;0.05999999999949068
1690730347;1.959999999962747;0;0;0;0;0;0.020000000000436557;0.030000000000654836
1690730348;1.9200000000128057;0;0;0;0;0;0.009999999999763531;0.049999999999272404
1690730349;1.8999999999941792;0;0;0;0;0;0.03000000000020009;0.05999999999949068
1690730350;1.9200000000128057;0;0;0;0;0.009999999999990905;0.03999999999996362;0.030000000000654836
1690730351;1.9400000000023283;0;0;0;0;0;0.02999999999974534;0.030000000000654836
1690730352;1.9400000000023283;0;0;0;0;0;0.03000000000020009;0.040000000000873115
1690730353;1.8900000000139698;0;0;0;0;0;0.03999999999996362;0.049999999999272404
1690730354;1.8999999999650754;0;0;0;0;0;0.03999999999950887;0.05999999999949068
1690730355;1.9500000000116415;0;0;0;0.010000000000019327;0;0.03000000000020009;0.020000000000436557
1690730356;1.8999999999941792;0;0;0;0;0;0.009999999999763531;0.049999999999272404
1690730357;1.9600000000209548;0;0;0;0;0;0.010000000000218279;0.030000000000654836
1690730358;1.9100000000034925;0;0;0;0;0;0.03000000000020009;0.010000000000218279
1690730359;1.9200000000128057;0;0;0;0;0;0.04999999999972715;0.039999999999054126
1690730360;1.9199999999837019;0;0;0;0;0;0.03999999999996362;0.040000000000873115
1690730361;1.9500000000116415;0.010000000000218279;0;0;0;0;0.03000000000020009;0.020000000000436557
1690730362;1.9399999999732245;0;0;0;0;0;0.01999999999998181;0.020000000000436557
1690730363;1.930000000022119;0;0;0;0;0;0.01999999999998181;0.039999999999054126
1690730364;1.8999999999941792;0;0;0;0;0;0.0500000000001819;0.029999999998835847
1690730365;1.9699999999720603;0;0;0;0;0;0.02999999999974534;0.020000000000436557
1690730366;1.9400000000314321;0;0;0;0;0;0;0.030000000000654836
1690730367;1.9499999999825377;0;0;0;0;0;0.010000000000218279;0.039999999999054126
1690730368;1.929999999993015;0;0;0;0;0;0.01999999999998181;0.040000000000873115
1690730369;1.900000000023283;0;0;0;0;0.009999999999990905;0.04999999999972715;0.010000000000218279
1690730370;1.9200000000128057;0;0;0;0;0;0.010000000000218279;0.049999999999272404
1690730371;1.9399999999732245;0;0;0;0;0;0.03999999999996362;0.020000000000436557
1690730372;1.959999999991851;0;0;0;0;0;0.02999999999974534;0.030000000000654836
1690730373;1.9100000000034925;0;0;0;0;0.010000000000047748;0.010000000000218279;0.020000000000436557
1690730374;1.9200000000128057;0;0;0;0;0;0.05999999999994543;0.059999999997671694
