Time;{instance="10.231.0.208:9100"};{instance="192.168.221.10:9100"};{instance="192.168.221.11:9100"};{instance="192.168.221.12:9100"}
1690725233;0;0;0;155648
1690725234;12288;0;0;0
1690725235;87822336;0;0;405504
1690725236;106168320;0;0;122880
1690725237;114819072;0;0;0
1690725238;122945536;0;0;311296
1690725239;111673344;0;0;0
1690725240;119013376;0;0;0
1690725241;117178368;0;0;135168
1690725242;112197632;0;0;0
1690725243;114556928;0;0;12288
1690725244;117440512;0;0;0
1690725245;117964800;0;0;0
1690725246;41418752;0;0;0
1690725247;62914560;0;0;53248
1690725248;113246208;0;0;131072
1690725249;103546880;0;0;1003520
1690725250;114294784;0;0;462848
1690725251;117702656;0;0;0
1690725252;115867648;0;0;0
1690725253;114819072;0;0;0
1690725254;113246208;0;0;0
1690725255;113246208;0;0;0
1690725256;119013376;0;0;0
1690725257;117178368;0;0;0
1690725258;103673856;0;0;0
1690725259;117440512;0;0;0
1690725260;121634816;0;0;0
1690725261;113246208;0;0;0
1690725262;121634816;0;0;0
1690725263;113246208;0;0;0
1690725264;115867648;0;0;4096
1690725265;95961088;0;0;0
1690725266;0;0;0;0
1690725267;0;0;0;0
1690725268;0;0;0;0
1690725269;0;0;0;0
1690725270;0;0;0;0
1690725271;107479040;0;0;11075584
1690725272;113246208;0;0;24514560
1690725273;121634816;0;0;28049408
1690725274;113246208;0;0;28835840
1690725275;117440512;0;0;24641536
1690725276;113246208;0;0;26869760
1690725277;113246208;0;0;24117248
1690725278;83886080;0;0;24600576
1690725279;37748736;0;0;11665408
1690725280;71303168;0;0;6422528
1690725281;113246208;0;0;20840448
1690725282;109051904;0;0;23986176
1690725283;121634816;0;0;23461888
1690725284;101974016;0;0;27131904
1690725285;53215232;0;0;20840448
1690725286;12582912;0;0;4587520
1690725287;71303168;0;0;524288
1690725288;113246208;0;0;21233664
1690725289;117440512;0;0;22179840
1690725290;109051904;0;0;23199744
1690725291;120324096;0;0;19263488
1690725292;110362624;0;0;25604096
1690725293;107130880;0;0;26693632
1690725294;7520256;0;0;25210880
1690725295;0;0;0;35807232
1690725296;0;0;0;30932992
1690725297;0;0;0;32030720
1690725298;0;0;0;30932992
1690725299;0;0;0;31588352
1690725300;0;0;0;30384128
1690725301;0;0;0;29360128
1690725302;0;0;0;29499392
1690725303;0;0;0;30040064
1690725304;0;0;0;28049408
1690725305;0;0;0;33038336
1690725306;0;0;0;32280576
1690725307;0;0;0;32985088
1690725308;0;0;0;33067008
1690725309;0;0;0;31981568
1690725310;0;0;0;30826496
1690725311;0;0;0;31064064
1690725312;0;0;0;31195136
1690725313;0;0;0;31887360
1690725314;0;0;0;31223808
1690725315;0;0;0;20291584
1690725316;0;0;0;73728
1690725317;0;0;0;0
1690725318;0;0;0;7868416
1690725319;0;0;0;31981568
1690725320;0;0;0;30146560
1690725321;0;0;0;32223232
1690725322;0;0;0;32677888
1690725323;0;0;0;30920704
1690725324;0;0;0;31936512
1690725325;0;0;0;37306368
1690725326;0;0;0;30912512
1690725327;0;0;0;34119680
1690725328;0;0;0;32243712
1690725329;0;0;0;30543872
1690725330;0;0;0;33325056
1690725331;0;0;0;30810112
1690725332;0;0;0;31948800
1690725333;0;0;0;33398784
1690725334;0;0;0;32899072
1690725335;0;0;0;32161792
1690725336;0;0;0;31719424
1690725337;0;0;0;30527488
1690725338;0;0;0;32374784
1690725339;0;0;0;32243712
1690725340;0;0;0;32899072
1690725341;0;0;0;32636928
1690725342;0;0;0;31461376
1690725343;0;0;0;32440320
1690725344;0;0;0;33030144
1690725345;0;0;0;31457280
1690725346;0;0;0;32182272
1690725347;0;0;0;32243712
1690725348;0;0;0;31588352
1690725349;0;0;0;11272192
1690725350;0;0;0;17215488
1690725351;0;0;0;30277632
1690725352;0;0;0;32374784
1690725353;0;0;0;32768000
1690725354;0;0;0;32800768
1690725355;0;0;0;30646272
1690725356;0;0;0;31981568
1690725357;0;0;0;31981568
1690725358;0;0;0;32112640
1690725359;0;0;0;32350208
1690725360;0;0;0;32505856
1690725361;0;0;0;31956992
1690725362;0;0;0;29753344
1690725363;0;0;0;30670848
1690725364;0;0;0;32112640
1690725365;0;0;0;32718848
1690725366;0;0;0;30801920
1690725367;0;0;0;32505856
1690725368;0;0;0;31981568
1690725369;0;0;0;31064064
1690725370;0;0;0;32243712
1690725371;0;0;0;32993280
1690725372;0;0;0;32509952
1690725373;0;0;0;30281728
1690725374;0;0;0;33845248
1690725375;0;0;0;33816576
1690725376;0;0;0;32243712
1690725377;0;0;0;33665024
1690725378;0;0;0;34648064
1690725379;0;0;0;33161216
1690725380;0;0;0;32636928
1690725381;0;0;0;32768000
1690725382;0;0;0;33030144
1690725383;0;0;0;33292288
1690725384;0;0;0;33415168
1690725385;0;0;0;32374784
1690725386;0;0;0;23232512
1690725387;0;0;0;34332672
1690725388;0;0;0;32899072
1690725389;0;0;0;33443840
1690725390;0;0;0;23584768
1690725391;0;0;0;8761344
1690725392;0;0;0;31023104
1690725393;0;0;0;34336768
1690725394;0;0;0;32120832
1690725395;0;0;0;33353728
1690725396;0;0;0;33759232
1690725397;0;0;0;32374784
1690725398;0;0;0;34115584
1690725399;0;0;0;32608256
1690725400;0;0;0;33267712
1690725401;0;0;0;31981568
1690725402;0;0;0;32636928
1690725403;0;0;0;31457280
1690725404;0;0;0;32645120
1690725405;0;0;0;31981568
1690725406;0;0;0;31195136
1690725407;0;0;0;32112640
1690725408;0;0;0;34168832
1690725409;0;0;0;34078720
1690725410;0;0;0;33685504
1690725411;0;0;0;30408704
1690725412;0;0;0;33161216
1690725413;0;0;0;33193984
1690725414;0;0;0;32374784
1690725415;0;0;0;32768000
1690725416;0;0;0;32636928
1690725417;0;0;0;32243712
1690725418;0;0;0;32636928
1690725419;0;0;0;33685504
1690725420;0;0;0;32374784
1690725421;0;0;0;30146560
1690725422;0;0;0;31944704
1690725423;0;0;0;33292288
1690725424;0;0;0;31588352
1690725425;0;0;0;32374784
1690725426;0;0;0;17543168
1690725427;0;0;0;24182784
1690725428;0;0;0;33292288
1690725429;0;0;0;33161216
1690725430;0;0;0;32505856
1690725431;0;0;0;32194560
1690725432;0;0;0;35168256
1690725433;0;0;0;33161216
1690725434;0;0;0;33255424
1690725435;0;0;0;33583104
1690725436;0;0;0;32768000
1690725437;0;0;0;34209792
1690725438;0;0;0;32768000
1690725439;0;0;0;33685504
1690725440;0;0;0;31719424
1690725441;0;0;0;31195136
1690725442;0;0;0;32919552
1690725443;0;0;0;33816576
1690725444;0;0;0;31981568
1690725445;0;0;0;31588352
1690725446;0;0;0;31719424
1690725447;0;0;0;33161216
1690725448;0;0;0;34340864
1690725449;0;0;0;33423360
1690725450;0;0;0;33640448
1690725451;0;0;0;32899072
1690725452;0;0;0;32243712
1690725453;0;0;0;33177600
1690725454;0;0;0;33030144
1690725455;0;0;0;33554432
1690725456;0;0;0;33464320
1690725457;0;0;0;31195136
1690725458;0;0;0;33161216
1690725459;0;0;0;31457280
1690725460;0;0;0;33255424
1690725461;0;0;0;22396928
1690725462;12288;0;0;31727616
1690725463;0;0;0;0
1690725464;110112768;0;0;20434944
1690725465;116129792;0;0;0
1690725466;120061952;0;0;4096
1690725467;114819072;0;0;0
1690725468;114819072;0;0;0
1690725469;44564480;0;0;0
1690725470;83886080;0;0;159744
1690725471;116129792;0;0;0
1690725472;118751232;0;0;0
1690725473;117440512;0;0;0
1690725474;113246208;0;0;0
1690725475;113770496;0;0;0
1690725476;120061952;0;0;0
1690725477;118489088;0;0;0
1690725478;112459776;0;0;0
1690725479;109838336;0;0;0
1690725480;122159104;0;0;40960
1690725481;116916224;0;0;77824
1690725482;117440512;0;0;278528
1690725483;113246208;0;0;987136
1690725484;113246208;0;0;2748416
1690725485;113246208;0;0;0
1690725486;117964800;0;0;0
1690725487;116916224;0;0;0
1690725488;120061952;0;0;0
1690725489;114819072;0;0;0
1690725490;113246208;0;0;77824
1690725491;111935488;0;0;0
1690725492;83886080;0;0;0
1690725493;115245056;0;0;0
1690725494;55947264;0;0;417792
1690725495;0;0;0;61440
1690725496;0;0;0;0
1690725497;0;0;0;0
1690725498;0;0;0;0
1690725499;0;0;0;40960
1690725500;0;0;0;0
1690725501;0;0;0;17629184
1690725502;0;0;0;31850496
1690725503;0;0;0;31690752
1690725504;0;0;0;31326208
1690725505;0;0;0;32636928
1690725506;0;0;0;31195136
1690725507;0;0;0;31854592
1690725508;0;0;0;29790208
1690725509;0;0;0;28573696
1690725510;0;0;0;32899072
1690725511;0;0;0;32374784
1690725512;0;0;0;36859904
1690725513;0;0;0;31698944
1690725514;0;0;0;32530432
1690725515;0;0;0;32604160
1690725516;0;0;0;32243712
1690725517;241664;0;0;31981568
1690725518;0;0;0;31690752
1690725519;0;0;0;30121984
1690725520;0;0;0;27914240
1690725521;0;0;0;4976640
1690725522;0;0;0;4096
1690725523;0;0;0;0
1690725524;0;0;0;3117056
1690725525;0;0;0;73728
1690725526;0;0;0;45056
1690725527;0;0;0;0
1690725528;0;0;0;0
1690725529;0;0;0;0
1690725530;0;0;0;0
1690725531;0;0;0;0
1690725532;0;0;0;12288
1690725533;0;0;0;0
1690725534;0;0;0;0
1690725535;0;0;0;176128
1690725536;0;0;0;0
1690725537;0;0;0;7405568
1690725538;0;0;0;30670848
1690725539;0;0;0;30801920
1690725540;0;0;0;31678464
1690725541;0;0;0;31064064
1690725542;0;0;0;31981568
1690725543;0;0;0;31719424
1690725544;0;0;0;31326208
1690725545;0;0;0;30539776
1690725546;0;0;0;31850496
1690725547;0;0;0;30801920
1690725548;0;0;0;31064064
1690725549;0;0;0;31719424
1690725550;0;0;0;29884416
1690725551;0;0;0;29229056
1690725552;0;0;0;33226752
1690725553;0;0;0;32636928
1690725554;0;0;0;32518144
1690725555;0;0;0;32235520
1690725556;0;0;0;31064064
1690725557;0;0;0;29339648
1690725558;0;0;0;30203904
1690725559;0;0;0;34721792
1690725560;0;0;0;31719424
1690725561;0;0;0;32419840
1690725562;0;0;0;31064064
1690725563;0;0;0;32636928
1690725564;0;0;0;29913088
1690725565;0;0;0;30150656
1690725566;0;0;0;31064064
1690725567;0;0;0;30670848
1690725568;0;0;0;31420416
1690725569;0;0;0;31592448
1690725570;0;0;0;31326208
1690725571;0;0;0;31195136
1690725572;0;0;0;33292288
1690725573;0;0;0;31387648
1690725574;0;0;0;19664896
1690725575;0;0;0;31461376
1690725576;0;0;0;33816576
1690725577;0;0;0;32899072
1690725578;0;0;0;32247808
1690725579;0;0;0;32456704
1690725580;0;0;0;24207360
1690725581;0;0;0;31105024
1690725582;0;0;0;31985664
1690725583;0;0;0;7806976
1690725584;0;0;0;33030144
1690725585;0;0;0;33554432
1690725586;0;0;0;30699520
1690725587;0;0;0;33161216
1690725588;0;0;0;30826496
1690725589;0;0;0;33030144
1690725590;0;0;0;33554432
1690725591;0;0;0;32501760
1690725592;0;0;0;31268864
1690725593;0;0;0;37023744
1690725594;0;0;0;30396416
1690725595;0;0;0;32374784
1690725596;0;0;0;31588352
1690725597;0;0;0;31461376
1690725598;0;0;0;33685504
1690725599;0;0;0;29372416
1690725600;0;0;0;33685504
1690725601;0;0;0;31981568
1690725602;0;0;0;3280896
1690725603;0;0;0;32358400
1690725604;0;0;0;32374784
1690725605;0;0;0;33947648
1690725606;0;0;0;29917184
1690725607;0;0;0;32247808
1690725608;0;0;0;33292288
1690725609;0;0;0;30543872
1690725610;0;0;0;33947648
1690725611;0;0;0;15433728
1690725612;0;0;0;90112
1690725613;0;0;0;2035712
1690725614;0;0;0;36864
1690725615;20480;0;0;884736
1690725616;111673344;0;0;38256640
1690725617;121634816;0;0;13758464
1690725618;113246208;0;0;3104768
1690725619;116129792;0;0;16384
1690725620;110886912;0;0;8192
1690725621;123994112;0;0;4096
1690725622;110362624;0;0;98304
1690725623;113246208;0;0;192512
1690725624;115867648;0;0;4096
1690725625;114819072;0;0;0
1690725626;117440512;0;0;8192
1690725627;117440512;0;0;0
1690725628;116129792;0;0;4096
1690725629;118751232;0;0;4096
1690725630;113246208;0;0;12288
1690725631;121634816;0;0;372736
1690725632;113246208;0;0;466944
1690725633;118751232;0;0;40960
1690725634;115867648;0;0;16384
1690725635;56168448;0;0;466944
1690725636;0;0;0;24576
1690725637;0;0;0;3723264
1690725638;0;0;0;692224
1690725639;0;0;0;69632
1690725640;0;0;0;0
1690725641;0;0;0;12288
1690725642;0;0;0;0
1690725643;0;0;0;196608
1690725644;0;0;0;81920
1690725645;0;0;0;0
1690725646;0;0;0;0
1690725647;0;0;0;12288
1690725648;0;0;0;8192
1690725649;0;0;0;0
1690725650;0;0;0;0
1690725651;0;0;0;0
1690725652;0;0;0;0
1690725653;0;0;0;0
1690725654;0;0;0;212992
1690725655;0;0;0;126976
1690725656;0;0;0;1187840
1690725657;0;0;0;49152
1690725658;0;0;0;143360
1690725659;0;0;0;12288
1690725660;0;0;0;0
1690725661;0;0;0;0
1690725662;0;0;0;8192
1690725663;0;0;0;0
1690725664;0;0;0;81920
1690725665;0;0;0;4096
1690725666;0;0;0;131072
1690725667;0;0;0;0
1690725668;0;0;0;245760
1690725669;0;0;0;221184
1690725670;0;0;0;4096
1690725671;0;0;0;0
1690725672;0;0;0;0
1690725673;0;0;0;307200
1690725674;0;0;0;11165696
1690725675;0;0;0;30416896
1690725676;0;0;0;33161216
1690725677;0;0;0;33075200
1690725678;0;0;0;32743424
1690725679;0;0;0;32374784
1690725680;0;0;0;32505856
1690725681;0;0;0;29552640
1690725682;0;0;0;32002048
1690725683;0;0;0;32661504
1690725684;0;0;0;31559680
1690725685;0;0;0;31719424
1690725686;0;0;0;29937664
1690725687;0;0;0;32505856
1690725688;0;0;0;33398784
1690725689;0;0;0;33030144
1690725690;0;0;0;31866880
1690725691;0;0;0;31195136
1690725692;0;0;0;31707136
1690725693;0;0;0;33562624
1690725694;0;0;0;31309824
1690725695;0;0;0;31068160
1690725696;0;0;0;32243712
1690725697;0;0;0;30154752
1690725698;0;0;0;33030144
1690725699;0;0;0;32526336
1690725700;0;0;0;31850496
1690725701;0;0;0;30932992
1690725702;0;0;0;31326208
1690725703;0;0;0;31985664
1690725704;0;0;0;29360128
1690725705;0;0;0;32063488
1690725706;0;0;0;30302208
1690725707;0;0;0;32374784
1690725708;0;0;0;28848128
1690725709;0;0;0;32595968
1690725710;0;0;0;11374592
1690725711;0;0;0;0
1690725712;12288;0;0;21618688
1690725713;41684992;0;0;65536
1690725714;121634816;0;0;11141120
1690725715;117440512;0;0;331776
1690725716;113246208;0;0;65536
1690725717;115867648;0;0;4096
1690725718;123207680;0;0;12288
1690725719;113246208;0;0;0
1690725720;114556928;0;0;0
1690725721;117440512;0;0;0
1690725722;111935488;0;0;24576
1690725723;117440512;0;0;0
1690725724;120061952;0;0;126976
1690725725;114819072;0;0;20480
1690725726;117440512;0;0;0
1690725727;113246208;0;0;0
1690725728;116129792;0;0;86016
1690725729;122945536;0;0;0
1690725730;113246208;0;0;1916928
1690725731;113246208;0;0;135168
1690725732;120324096;0;0;0
1690725733;97779712;0;0;36864
1690725734;113246208;0;0;16384
1690725735;117440512;0;0;4096
1690725736;110624768;0;0;8192
1690725737;120061952;0;0;0
1690725738;117440512;0;0;1163264
1690725739;114556928;0;0;4096
1690725740;117440512;0;0;0
1690725741;116391936;0;0;131072
1690725742;98131968;0;0;8192
1690725743;8544256;0;0;12288
1690725744;0;0;0;0
1690725745;0;0;0;352256
1690725746;0;0;0;106496
1690725747;126918656;0;0;18198528
1690725748;117702656;0;0;27934720
1690725749;115867648;0;0;25960448
1690725750;113246208;0;0;27140096
1690725751;114819072;0;0;26103808
1690725752;115867648;0;0;17477632
1690725753;113246208;0;0;23728128
1690725754;115867648;0;0;28962816
1690725755;119013376;0;0;15347712
1690725756;111935488;0;0;19124224
1690725757;118751232;0;0;26083328
1690725758;113246208;0;0;23797760
1690725759;109051904;0;0;25989120
1690725760;75497472;0;0;20045824
1690725761;83886080;0;0;8163328
1690725762;117440512;0;0;19472384
1690725763;113246208;0;0;26931200
1690725764;116654080;0;0;26238976
1690725765;105644032;0;0;26476544
1690725766;113246208;0;0;14712832
1690725767;113246208;0;0;21499904
1690725768;109051904;0;0;28180480
1690725769;102498304;0;0;24772608
1690725770;119799808;0;0;24264704
1690725771;110362624;0;0;26030080
1690725772;78381056;0;0;13242368
1690725773;109051904;0;0;21241856
1690725774;119013376;0;0;12808192
1690725775;115867648;0;0;26083328
1690725776;113246208;0;0;27262976
1690725777;69201920;0;0;22515712
1690725778;0;0;0;30019584
1690725779;39059456;0;0;30941184
1690725780;107479040;0;0;26165248
1690725781;98041856;0;0;25305088
1690725782;96468992;0;0;29290496
1690725783;54525952;0;0;13438976
1690725784;88080384;0;0;28446720
1690725785;92274688;0;0;25563136
1690725786;93847552;0;0;25825280
1690725787;90701824;0;0;26869760
1690725788;86769664;0;0;25649152
1690725789;85196800;0;0;25956352
1690725790;88080384;0;0;33779712
1690725791;83886080;0;0;26271744
1690725792;25878528;0;0;28049408
1690725793;0;0;0;27103232
1690725794;0;0;0;19324928
1690725795;0;0;0;53248
1690725796;0;0;0;9437184
1690725797;0;0;0;32899072
1690725798;0;0;0;29499392
1690725799;0;0;0;9961472
1690725800;0;0;0;2228224
1690725801;0;0;0;32563200
1690725802;0;0;0;31457280
1690725803;0;0;0;31588352
1690725804;0;0;0;32759808
1690725805;0;0;0;32219136
1690725806;0;0;0;32243712
1690725807;0;0;0;31719424
1690725808;0;0;0;32378880
1690725809;0;0;0;28188672
1690725810;0;0;0;33898496
1690725811;0;0;0;29790208
1690725812;0;0;0;32329728
1690725813;0;0;0;37580800
1690725814;0;0;0;33554432
1690725815;0;0;0;31158272
1690725816;0;0;0;32636928
1690725817;0;0;0;33554432
1690725818;0;0;0;36438016
1690725819;0;0;0;30732288
1690725820;0;0;0;32579584
1690725821;0;0;0;31981568
1690725822;0;0;0;32088064
1690725823;0;0;0;33554432
1690725824;0;0;0;30457856
1690725825;0;0;0;31690752
1690725826;0;0;0;29229056
1690725827;0;0;0;30441472
1690725828;0;0;0;32112640
1690725829;0;0;0;31199232
1690725830;0;0;0;29499392
1690725831;0;0;0;31985664
1690725832;0;0;0;32706560
1690725833;0;0;0;33214464
1690725834;0;0;0;2854912
1690725835;0;0;0;0
1690725836;0;0;0;28790784
1690725837;0;0;0;33198080
1690725838;0;0;0;32665600
1690725839;0;0;0;31408128
1690725840;0;0;0;32243712
1690725841;0;0;0;32051200
1690725842;0;0;0;29634560
1690725843;0;0;0;32636928
1690725844;0;0;0;32628736
1690725845;0;0;0;32083968
1690725846;0;0;0;32899072
1690725847;0;0;0;34078720
1690725848;0;0;0;31850496
1690725849;0;0;0;31592448
1690725850;0;0;0;32768000
1690725851;0;0;0;31461376
1690725852;0;0;0;31465472
1690725853;0;0;0;32227328
1690725854;0;0;0;33665024
1690725855;0;0;0;31244288
1690725856;0;0;0;31850496
1690725857;0;0;0;32473088
1690725858;0;0;0;31723520
1690725859;0;0;0;32231424
1690725860;0;0;0;30806016
1690725861;0;0;0;30932992
1690725862;0;0;0;31588352
1690725863;0;0;0;28852224
1690725864;0;0;0;32768000
1690725865;0;0;0;32845824
1690725866;0;0;0;32313344
1690725867;0;0;0;32944128
1690725868;0;0;0;32354304
1690725869;0;0;0;32075776
1690725870;0;0;0;32636928
1690725871;0;0;0;14774272
1690725872;0;0;0;29290496
1690725873;0;0;0;31170560
1690725874;0;0;0;32243712
1690725875;0;0;0;32899072
1690725876;0;0;0;29491200
1690725877;0;0;0;29634560
1690725878;0;0;0;32636928
1690725879;0;0;0;31305728
1690725880;0;0;0;32718848
1690725881;0;0;0;32137216
1690725882;0;0;0;31608832
1690725883;0;0;0;32276480
1690725884;0;0;0;31068160
1690725885;0;0;0;32686080
1690725886;0;0;0;31330304
1690725887;0;0;0;30674944
1690725888;0;0;0;32333824
1690725889;0;0;0;33161216
1690725890;0;0;0;32899072
1690725891;0;0;0;33554432
1690725892;0;0;0;31850496
1690725893;0;0;0;32612352
1690725894;0;0;0;31195136
1690725895;0;0;0;31940608
1690725896;0;0;0;33161216
1690725897;0;0;0;30908416
1690725898;0;0;0;29507584
1690725899;0;0;0;32964608
1690725900;0;0;0;33554432
1690725901;0;0;0;31195136
1690725902;0;0;0;32952320
1690725903;0;0;0;38359040
1690725904;0;0;0;31657984
1690725905;0;0;0;33374208
1690725906;0;0;0;22020096
1690725907;0;0;0;27496448
1690725908;0;0;0;29458432
1690725909;0;0;0;32243712
1690725910;0;0;0;31768576
1690725911;0;0;0;31850496
1690725912;0;0;0;32636928
1690725913;0;0;0;33030144
1690725914;0;0;0;31854592
1690725915;0;0;0;31027200
1690725916;0;0;0;30543872
1690725917;0;0;0;32636928
1690725918;0;0;0;30789632
1690725919;0;0;0;32243712
1690725920;0;0;0;32505856
1690725921;0;0;0;29229056
1690725922;0;0;0;31952896
1690725923;0;0;0;29110272
1690725924;0;0;0;33685504
1690725925;0;0;0;33030144
1690725926;0;0;0;32059392
1690725927;0;0;0;32768000
1690725928;0;0;0;32243712
1690725929;0;0;0;32137216
1690725930;0;0;0;32505856
1690725931;0;0;0;30998528
1690725932;0;0;0;29822976
1690725933;0;0;0;32661504
1690725934;0;0;0;28192768
1690725935;0;0;0;32268288
1690725936;0;0;0;31416320
1690725937;0;0;0;32051200
1690725938;0;0;0;32636928
1690725939;0;0;0;31981568
1690725940;0;0;0;31588352
1690725941;0;0;0;31195136
1690725942;0;0;0;30543872
1690725943;0;0;0;26927104
1690725944;0;0;0;729088
1690725945;0;0;0;33030144
1690725946;0;0;0;31490048
1690725947;0;0;0;33091584
1690725948;0;0;0;34185216
1690725949;0;0;0;33292288
1690725950;0;0;0;32387072
1690725951;0;0;0;30015488
1690725952;0;0;0;25432064
1690725953;0;0;0;31334400
1690725954;0;0;0;33939456
1690725955;0;0;0;33497088
1690725956;0;0;0;32976896
1690725957;0;0;0;32768000
1690725958;0;0;0;32768000
1690725959;0;0;0;32972800
1690725960;0;0;0;31719424
1690725961;0;0;0;32112640
1690725962;0;0;0;32161792
1690725963;0;0;0;30031872
1690725964;0;0;0;32899072
1690725965;0;0;0;32579584
1690725966;0;0;0;30539776
1690725967;0;0;0;31457280
1690725968;0;0;0;32116736
1690725969;0;0;0;31457280
1690725970;0;0;0;33292288
1690725971;0;0;0;30674944
1690725972;0;0;0;32657408
1690725973;0;0;0;32247808
1690725974;0;0;0;30023680
1690725975;0;0;0;33492992
1690725976;0;0;0;32350208
1690725977;0;0;0;33947648
1690725978;0;0;0;33263616
1690725979;0;0;0;33087488
1690725980;0;0;0;31412224
1690725981;0;0;0;33554432
1690725982;0;0;0;32120832
1690725983;0;0;0;33644544
1690725984;0;0;0;32899072
1690725985;0;0;0;29569024
1690725986;0;0;0;31326208
1690725987;0;0;0;32112640
1690725988;0;0;0;31064064
1690725989;0;0;0;32636928
1690725990;0;0;0;31195136
1690725991;0;0;0;31891456
1690725992;0;0;0;31748096
1690725993;0;0;0;31592448
1690725994;0;0;0;31739904
1690725995;0;0;0;32743424
1690725996;0;0;0;31461376
1690725997;0;0;0;29892608
1690725998;0;0;0;32100352
1690725999;0;0;0;34279424
1690726000;0;0;0;33685504
1690726001;0;0;0;33030144
1690726002;0;0;0;30539776
1690726003;0;0;0;28065792
1690726004;0;0;0;34340864
1690726005;0;0;0;31719424
1690726006;0;0;0;32768000
1690726007;0;0;0;34340864
1690726008;0;0;0;33685504
1690726009;0;0;0;31752192
1690726010;0;0;0;32899072
1690726011;0;0;0;21368832
1690726012;0;0;0;32301056
1690726013;0;0;0;32505856
1690726014;0;0;0;28323840
1690726015;0;0;0;30793728
1690726016;0;0;0;0
1690726017;0;0;0;184320
1690726018;43261952;0;0;29618176
1690726019;92274688;0;0;3002368
1690726020;92274688;0;0;14381056
1690726021;88604672;0;0;12288
1690726022;94633984;0;0;73728
1690726023;87818240;0;0;0
1690726024;88342528;0;0;4096
1690726025;93585408;0;0;36864
1690726026;92274688;0;0;8192
1690726027;89653248;0;0;3567616
1690726028;82837504;0;0;0
1690726029;90177536;0;0;0
1690726030;85458944;0;0;45056
1690726031;9072640;0;0;4096
1690726032;0;0;0;8192
1690726033;0;0;0;434176
1690726034;0;0;0;0
1690726035;0;0;0;36864
1690726036;0;0;0;32768
1690726037;0;0;0;241664
1690726038;0;0;0;0
1690726039;0;0;0;0
1690726040;0;0;0;0
1690726041;0;0;0;4096
1690726042;0;0;0;0
1690726043;0;0;0;163840
1690726044;0;0;0;4096
1690726045;0;0;0;135168
1690726046;0;0;0;0
1690726047;0;0;0;0
1690726048;0;0;0;0
1690726049;0;0;0;0
1690726050;0;0;0;4096
1690726051;0;0;0;86016
1690726052;0;0;0;638976
1690726053;0;0;0;561152
1690726054;0;0;0;1593344
1690726055;0;0;0;266240
1690726056;0;0;0;65536
1690726057;0;0;0;135168
1690726058;0;0;0;40960
1690726059;0;0;0;98304
1690726060;0;0;0;8192
1690726061;0;0;0;0
1690726062;0;0;0;0
1690726063;0;0;0;4096
1690726064;0;0;0;430080
1690726065;0;0;0;471040
1690726066;0;0;0;86016
1690726067;0;0;0;118784
1690726068;0;0;0;0
1690726069;0;0;0;0
1690726070;12288;0;0;0
1690726071;0;0;0;7720960
1690726072;96210944;0;0;8298496
1690726073;113246208;0;0;348160
1690726074;114556928;0;0;77824
1690726075;122945536;0;0;53248
1690726076;116391936;0;0;0
1690726077;115867648;0;0;438272
1690726078;117440512;0;0;0
1690726079;113246208;0;0;0
1690726080;113246208;0;0;4096
1690726081;120061952;0;0;581632
1690726082;116129792;0;0;126976
1690726083;120324096;0;0;8192
1690726084;113246208;0;0;0
1690726085;116129792;0;0;24576
1690726086;118751232;0;0;57344
1690726087;109051904;0;0;0
1690726088;117440512;0;0;24576
1690726089;117440512;0;0;20480
1690726090;117440512;0;0;0
1690726091;117440512;0;0;0
1690726092;115867648;0;0;4096
1690726093;116129792;0;0;655360
1690726094;116129792;0;0;114688
1690726095;117440512;0;0;569344
1690726096;117440512;0;0;262144
1690726097;117440512;0;0;32768
1690726098;113246208;0;0;0
1690726099;117440512;0;0;278528
1690726100;109051904;0;0;28672
1690726101;44056576;0;0;8192
1690726102;0;0;0;0
1690726103;0;0;0;9244672
1690726104;43253760;0;0;29888512
1690726105;98041856;0;0;25559040
1690726106;99090432;0;0;26701824
1690726107;96468992;0;0;23072768
1690726108;100663296;0;0;27656192
1690726109;92274688;0;0;25149440
1690726110;100663296;0;0;25821184
1690726111;96468992;0;0;22282240
1690726112;79691776;0;0;21356544
1690726113;96468992;0;0;19808256
1690726114;92274688;0;0;29753344
1690726115;96468992;0;0;27525120
1690726116;38453248;0;0;27525120
1690726117;0;0;0;31064064
1690726118;0;0;0;22556672
1690726119;0;0;0;31494144
1690726120;0;0;0;31850496
1690726121;0;0;0;30351360
1690726122;0;0;0;31907840
1690726123;0;0;0;32075776
1690726124;0;0;0;34930688
1690726125;0;0;0;33439744
1690726126;0;0;0;32374784
1690726127;0;0;0;30932992
1690726128;0;0;0;32112640
1690726129;0;0;0;31592448
1690726130;0;0;0;32776192
1690726131;0;0;0;33910784
1690726132;0;0;0;30937088
1690726133;0;0;0;31719424
1690726134;0;0;0;30154752
1690726135;0;0;0;31928320
1690726136;0;0;0;34893824
1690726137;0;0;0;33947648
1690726138;0;0;0;31825920
1690726139;0;0;0;29110272
1690726140;0;0;0;33304576
1690726141;0;0;0;33423360
1690726142;0;0;0;1966080
1690726143;0;0;0;458752
1690726144;0;0;0;25108480
1690726145;0;0;0;33423360
1690726146;0;0;0;36716544
1690726147;0;0;0;32641024
1690726148;0;0;0;34144256
1690726149;0;0;0;31195136
1690726150;0;0;0;29634560
1690726151;0;0;0;32387072
1690726152;0;0;0;31588352
1690726153;0;0;0;32768000
1690726154;0;0;0;31981568
1690726155;0;0;0;31707136
1690726156;0;0;0;33923072
1690726157;0;0;0;33161216
1690726158;0;0;0;33292288
1690726159;0;0;0;32116736
1690726160;0;0;0;33918976
1690726161;0;0;0;31342592
1690726162;0;0;0;33947648
1690726163;0;0;0;33947648
1690726164;0;0;0;32243712
1690726165;0;0;0;34033664
1690726166;0;0;0;34115584
1690726167;0;0;0;32903168
1690726168;0;0;0;32641024
1690726169;0;0;0;33554432
1690726170;0;0;0;33013760
1690726171;0;0;0;32903168
1690726172;0;0;0;32833536
1690726173;0;0;0;20803584
1690726174;0;0;0;32870400
1690726175;0;0;0;32108544
1690726176;0;0;0;33705984
1690726177;0;0;0;33161216
1690726178;0;0;0;33947648
1690726179;0;0;0;6139904
1690726180;0;0;0;22867968
1690726181;0;0;0;32243712
1690726182;0;0;0;33685504
1690726183;0;0;0;34340864
1690726184;0;0;0;33783808
1690726185;0;0;0;33554432
1690726186;0;0;0;31195136
1690726187;0;0;0;31461376
1690726188;0;0;0;33423360
1690726189;0;0;0;32247808
1690726190;0;0;0;29630464
1690726191;0;0;0;32374784
1690726192;0;0;0;33030144
1690726193;0;0;0;11403264
1690726194;0;0;0;33161216
1690726195;0;0;0;32243712
1690726196;0;0;0;33726464
1690726197;0;0;0;32284672
1690726198;0;0;0;32419840
1690726199;0;0;0;33947648
1690726200;0;0;0;31064064
1690726201;0;0;0;30408704
1690726202;0;0;0;22556672
1690726203;0;0;0;29970432
1690726204;0;0;0;32747520
1690726205;0;0;0;34029568
1690726206;0;0;0;32636928
1690726207;0;0;0;31326208
1690726208;0;0;0;30932992
1690726209;0;0;0;32727040
1690726210;0;0;0;32669696
1690726211;0;0;0;31850496
1690726212;0;0;0;29704192
1690726213;0;0;0;33030144
1690726214;0;0;0;30392320
1690726215;0;0;0;33275904
1690726216;0;0;0;13279232
1690726217;0;0;0;0
1690726218;0;0;0;0
1690726219;0;0;0;26492928
1690726220;0;0;0;32489472
1690726221;0;0;0;31981568
1690726222;0;0;0;32768000
1690726223;0;0;0;31625216
1690726224;0;0;0;32276480
1690726225;0;0;0;32505856
1690726226;0;0;0;29786112
1690726227;0;0;0;32899072
1690726228;0;0;0;31981568
1690726229;0;0;0;34181120
1690726230;0;0;0;33423360
1690726231;0;0;0;31981568
1690726232;0;0;0;31653888
1690726233;0;0;0;33873920
1690726234;0;0;0;31723520
1690726235;0;0;0;31592448
1690726236;0;0;0;32768000
1690726237;0;0;0;29659136
1690726238;0;0;0;32636928
1690726239;0;0;0;32243712
1690726240;0;0;0;32374784
1690726241;0;0;0;33030144
1690726242;0;0;0;34078720
1690726243;0;0;0;32673792
1690726244;0;0;0;31723520
1690726245;0;0;0;33423360
1690726246;0;0;0;31457280
1690726247;0;0;0;31600640
1690726248;0;0;0;32374784
1690726249;0;0;0;32243712
1690726250;0;0;0;31326208
1690726251;0;0;0;31551488
1690726252;0;0;0;32620544
1690726253;0;0;0;32505856
1690726254;16384;0;0;28389376
1690726255;0;0;0;1630208
1690726256;71041024;0;0;2043904
1690726257;117440512;0;0;6545408
1690726258;117440512;0;0;126976
1690726259;117440512;0;0;0
1690726260;113246208;8191.999999999999;0;0
1690726261;117440512;0;0;118784
1690726262;114556928;0;0;208896
1690726263;120586240;0;0;774144
1690726264;114556928;0;0;389120
1690726265;115867648;0;0;24576
1690726266;120324096;0;0;131072
1690726267;114556928;0;0;0
1690726268;113246208;0;0;4096
1690726269;119537664;0;0;4096
1690726270;118226944;0;0;110592
1690726271;113246208;0;0;442368
1690726272;118751232;0;0;3895296
1690726273;113246208;0;0;2355200
1690726274;117440512;0;0;4096
1690726275;113246208;0;0;4096
1690726276;120324096;0;0;430080
1690726277;118751232;0;0;0
1690726278;113246208;0;0;0
1690726279;117440512;0;0;45056
1690726280;117440512;0;0;4096
1690726281;113246208;0;0;4096
1690726282;121634816;0;0;12288
1690726283;117440512;0;0;118784
1690726284;113246208;0;0;0
1690726285;56643584;0;0;393216
1690726286;0;0;0;86016
1690726287;0;0;0;131072
1690726288;0;0;0;4096
1690726289;82051072;0;0;6406144
1690726290;116391936;0;0;27660288
1690726291;115867648;0;0;25034752
1690726292;113246208;0;0;23158784
1690726293;113246208;0;0;28274688
1690726294;118751232;0;0;24907776
1690726295;116129792;0;0;25136051.779935278
1690726296;109051904;0;0;22431497.382198952
1690726297;58720256;0;0;19005440
1690726298;67108864;0;0;4677632
1690726299;117440512;0;0;23162880
1690726300;120324096;0;0;26214400
1690726301;117178368;0;0;17047552
1690726302;114819072;0;0;24641536
1690726303;96468992;0;0;24633344
1690726304;50331648;0;0;5378048
1690726305;104857600;0;0;10235904
1690726306;113246208;0;0;25321472
1690726307;117440512;0;0;23068672
1690726308;113246208;0;0;19931136
1690726309;121634816;0;0;21372928
1690726310;109051904;0;0;20873216
1690726311;117440512;0;0;25522176
1690726312;117440512;0;0;24903680
1690726313;117440512;0;0;23724032
1690726314;113246208;0;0;27262976
1690726315;16777216;0;0;8622080
1690726316;101187584;0;0;11051008
1690726317;116916224;0;0;22028288
1690726318;113246208;0;0;28229632
1690726319;115867648;0;0;24776704
1690726320;110624768;0;0;25174016
1690726321;44060672;0;0;27611136
1690726322;0;0;0;30396416
1690726323;0;0;0;30670848
1690726324;0;0;0;31072256
1690726325;0;0;0;29245440
1690726326;0;0;0;30367744
1690726327;0;0;0;31117312
1690726328;0;0;0;31195136
1690726329;0;0;0;32374784
1690726330;0;0;0;33030144
1690726331;0;0;0;33390592
1690726332;0;0;0;32702464
1690726333;0;0;0;33820672
1690726334;0;0;0;32243712
1690726335;0;0;0;23085056
1690726336;0;0;0;6275072
1690726337;0;0;0;0
1690726338;0;0;0;19181568
1690726339;0;0;0;31981568
1690726340;0;0;0;32706560
1690726341;0;0;0;32768000
1690726342;0;0;0;32899072
1690726343;0;0;0;32051200
1690726344;0;0;0;31981568
1690726345;0;0;0;31969280
1690726346;0;0;0;31494144
1690726347;0;0;0;34471936
1690726348;0;0;0;33554432
1690726349;0;0;0;33685504
1690726350;0;0;0;32567296
1690726351;0;0;0;28717056
1690726352;0;0;0;32169984
1690726353;0;0;0;31690752
1690726354;0;0;0;32374784
1690726355;0;0;0;31588352
1690726356;0;0;0;29503488
1690726357;0;0;0;32374784
1690726358;0;0;0;32899072
1690726359;0;0;0;32325632
1690726360;0;0;0;31391744
1690726361;0;0;0;31719424
1690726362;0;0;0;31150080
1690726363;0;0;0;33558528
1690726364;0;0;0;14680064
1690726365;0;0;0;30806016
1690726366;0;0;0;30593024
1690726367;0;0;0;32505856
1690726368;0;0;0;31010816
1690726369;0;0;0;32899072
1690726370;0;0;0;33292288
1690726371;0;0;0;32952320
1690726372;0;0;0;32243712
1690726373;0;0;0;32571392
1690726374;0;0;0;30474240
1690726375;0;0;0;32112640
1690726376;0;0;0;32321536
1690726377;0;0;0;32903168
1690726378;0;0;0;32505856
1690726379;0;0;0;32116736
1690726380;0;0;0;32641024
1690726381;0;0;0;31948800
1690726382;0;0;0;33947648
1690726383;0;0;0;33185792
1690726384;0;0;0;34103296
1690726385;0;0;0;33660928
1690726386;0;0;0;28540928
1690726387;0;0;0;33685504
1690726388;0;0;0;33132544
1690726389;0;0;0;32043008
1690726390;0;0;0;31981568
1690726391;0;0;0;33996800
1690726392;0;0;0;31612928
1690726393;0;0;0;33685504
1690726394;0;0;0;30146560
1690726395;0;0;0;32903168
1690726396;0;0;0;32374784
1690726397;0;0;0;12468224
1690726398;0;0;0;29753344
1690726399;0;0;0;32243712
1690726400;0;0;0;32243712
1690726401;0;0;0;31592448
1690726402;0;0;0;31457280
1690726403;0;0;0;31457280
1690726404;0;0;0;31162368
1690726405;0;0;0;32956416
1690726406;0;0;0;32153600
1690726407;0;0;0;32243712
1690726408;0;0;0;31854592
1690726409;0;0;0;31068160
1690726410;0;0;0;22081536
1690726411;0;0;0;31068160
1690726412;0;0;0;31232000
1690726413;0;0;0;33452032
1690726414;0;0;0;31981568
1690726415;0;0;0;30806016
1690726416;0;0;0;32571392
1690726417;0;0;0;31723520
1690726418;0;0;0;32112640
1690726419;0;0;0;26271744
1690726420;0;0;0;28028928
1690726421;0;0;0;26746880
1690726422;0;0;0;31588352
1690726423;0;0;0;31981568
1690726424;0;0;0;35971072
1690726425;0;0;0;32899072
1690726426;0;0;0;32829440
1690726427;0;0;0;31330304
1690726428;0;0;0;31461376
1690726429;0;0;0;31981568
1690726430;0;0;0;31682560
1690726431;0;0;0;34574336
1690726432;0;0;0;29229056
1690726433;0;0;0;32768000
1690726434;0;0;0;32358400
1690726435;0;0;0;33685504
1690726436;0;0;0;33447936
1690726437;0;0;0;32636928
1690726438;0;0;0;30474240
1690726439;0;0;0;32112640
1690726440;0;0;0;32374784
1690726441;0;0;0;31068160
1690726442;0;0;0;31326208
1690726443;0;0;0;32444416
1690726444;0;0;0;22286336
1690726445;0;0;0;25169920
1690726446;0;0;0;24113152
1690726447;0;0;0;0
1690726448;0;0;0;2355200
1690726449;0;0;0;34078720
1690726450;0;0;0;31416320
1690726451;0;0;0;31850496
1690726452;0;0;0;33554432
1690726453;0;0;0;33030144
1690726454;0;0;0;31588352
1690726455;0;0;0;32768000
1690726456;0;0;0;29257728
1690726457;0;0;0;32731136
1690726458;0;0;0;30277632
1690726459;0;0;0;0
1690726460;0;0;0;0
1690726461;0;0;0;749568
1690726462;0;0;0;33353728
1690726463;0;0;0;32505856
1690726464;0;0;0;33505280
1690726465;0;0;0;33628160
1690726466;12288;0;0;31850496
1690726467;0;0;0;30683136
1690726468;0;0;0;32063488
1690726469;0;0;0;32374784
1690726470;0;0;0;29622272
1690726471;0;0;0;31989760
1690726472;0;0;0;31408128
1690726473;0;0;0;31870976
1690726474;0;0;0;32948224
1690726475;0;0;0;30937088
1690726476;0;0;0;31993856
1690726477;0;0;0;31981568
1690726478;0;0;0;30027776
1690726479;0;0;0;33292288
1690726480;0;0;0;33284096
1690726481;0;0;0;33292288
1690726482;0;0;0;27000832
1690726483;0;0;0;33685504
1690726484;0;0;0;32641024
1690726485;0;0;0;34021376
1690726486;0;0;0;32993280
1690726487;0;0;0;8753152
1690726488;0;0;0;5050368
1690726489;0;0;0;30203904
1690726490;0;0;0;34340864
1690726491;0;0;0;33030144
1690726492;0;0;0;33816576
1690726493;0;0;0;32768000
1690726494;0;0;0;31723520
1690726495;0;0;0;32243712
1690726496;0;0;0;31850496
1690726497;0;0;0;32182272
1690726498;0;0;0;32112640
1690726499;0;0;0;23990272
1690726500;0;0;0;32112640
1690726501;0;0;0;30810112
1690726502;0;0;0;31584256
1690726503;0;0;0;32735232
1690726504;0;0;0;34611200
1690726505;0;0;0;30167040
1690726506;0;0;0;33607680
1690726507;0;0;0;33030144
1690726508;0;0;0;33685504
1690726509;0;0;0;33816576
1690726510;0;0;0;32899072
1690726511;0;0;0;32215040
1690726512;0;0;0;33509376
1690726513;0;0;0;31444992
1690726514;0;0;0;32112640
1690726515;0;0;0;33816576
1690726516;0;0;0;29941760
1690726517;0;0;0;32804864
1690726518;0;0;0;33030144
1690726519;0;0;0;33910784
1690726520;0;0;0;32112640
1690726521;0;0;0;33030144
1690726522;0;0;0;31322112
1690726523;0;0;0;32374784
1690726524;0;0;0;4444160
1690726525;0;0;0;21901312
1690726526;0;0;0;737280
1690726527;0;0;0;8314880
1690726528;0;0;0;2805760
1690726529;0;0;0;131072
1690726530;0;0;0;0
1690726531;0;0;0;122880
1690726532;0;0;0;90112
1690726533;0;0;0;118784
1690726534;0;0;0;0
1690726535;0;0;0;45056
1690726536;0;0;0;86016
1690726537;0;0;0;0
1690726538;0;0;0;221184
1690726539;0;0;0;3661824
1690726540;0;0;0;0
1690726541;0;0;0;0
1690726542;0;0;0;0
1690726543;0;0;0;0
1690726544;0;0;0;1601536
1690726545;0;0;0;0
1690726546;0;0;0;0
1690726547;0;0;0;0
1690726548;0;0;0;0
1690726549;0;0;0;0
1690726550;0;0;0;118784
1690726551;0;0;0;0
1690726552;0;0;0;0
1690726553;0;0;0;0
1690726554;0;0;0;0
1690726555;0;0;0;0
1690726556;0;0;0;0
1690726557;0;0;0;49152
1690726558;0;0;0;0
1690726559;0;0;0;0
1690726560;0;0;0;0
1690726561;0;0;0;0
1690726562;0;0;0;0
1690726563;0;0;0;0
1690726564;0;0;0;200704
1690726565;0;0;0;286720
1690726566;0;0;0;90112
1690726567;0;0;0;0
1690726568;0;0;0;151552
1690726569;0;0;0;0
1690726570;0;0;0;0
1690726571;0;0;0;0
1690726572;0;0;0;0
1690726573;0;0;0;0
1690726574;0;0;0;0
1690726575;0;0;0;0
1690726576;0;0;0;0
1690726577;0;0;0;90112
1690726578;0;0;0;0
1690726579;0;0;0;0
1690726580;0;0;0;0
1690726581;0;0;0;0
1690726582;0;0;0;73728
1690726583;0;0;0;0
1690726584;0;0;0;0
1690726585;0;0;0;0
1690726586;0;0;0;0
1690726587;0;0;0;0
1690726588;0;0;0;0
1690726589;0;0;0;0
1690726590;0;0;0;0
1690726591;0;0;0;73728
1690726592;0;0;0;311296
1690726593;0;0;0;172032
1690726594;0;0;0;0
1690726595;0;0;0;0
1690726596;0;0;0;0
1690726597;0;0;0;0
1690726598;0;0;0;0
1690726599;0;0;0;0
1690726600;0;0;0;0
1690726601;0;0;0;102400
1690726602;0;0;0;0
1690726603;0;0;0;0
1690726604;0;0;0;0
1690726605;0;0;0;0
1690726606;0;0;0;0
1690726607;0;0;0;0
1690726608;0;0;0;401408
1690726609;0;0;0;0
1690726610;0;0;0;0
1690726611;0;0;0;0
1690726612;0;0;0;0
1690726613;0;0;0;0
1690726614;0;0;0;0
1690726615;0;0;0;0
1690726616;0;0;0;0
1690726617;0;0;0;135168
1690726618;0;0;0;0
1690726619;0;0;0;0
1690726620;0;0;0;0
1690726621;0;0;0;0
1690726622;385024;0;0;0
1690726623;0;0;0;532480
1690726624;0;0;0;0
1690726625;0;0;0;0
1690726626;0;0;0;0
1690726627;0;0;0;0
1690726628;0;0;0;0
1690726629;0;0;0;0
1690726630;0;0;0;0
1690726631;0;0;0;0
1690726632;0;0;0;0
1690726633;0;0;0;0
1690726634;0;0;0;0
1690726635;0;0;0;0
1690726636;0;0;0;0
1690726637;0;0;0;4096
1690726638;0;0;0;0
1690726639;0;0;0;0
1690726640;0;0;0;221184
1690726641;0;0;0;0
1690726642;0;0;0;0
1690726643;0;0;0;0
1690726644;0;0;0;0
1690726645;0;0;0;0
1690726646;0;0;0;131072
1690726647;0;0;0;0
1690726648;0;0;0;0
1690726649;0;0;0;0
1690726650;0;0;0;0
1690726651;0;0;0;0
1690726652;0;0;0;0
1690726653;0;0;0;0
1690726654;0;0;0;0
1690726655;0;0;0;0
1690726656;0;0;0;0
1690726657;0;0;0;98304
1690726658;0;0;0;0
1690726659;0;0;0;1306624
1690726660;0;0;0;0
1690726661;0;0;0;0
1690726662;0;0;0;233472
1690726663;0;0;0;0
1690726664;0;0;0;0
1690726665;0;0;0;0
1690726666;0;0;0;118784
1690726667;0;0;0;0
1690726668;0;0;0;0
1690726669;0;0;0;0
1690726670;0;0;0;0
1690726671;0;0;0;0
1690726672;0;0;0;0
1690726673;0;0;0;0
1690726674;0;0;0;0
1690726675;0;0;0;0
1690726676;0;0;0;0
1690726677;0;0;0;0
1690726678;0;0;0;0
1690726679;0;0;0;0
1690726680;0;0;0;0
1690726681;0;0;0;0
1690726682;0;0;0;0
1690726683;0;0;0;0
1690726684;0;0;0;0
1690726685;0;0;0;0
1690726686;0;0;0;0
1690726687;0;0;0;217088
1690726688;0;0;0;0
1690726689;0;0;0;0
1690726690;0;0;0;0
1690726691;0;0;0;0
1690726692;0;0;0;0
1690726693;0;0;0;0
1690726694;0;0;0;0
1690726695;0;0;0;0
1690726696;0;0;0;0
1690726697;0;0;0;12288
1690726698;0;0;0;53248
1690726699;0;0;0;0
1690726700;0;0;0;0
1690726701;0;0;0;0
1690726702;0;0;0;0
1690726703;0;0;0;0
1690726704;0;0;0;45056
1690726705;0;0;0;0
1690726706;0;0;0;0
1690726707;0;0;0;0
1690726708;0;0;0;0
1690726709;0;0;0;0
1690726710;0;0;0;0
1690726711;0;0;0;0
1690726712;0;0;0;0
1690726713;0;0;0;0
1690726714;0;0;0;0
1690726715;0;0;0;0
1690726716;0;0;0;0
1690726717;0;0;0;122880
1690726718;0;0;0;0
1690726719;0;0;0;0
1690726720;0;0;0;753664
1690726721;0;0;0;0
1690726722;0;0;0;0
1690726723;0;0;0;139264
1690726724;0;0;0;0
1690726725;0;0;0;0
1690726726;0;0;0;139264
1690726727;0;0;0;0
1690726728;0;0;0;0
1690726729;0;0;0;0
1690726730;0;0;0;0
1690726731;0;0;0;0
1690726732;0;0;0;0
1690726733;0;0;0;0
