Time;{instance="10.231.0.208:9100"};{instance="192.168.221.10:9100"};{instance="192.168.221.11:9100"};{instance="192.168.221.12:9100"}
1690725233;0;102399.99999999999;0;348160
1690725234;0;86015.99999999999;0;1241088
1690725235;0;163839.99999999997;0;2117632
1690725236;0;24575.999999999996;0;32010240
1690725237;0;200703.99999999997;0;4218880
1690725238;0;86015.99999999999;0;178532352
1690725239;45056;81919.99999999999;0;291766272
1690725240;0;147455.99999999997;0;85475328
1690725241;0;106495.99999999999;0;1544192
1690725242;0;143359.99999999997;0;36864000
1690725243;0;77823.99999999999;0;144044032
1690725244;0;40959.99999999999;0;88104960
1690725245;16384;126975.99999999999;0;236212224
1690725246;24576;53247.99999999999;0;108003328
1690725247;0;139263.99999999997;0;30195712
1690725248;0;65535.99999999999;0;91455488
1690725249;0;274431.99999999994;0;1056768
1690725250;0;0;0;89210880
1690725251;16384;131071.99999999999;0;247873536
1690725252;0;24575.999999999996;0;0
1690725253;0;45055.99999999999;0;176177152
1690725254;0;28671.999999999996;0;88080384
1690725255;0;20479.999999999996;0;124989440
1690725256;0;69631.99999999999;0;0
1690725257;0;4095.9999999999995;0;0
1690725258;0;36863.99999999999;20480;0
1690725259;0;32767.999999999996;0;599531520
1690725260;0;65535.99999999999;0;9768960
1690725261;0;28671.999999999996;0;0
1690725262;0;229375.99999999997;0;87183360
1690725263;0;24575.999999999996;0;3149824
1690725264;0;61439.99999999999;0;375390208
1690725265;0;4095.9999999999995;0;73728
1690725266;0;53247.99999999999;0;109576192
1690725267;0;24575.999999999996;0;0
1690725268;0;8191.999999999999;0;0
1690725269;0;118783.99999999999;0;146624512
1690725270;16384;24575.999999999996;0;138153984
1690725271;0;90111.99999999999;0;536576
1690725272;0;98303.99999999999;0;0
1690725273;0;73727.99999999999;0;176472064
1690725274;0;12287.999999999998;0;88080384
1690725275;0;53247.99999999999;0;176160768
1690725276;40960;61439.99999999999;0;112132096
1690725277;0;98303.99999999999;0;26349568
1690725278;0;28671.999999999996;0;0
1690725279;0;90111.99999999999;0;0
1690725280;0;24575.999999999996;0;392347648
1690725281;32768;49151.99999999999;0;346574848
1690725282;0;0;0;0
1690725283;0;45055.99999999999;147456;68296704
1690725284;0;24575.999999999996;0;0
1690725285;0;53247.99999999999;0;0
1690725286;0;131071.99999999999;0;0
1690725287;8192;0;0;231903232
1690725288;0;114687.99999999999;0;581922816
1690725289;0;0;12288;0
1690725290;0;110591.99999999999;0;50847744
1690725291;0;20479.999999999996;0;137928704
1690725292;0;24575.999999999996;0;191889408
1690725293;0;81919.99999999999;16384;154931200
1690725294;0;28671.999999999996;0;193970176
1690725295;0;49151.99999999999;0;0
1690725296;0;57343.99999999999;0;0
1690725297;0;8191.999999999999;0;33234944
1690725298;4096;69631.99999999999;0;0
1690725299;12288;36863.99999999999;0;0
1690725300;0;65535.99999999999;0;109469696
1690725301;0;40959.99999999999;0;54157312
1690725302;0;20479.999999999996;0;212586496
1690725303;0;319487.99999999994;0;98172928
1690725304;4096;12287.999999999998;0;221200384
1690725305;0;118783.99999999999;0;0
1690725306;0;0;0;49152
1690725307;0;28671.999999999996;286720;0
1690725308;0;57343.99999999999;0;98304
1690725309;0;73727.99999999999;0;0
1690725310;0;0;0;71626752
1690725311;0;57343.99999999999;0;71303168
1690725312;0;53247.99999999999;0;71303168
1690725313;0;81919.99999999999;0;40960
1690725314;0;24575.999999999996;0;71307264
1690725315;0;16383.999999999998;0;360386560
1690725316;0;69631.99999999999;0;0
1690725317;0;8191.999999999999;0;0
1690725318;0;102399.99999999999;0;307200
1690725319;0;4095.9999999999995;0;0
1690725320;0;94207.99999999999;0;0
1690725321;0;24575.999999999996;0;0
1690725322;0;32767.999999999996;0;0
1690725323;0;12287.999999999998;0;57344
1690725324;0;49151.99999999999;0;73691136
1690725325;0;24575.999999999996;0;0
1690725326;0;57343.99999999999;0;364118016
1690725327;0;0;0;0
1690725328;0;45055.99999999999;0;49152
1690725329;0;12287.999999999998;0;0
1690725330;0;53247.99999999999;0;0
1690725331;0;73727.99999999999;0;0
1690725332;0;24575.999999999996;0;71479296
1690725333;0;36863.99999999999;0;71323648
1690725334;0;167935.99999999997;0;4096
1690725335;0;28671.999999999996;0;71307264
1690725336;0;73727.99999999999;0;71303168
1690725337;0;57343.99999999999;0;364552192
1690725338;0;28671.999999999996;32768;45056
1690725339;0;32767.999999999996;0;0
1690725340;0;28671.999999999996;20480;0
1690725341;0;36863.99999999999;0;0
1690725342;0;73727.99999999999;0;4096
1690725343;0;28671.999999999996;0;75534336
1690725344;0;303103.99999999994;0;0
1690725345;0;12287.999999999998;0;75497472
1690725346;0;53247.99999999999;0;75497472
1690725347;0;24575.999999999996;0;75497472
1690725348;0;36863.99999999999;0;32768
1690725349;0;53247.99999999999;0;79372288
1690725350;0;4095.9999999999995;0;81739776
1690725351;0;53247.99999999999;0;243744768
1690725352;0;73727.99999999999;0;0
1690725353;0;24575.999999999996;0;32768
1690725354;0;28671.999999999996;0;0
1690725355;0;28671.999999999996;0;303104
1690725356;0;24575.999999999996;0;0
1690725357;0;73727.99999999999;0;151019520
1690725358;0;12287.999999999998;0;73728
1690725359;0;77823.99999999999;0;150999040
1690725360;0;0;0;0
1690725361;0;126975.99999999999;0;0
1690725362;0;49151.99999999999;0;365088768
1690725363;0;106495.99999999999;0;57344
1690725364;0;57343.99999999999;0;0
1690725365;0;28671.999999999996;0;0
1690725366;0;24575.999999999996;0;4096
1690725367;0;61439.99999999999;0;0
1690725368;0;57343.99999999999;0;79740928
1690725369;0;24575.999999999996;147456;0
1690725370;12288;24575.999999999996;0;79691776
1690725371;0;49151.99999999999;0;79691776
1690725372;0;57343.99999999999;0;17698816
1690725373;0;40959.99999999999;0;345362432
1690725374;0;4095.9999999999995;20480;0
1690725375;4096;32767.999999999996;4096;0
1690725376;0;28671.999999999996;0;0
1690725377;0;28671.999999999996;0;0
1690725378;0;81919.99999999999;0;16384
1690725379;0;0;0;84054016
1690725380;0;53247.99999999999;0;83886080
1690725381;0;49151.99999999999;0;83886080
1690725382;0;36863.99999999999;0;0
1690725383;0;57343.99999999999;0;83918848
1690725384;0;28671.999999999996;0;52891648
1690725385;0;69631.99999999999;0;0
1690725386;0;49151.99999999999;0;383320064
1690725387;0;49151.99999999999;0;0
1690725388;0;40959.99999999999;0;32768
1690725389;0;32767.999999999996;0;0
1690725390;0;28671.999999999996;0;32768
1690725391;0;77823.99999999999;0;270336
1690725392;0;61439.99999999999;0;256577536
1690725393;0;32767.999999999996;0;77824
1690725394;0;36863.99999999999;0;0
1690725395;0;204799.99999999997;0;4096
1690725396;0;102399.99999999999;0;0
1690725397;0;24575.999999999996;0;88174592
1690725398;0;24575.999999999996;0;20480
1690725399;0;114687.99999999999;0;88084480
1690725400;0;28671.999999999996;0;88084480
1690725401;0;49151.99999999999;0;0
1690725402;0;24575.999999999996;0;88080384
1690725403;0;57343.99999999999;0;187199488
1690725404;0;24575.999999999996;0;0
1690725405;0;28671.999999999996;0;0
1690725406;0;77823.99999999999;4096;249040896
1690725407;0;57343.99999999999;0;0
1690725408;0;28671.999999999996;151552;32768
1690725409;0;90111.99999999999;20480;0
1690725410;0;45055.99999999999;0;4096
1690725411;0;0;0;362840064
1690725412;0;77823.99999999999;0;0
1690725413;0;0;0;32768
1690725414;0;49151.99999999999;0;0
1690725415;0;102399.99999999999;0;0
1690725416;0;73727.99999999999;0;4096
1690725417;0;36863.99999999999;0;88260608
1690725418;0;49151.99999999999;16384;88121344
1690725419;0;98303.99999999999;0;4096
1690725420;0;28671.999999999996;0;88096768
1690725421;0;217087.99999999997;0;361242624
1690725422;0;49151.99999999999;0;0
1690725423;0;24575.999999999996;0;32768
1690725424;0;24575.999999999996;20480;0
1690725425;0;36863.99999999999;0;0
1690725426;0;32767.999999999996;0;32768
1690725427;0;45055.99999999999;0;270336
1690725428;0;24575.999999999996;0;174542848
1690725429;0;40959.99999999999;0;0
1690725430;0;24575.999999999996;0;4096
1690725431;0;32767.999999999996;0;176160768
1690725432;0;49151.99999999999;0;0
1690725433;0;32767.999999999996;0;32768
1690725434;0;32767.999999999996;0;50266112
1690725435;0;139263.99999999997;0;358572032
1690725436;0;73727.99999999999;0;0
1690725437;0;73727.99999999999;0;0
1690725438;0;16383.999999999998;0;49152
1690725439;0;61439.99999999999;155648;0
1690725440;0;32767.999999999996;0;0
1690725441;0;24575.999999999996;0;88084480
1690725442;0;49151.99999999999;0;88109056
1690725443;0;28671.999999999996;0;24576
1690725444;0;73727.99999999999;0;88084480
1690725445;0;212991.99999999997;4096;198586368
1690725446;0;65535.99999999999;0;162791424
1690725447;0;86015.99999999999;0;0
1690725448;0;16383.999999999998;0;36864
1690725449;0;28671.999999999996;0;0
1690725450;0;28671.999999999996;0;0
1690725451;0;122879.99999999999;0;88256512
1690725452;0;28671.999999999996;0;0
1690725453;0;57343.99999999999;0;88117248
1690725454;0;36863.99999999999;0;54136832
1690725455;0;24575.999999999996;0;33947648
1690725456;0;32767.999999999996;0;88096768
1690725457;0;86015.99999999999;0;230916096
1690725458;0;24575.999999999996;0;131702784
1690725459;0;49151.99999999999;0;0
1690725460;0;49151.99999999999;0;0
1690725461;0;118783.99999999999;0;32768
1690725462;0;49151.99999999999;0;213893120
1690725463;0;73727.99999999999;0;0
1690725464;0;0;0;2502656
1690725465;0;94207.99999999999;0;81797120
1690725466;0;0;0;0
1690725467;49152;249855.99999999997;0;0
1690725468;0;28671.999999999996;0;176177152
1690725469;0;24575.999999999996;0;0
1690725470;0;24575.999999999996;0;279822336
1690725471;0;32767.999999999996;0;106430464
1690725472;36864;122879.99999999999;0;0
1690725473;0;28671.999999999996;0;0
1690725474;0;32767.999999999996;0;176390144
1690725475;0;24575.999999999996;0;88080384
1690725476;0;12287.999999999998;0;111357952
1690725477;0;57343.99999999999;0;0
1690725478;8192;40959.99999999999;0;0
1690725479;0;28671.999999999996;0;324853760
1690725480;0;81919.99999999999;0;138670080
1690725481;0;12287.999999999998;0;0
1690725482;0;118783.99999999999;0;0
1690725483;0;98303.99999999999;0;0
1690725484;0;40959.99999999999;0;478158848
1690725485;0;32767.999999999996;0;375468032
1690725486;0;24575.999999999996;20480;0
1690725487;0;24575.999999999996;0;0
1690725488;0;28671.999999999996;0;104857600
1690725489;0;28671.999999999996;0;0
1690725490;0;16383.999999999998;0;0
1690725491;0;90111.99999999999;0;0
1690725492;0;45055.99999999999;0;350363648
1690725493;0;32767.999999999996;0;440266752
1690725494;0;53247.99999999999;0;32407552
1690725495;0;24575.999999999996;0;0
1690725496;0;0;0;0
1690725497;0;28671.999999999996;0;0
1690725498;0;12287.999999999998;0;65536
1690725499;32768;77823.99999999999;20480;0
1690725500;0;28671.999999999996;0;128090112
1690725501;0;28671.999999999996;0;143360
1690725502;0;184319.99999999997;0;0
1690725503;0;77823.99999999999;0;0
1690725504;24576;36863.99999999999;0;0
1690725505;0;28671.999999999996;0;0
1690725506;0;0;0;77824
1690725507;0;53247.99999999999;0;88244224
1690725508;0;53247.99999999999;0;0
1690725509;0;28671.999999999996;0;357695488
1690725510;8192;86015.99999999999;0;0
1690725511;0;8191.999999999999;143360;32768
1690725512;0;57343.99999999999;0;45056
1690725513;0;28671.999999999996;0;0
1690725514;0;114687.99999999999;0;114688
1690725515;0;24575.999999999996;0;88305664
1690725516;0;86015.99999999999;0;88080384
1690725517;0;0;4096;0
1690725518;0;77823.99999999999;0;88096768
1690725519;0;28671.999999999996;0;53350400
1690725520;0;57343.99999999999;0;60133376
1690725521;0;81919.99999999999;12288;111816704
1690725522;0;24575.999999999996;0;206852096
1690725523;0;122879.99999999999;0;0
1690725524;0;24575.999999999996;0;90112
1690725525;0;28671.999999999996;0;0
1690725526;0;49151.99999999999;0;0
1690725527;0;57343.99999999999;0;353083392
1690725528;0;86015.99999999999;0;0
1690725529;0;0;0;36864
1690725530;0;57343.99999999999;0;0
1690725531;0;24575.999999999996;0;0
1690725532;0;53247.99999999999;0;4096
1690725533;0;73727.99999999999;0;88354816
1690725534;0;24575.999999999996;0;28504064
1690725535;0;81919.99999999999;0;59604992
1690725536;0;4095.9999999999995;0;88084480
1690725537;0;45055.99999999999;0;299008
1690725538;0;16383.999999999998;0;153890816
1690725539;0;53247.99999999999;0;131567616
1690725540;0;45055.99999999999;0;0
1690725541;0;24575.999999999996;0;4096
1690725542;0;135167.99999999997;0;0
1690725543;0;225279.99999999997;0;75497472
1690725544;0;40959.99999999999;0;12599296
1690725545;0;118783.99999999999;0;88150016
1690725546;0;24575.999999999996;0;0
1690725547;0;24575.999999999996;0;88080384
1690725548;0;53247.99999999999;0;88080384
1690725549;0;65535.99999999999;0;24576
1690725550;0;32767.999999999996;0;85196800
1690725551;0;20479.999999999996;0;351014912
1690725552;0;53247.99999999999;0;0
1690725553;0;61439.99999999999;0;0
1690725554;0;49151.99999999999;0;40960
1690725555;0;32767.999999999996;0;0
1690725556;0;24575.999999999996;0;0
1690725557;0;69631.99999999999;0;285216768
1690725558;0;53247.99999999999;0;66715648
1690725559;0;45055.99999999999;0;28672
1690725560;0;4095.9999999999995;0;0
1690725561;0;73727.99999999999;0;0
1690725562;0;28671.999999999996;0;4096
1690725563;0;139263.99999999997;0;0
1690725564;0;49151.99999999999;20480;88154112
1690725565;0;53247.99999999999;0;88088576
1690725566;0;57343.99999999999;0;0
1690725567;0;53247.99999999999;0;88080384
1690725568;0;28671.999999999996;0;199356416
1690725569;0;65535.99999999999;0;161460224
1690725570;0;20479.999999999996;0;0
1690725571;0;40959.99999999999;0;0
1690725572;0;81919.99999999999;0;0
1690725573;0;86015.99999999999;0;0
1690725574;0;53247.99999999999;0;376832
1690725575;0;24575.999999999996;0;160481280
1690725576;0;98303.99999999999;0;0
1690725577;0;0;20480;0
1690725578;0;57343.99999999999;0;88080384
1690725579;0;0;0;104972288
1690725580;0;69631.99999999999;0;108806144
1690725581;0;0;0;121544704
1690725582;0;53247.99999999999;0;38797312
1690725583;0;28671.999999999996;0;60370944
1690725584;0;114687.99999999999;0;45056
1690725585;0;49151.99999999999;0;4096
1690725586;0;32767.999999999996;0;0
1690725587;0;20479.999999999996;0;0
1690725588;0;94207.99999999999;0;358191104
1690725589;0;28671.999999999996;147456;49152
1690725590;0;0;0;0
1690725591;0;28671.999999999996;0;0
1690725592;0;118783.99999999999;0;4096
1690725593;0;139263.99999999997;0;0
1690725594;0;32767.999999999996;12288;88195072
1690725595;0;217087.99999999997;12288;4460544
1690725596;0;49151.99999999999;0;83636224
1690725597;0;28671.999999999996;0;88080384
1690725598;0;32767.999999999996;0;0
1690725599;0;53247.99999999999;0;360062976
1690725600;0;0;0;0
1690725601;0;69631.99999999999;0;0
1690725602;0;24575.999999999996;0;0
1690725603;0;98303.99999999999;0;0
1690725604;0;36863.99999999999;0;28672
1690725605;0;81919.99999999999;0;0
1690725606;0;73727.99999999999;0;88244224
1690725607;0;49151.99999999999;0;88080384
1690725608;0;32767.999999999996;0;0
1690725609;0;4095.9999999999995;0;88109056
1690725610;0;40959.99999999999;0;47509504
1690725611;0;32767.999999999996;0;0
1690725612;0;28671.999999999996;0;63766528
1690725613;0;53247.99999999999;0;152453120
1690725614;0;94207.99999999999;0;130879488
1690725615;0;159743.99999999997;0;208896
1690725616;0;106495.99999999999;0;2060288
1690725617;0;45055.99999999999;0;86728704
1690725618;0;32767.999999999996;0;90112
1690725619;0;53247.99999999999;0;53248
1690725620;45056;0;0;176160768
1690725621;0;28671.999999999996;0;318533632
1690725622;0;36863.99999999999;0;233472
1690725623;0;45055.99999999999;0;0
1690725624;0;45055.99999999999;0;52428800
1690725625;0;102399.99999999999;0;123736064
1690725626;16384;28671.999999999996;4096;176160768
1690725627;16384;53247.99999999999;0;88326144
1690725628;0;90111.99999999999;0;88084480
1690725629;0;28671.999999999996;0;176160768
1690725630;0;49151.99999999999;0;375390208
1690725631;0;24575.999999999996;0;0
1690725632;8192;57343.99999999999;0;49152
1690725633;0;28671.999999999996;0;58548224
1690725634;0;40959.99999999999;0;0
1690725635;0;53247.99999999999;0;163028992
1690725636;0;262143.99999999997;0;37146624
1690725637;0;90111.99999999999;0;193318912
1690725638;0;45055.99999999999;0;93794304
1690725639;0;73727.99999999999;0;56389632
1690725640;4096;0;0;0
1690725641;12288;106495.99999999999;0;53248
1690725642;0;0;0;172032
1690725643;0;49151.99999999999;167936;0
1690725644;0;12287.999999999998;0;143360
1690725645;0;77823.99999999999;0;88297472
1690725646;4096;45055.99999999999;0;0
1690725647;0;73727.99999999999;0;88080384
1690725648;0;114687.99999999999;0;295874560
1690725649;0;28671.999999999996;32768;61239296
1690725650;0;20479.999999999996;0;0
1690725651;0;28671.999999999996;0;0
1690725652;0;24575.999999999996;0;4096
1690725653;0;61439.99999999999;167936;0
1690725654;0;40959.99999999999;0;88125440
1690725655;0;53247.99999999999;0;4096
1690725656;0;131071.99999999999;0;88084480
1690725657;0;32767.999999999996;0;88219648
1690725658;0;110591.99999999999;0;0
1690725659;0;4095.9999999999995;4096;355618816
1690725660;0;45055.99999999999;0;0
1690725661;0;4095.9999999999995;0;0
1690725662;0;49151.99999999999;0;4096
1690725663;0;0;0;0
1690725664;0;94207.99999999999;0;12288
1690725665;0;24575.999999999996;0;88109056
1690725666;0;77823.99999999999;0;88080384
1690725667;0;0;0;0
1690725668;0;73727.99999999999;0;88080384
1690725669;0;40959.99999999999;0;286769152
1690725670;0;24575.999999999996;0;67698688
1690725671;0;61439.99999999999;0;0
1690725672;0;24575.999999999996;0;4096
1690725673;0;49151.99999999999;0;0
1690725674;0;16383.999999999998;0;385024
1690725675;0;126975.99999999999;0;302931968
1690725676;0;4095.9999999999995;0;0
1690725677;0;131071.99999999999;0;0
1690725678;0;32767.999999999996;0;0
1690725679;0;61439.99999999999;0;32768
1690725680;0;49151.99999999999;0;0
1690725681;0;0;0;88084480
1690725682;0;49151.99999999999;0;88092672
1690725683;0;0;0;0
1690725684;0;57343.99999999999;0;88109056
1690725685;0;53247.99999999999;0;51314688
1690725686;0;49151.99999999999;0;338665472
1690725687;0;69631.99999999999;0;0
1690725688;0;57343.99999999999;0;0
1690725689;0;32767.999999999996;0;36864
1690725690;0;49151.99999999999;0;0
1690725691;0;49151.99999999999;0;4096
1690725692;0;69631.99999999999;0;88104960
1690725693;0;94207.99999999999;0;8163328
1690725694;0;16383.999999999998;0;79941632
1690725695;0;49151.99999999999;0;88084480
1690725696;0;28671.999999999996;0;0
1690725697;0;94207.99999999999;0;359272448
1690725698;0;32767.999999999996;0;0
1690725699;0;28671.999999999996;0;36864
1690725700;0;73727.99999999999;0;0
1690725701;0;77823.99999999999;0;0
1690725702;0;245759.99999999997;0;4096
1690725703;0;73727.99999999999;0;88113152
1690725704;0;61439.99999999999;0;71761920
1690725705;0;24575.999999999996;0;16347136
1690725706;0;49151.99999999999;0;88080384
1690725707;0;114687.99999999999;0;0
1690725708;0;57343.99999999999;0;359968768
1690725709;0;4095.9999999999995;155648;32768
1690725710;0;61439.99999999999;4096;32768
1690725711;0;77823.99999999999;0;0
1690725712;0;90111.99999999999;0;110424064
1690725713;0;65535.99999999999;0;4501504
1690725714;0;61439.99999999999;0;1978368
1690725715;0;0;0;0
1690725716;0;77823.99999999999;0;20480
1690725717;49152;0;20480;177111040
1690725718;0;65535.99999999999;135168;323792896
1690725719;0;28671.999999999996;16384;60805120
1690725720;0;24575.999999999996;0;0
1690725721;0;81919.99999999999;0;32894976
1690725722;20480;24575.999999999996;0;231358464
1690725723;16384;20479.999999999996;0;0
1690725724;0;36863.99999999999;0;192974848
1690725725;0;20479.999999999996;0;240549888
1690725726;0;4095.9999999999995;0;0
1690725727;0;32767.999999999996;0;0
1690725728;8192;49151.99999999999;0;176160768
1690725729;0;36863.99999999999;0;102981632
1690725730;0;90111.99999999999;0;0
1690725731;0;73727.99999999999;0;331354112
1690725732;0;45055.99999999999;0;0
1690725733;0;28671.999999999996;0;98304000
1690725734;0;40959.99999999999;0;166019072
1690725735;0;53247.99999999999;0;84033536
1690725736;0;0;0;315383808
1690725737;0;126975.99999999999;0;33816576
1690725738;0;94207.99999999999;0;0
1690725739;0;40959.99999999999;0;88137728
1690725740;0;4095.9999999999995;12288;88080384
1690725741;0;61439.99999999999;0;0
1690725742;0;49151.99999999999;0;264306688
1690725743;0;4095.9999999999995;0;363814912
1690725744;0;45055.99999999999;0;0
1690725745;0;167935.99999999997;4096;0
1690725746;0;40959.99999999999;0;0
1690725747;0;24575.999999999996;0;21803008
1690725748;45056;167935.99999999997;0;0
1690725749;0;81919.99999999999;0;175419392
1690725750;0;24575.999999999996;0;176160768
1690725751;0;28671.999999999996;4096;168820736
1690725752;0;53247.99999999999;0;3489792
1690725753;20480;24575.999999999996;0;162291712
1690725754;16384;24575.999999999996;0;0
1690725755;0;57343.99999999999;0;362762240
1690725756;0;24575.999999999996;0;359923712
1690725757;0;53247.99999999999;0;81920
1690725758;0;110591.99999999999;0;36081664
1690725759;8192;20479.999999999996;0;0
1690725760;0;57343.99999999999;0;0
1690725761;0;73727.99999999999;0;413745152
1690725762;0;24575.999999999996;0;357912576
1690725763;0;32767.999999999996;0;4096
1690725764;0;32767.999999999996;0;49483776
1690725765;0;53247.99999999999;0;0
1690725766;0;24575.999999999996;0;332812288
1690725767;0;24575.999999999996;0;199172096
1690725768;0;40959.99999999999;0;0
1690725769;0;212991.99999999997;0;0
1690725770;0;57343.99999999999;0;467398656
1690725771;0;32767.999999999996;0;56246272
1690725772;0;65535.99999999999;0;55820288
1690725773;0;53247.99999999999;0;160911360
1690725774;0;102399.99999999999;0;478519296
1690725775;0;4095.9999999999995;0;4096
1690725776;0;45055.99999999999;0;37294080
1690725777;0;20479.999999999996;0;278528000
1690725778;0;49151.99999999999;0;47976448
1690725779;0;90111.99999999999;0;40214528
1690725780;0;0;0;154378240
1690725781;0;81919.99999999999;0;234385408
1690725782;36864;32767.999999999996;0;13647872
1690725783;0;139263.99999999997;20480;146685952
1690725784;0;53247.99999999999;0;152518656
1690725785;0;32767.999999999996;0;136953856
1690725786;0;20479.999999999996;0;57389056
1690725787;12288;61439.99999999999;0;46751744
1690725788;16384;106495.99999999999;172032;327876608
1690725789;0;98303.99999999999;0;176160768
1690725790;0;53247.99999999999;0;28180480
1690725791;0;40959.99999999999;0;0
1690725792;0;28671.999999999996;0;0
1690725793;4096;98303.99999999999;0;60035072
1690725794;0;24575.999999999996;16384;346005504
1690725795;0;45055.99999999999;0;0
1690725796;0;0;0;405504
1690725797;4096;53247.99999999999;0;0
1690725798;12288;36863.99999999999;0;267001856
1690725799;0;8191.999999999999;0;135168
1690725800;0;49151.99999999999;0;4096
1690725801;0;0;0;0
1690725802;0;57343.99999999999;0;0
1690725803;4096;86015.99999999999;0;0
1690725804;0;36863.99999999999;0;88211456
1690725805;0;24575.999999999996;0;59637760
1690725806;0;49151.99999999999;0;28442624
1690725807;0;0;0;88080384
1690725808;0;49151.99999999999;0;27078656
1690725809;0;24575.999999999996;0;330756096
1690725810;0;237567.99999999997;0;0
1690725811;0;32767.999999999996;0;0
1690725812;0;28671.999999999996;0;4096
1690725813;0;135167.99999999997;0;28672
1690725814;0;40959.99999999999;0;0
1690725815;0;53247.99999999999;0;88109056
1690725816;0;24575.999999999996;0;88080384
1690725817;0;20479.999999999996;0;0
1690725818;0;94207.99999999999;0;88113152
1690725819;0;0;16384;257794048
1690725820;0;110591.99999999999;0;100663296
1690725821;0;0;0;0
1690725822;0;114687.99999999999;0;0
1690725823;0;24575.999999999996;0;0
1690725824;0;57343.99999999999;0;45056
1690725825;0;114687.99999999999;0;0
1690725826;0;4095.9999999999995;0;88240128
1690725827;0;32767.999999999996;0;88104960
1690725828;0;32767.999999999996;0;0
1690725829;0;65535.99999999999;0;88113152
1690725830;0;0;0;260333568
1690725831;0;28671.999999999996;0;97533952
1690725832;0;0;0;0
1690725833;0;32767.999999999996;0;0
1690725834;0;57343.99999999999;0;69632
1690725835;0;65535.99999999999;0;0
1690725836;0;86015.99999999999;0;274432
1690725837;0;0;0;0
1690725838;0;45055.99999999999;0;3219456
1690725839;0;0;0;172978176
1690725840;0;102399.99999999999;0;0
1690725841;0;0;0;81920
1690725842;0;28671.999999999996;0;359829504
1690725843;0;45055.99999999999;0;0
1690725844;0;49151.99999999999;0;0
1690725845;0;32767.999999999996;0;0
1690725846;0;212991.99999999997;0;40960
1690725847;0;28671.999999999996;0;0
1690725848;0;73727.99999999999;0;88166400
1690725849;0;49151.99999999999;0;88080384
1690725850;0;0;0;0
1690725851;0;28671.999999999996;0;88109056
1690725852;0;49151.99999999999;0;233353216
1690725853;0;65535.99999999999;0;126058496
1690725854;0;53247.99999999999;0;0
1690725855;0;36863.99999999999;0;0
1690725856;0;81919.99999999999;159744;32768
1690725857;0;86015.99999999999;0;0
1690725858;0;81919.99999999999;0;7327744
1690725859;0;28671.999999999996;0;80777216
1690725860;0;53247.99999999999;0;88080384
1690725861;0;53247.99999999999;0;32768
1690725862;0;0;0;88088576
1690725863;0;86015.99999999999;0;310013952
1690725864;0;0;20480;51781632
1690725865;0;81919.99999999999;0;0
1690725866;0;0;0;32768
1690725867;0;32767.999999999996;151552;0
1690725868;0;90111.99999999999;0;4096
1690725869;0;24575.999999999996;0;88092672
1690725870;0;24575.999999999996;0;0
1690725871;0;24575.999999999996;0;79757312
1690725872;0;28671.999999999996;0;8654848
1690725873;0;73727.99999999999;4096;176164864
1690725874;0;28671.999999999996;0;0
1690725875;0;24575.999999999996;0;0
1690725876;0;28671.999999999996;0;60108800
1690725877;0;45055.99999999999;0;314834944
1690725878;0;114687.99999999999;0;0
1690725879;0;45055.99999999999;0;0
1690725880;0;24575.999999999996;0;0
1690725881;0;57343.99999999999;0;40960
1690725882;0;28671.999999999996;0;4096
1690725883;0;20479.999999999996;0;88145920
1690725884;0;94207.99999999999;0;88080384
1690725885;0;28671.999999999996;0;0
1690725886;0;249855.99999999997;0;84180992
1690725887;0;0;0;134836224
1690725888;0;192511.99999999997;0;229187584
1690725889;0;0;0;0
1690725890;0;45055.99999999999;0;0
1690725891;0;24575.999999999996;0;32768
1690725892;0;24575.999999999996;0;0
1690725893;0;94207.99999999999;0;18755584
1690725894;0;90111.99999999999;0;69505024
1690725895;0;24575.999999999996;0;88080384
1690725896;0;24575.999999999996;0;40960
1690725897;0;24575.999999999996;0;88084480
1690725898;0;172031.99999999997;0;358715392
1690725899;0;65535.99999999999;0;0
1690725900;0;32767.999999999996;0;0
1690725901;0;24575.999999999996;0;32768
1690725902;0;122879.99999999999;0;0
1690725903;0;28671.999999999996;0;4096
1690725904;0;61439.99999999999;0;88395776
1690725905;0;4095.9999999999995;0;0
1690725906;0;106495.99999999999;0;88166400
1690725907;0;0;258048;32768
1690725908;0;167935.99999999997;0;106434560
1690725909;0;0;0;0
1690725910;0;28671.999999999996;0;243011584
1690725911;0;49151.99999999999;0;77824
1690725912;0;61439.99999999999;0;0
1690725913;0;36863.99999999999;4096;4096
1690725914;0;28671.999999999996;0;88137728
1690725915;0;102399.99999999999;0;143720448
1690725916;0;28671.999999999996;0;173572096
1690725917;0;73727.99999999999;163840;0
1690725918;0;90111.99999999999;0;114757632
1690725919;0;77823.99999999999;0;0
1690725920;0;20479.999999999996;0;0
1690725921;0;28671.999999999996;20480;32768
1690725922;0;77823.99999999999;0;0
1690725923;0;40959.99999999999;0;350425088
1690725924;0;28671.999999999996;0;0
1690725925;0;61439.99999999999;0;0
1690725926;0;4095.9999999999995;0;32768
1690725927;0;331775.99999999994;0;0
1690725928;0;57343.99999999999;0;4096
1690725929;0;114687.99999999999;0;88129536
1690725930;0;0;0;0
1690725931;0;49151.99999999999;0;88109056
1690725932;0;0;0;88084480
1690725933;0;81919.99999999999;0;0
1690725934;0;36863.99999999999;0;359895040
1690725935;0;49151.99999999999;0;0
1690725936;0;86015.99999999999;0;40960
1690725937;0;0;0;4096
1690725938;0;86015.99999999999;0;0
1690725939;0;94207.99999999999;0;0
1690725940;0;57343.99999999999;0;88100864
1690725941;0;0;0;24576
1690725942;0;32767.999999999996;0;88080384
1690725943;0;32767.999999999996;0;88113152
1690725944;0;69631.99999999999;0;270336
1690725945;0;0;0;0
1690725946;0;77823.99999999999;0;267894784
1690725947;0;0;139264;0
1690725948;0;61439.99999999999;0;0
1690725949;0;98303.99999999999;0;0
1690725950;0;4095.9999999999995;24576;88080384
1690725951;0;45055.99999999999;0;32768
1690725952;0;0;0;75862016
1690725953;0;98303.99999999999;0;305545216
1690725954;0;12287.999999999998;0;0
1690725955;0;73727.99999999999;0;0
1690725956;0;24575.999999999996;0;28672
1690725957;0;49151.99999999999;0;0
1690725958;0;57343.99999999999;0;4096
1690725959;0;184319.99999999997;0;88117248
1690725960;0;0;0;88227840
1690725961;0;73727.99999999999;0;45056
1690725962;0;0;0;88109056
1690725963;0;53247.99999999999;0;359370752
1690725964;0;49151.99999999999;0;0
1690725965;0;28671.999999999996;0;0
1690725966;0;40959.99999999999;0;36864
1690725967;0;32767.999999999996;0;0
1690725968;0;241663.99999999997;0;4096
1690725969;0;28671.999999999996;0;88096768
1690725970;0;77823.99999999999;0;0
1690725971;0;65535.99999999999;0;88104960
1690725972;0;24575.999999999996;0;22126592
1690725973;0;61439.99999999999;0;65953792
1690725974;0;40959.99999999999;0;357638144
1690725975;0;32767.999999999996;0;0
1690725976;0;28671.999999999996;0;36864
1690725977;0;49151.99999999999;0;0
1690725978;0;90111.99999999999;0;0
1690725979;0;20479.999999999996;0;4096
1690725980;0;102399.99999999999;0;107642880
1690725981;0;24575.999999999996;16384;86016
1690725982;0;28671.999999999996;0;176160768
1690725983;0;20479.999999999996;0;0
1690725984;0;102399.99999999999;0;0
1690725985;0;49151.99999999999;0;362545152
1690725986;0;4095.9999999999995;0;40960
1690725987;0;61439.99999999999;0;0
1690725988;0;73727.99999999999;0;0
1690725989;0;77823.99999999999;0;4096
1690725990;0;24575.999999999996;0;0
1690725991;0;106495.99999999999;20480;88117248
1690725992;0;0;0;0
1690725993;0;49151.99999999999;0;88080384
1690725994;0;16383.999999999998;0;88080384
1690725995;0;40959.99999999999;0;0
1690725996;0;28671.999999999996;0;52989952
1690725997;0;24575.999999999996;0;379060224
1690725998;0;61439.99999999999;0;0
1690725999;0;102399.99999999999;0;0
1690726000;0;4095.9999999999995;0;0
1690726001;0;90111.99999999999;0;32768
1690726002;0;32767.999999999996;0;2760704
1690726003;0;24575.999999999996;0;338878464
1690726004;0;217087.99999999997;0;8867840
1690726005;0;98303.99999999999;0;0
1690726006;0;49151.99999999999;0;32768
1690726007;0;28671.999999999996;0;4096
1690726008;0;86015.99999999999;0;0
1690726009;0;65535.99999999999;0;88129536
1690726010;0;24575.999999999996;0;0
1690726011;0;69631.99999999999;0;88109056
1690726012;0;77823.99999999999;20480;0
1690726013;0;24575.999999999996;0;88084480
1690726014;0;40959.99999999999;0;360505344
1690726015;0;20479.999999999996;0;32768
1690726016;0;20479.999999999996;143360;40960
1690726017;0;36863.99999999999;0;0
1690726018;0;110591.99999999999;0;2142208
1690726019;0;53247.99999999999;0;124841984
1690726020;0;24575.999999999996;0;155648
1690726021;0;24575.999999999996;12288;53248
1690726022;0;122879.99999999999;4096;0
1690726023;36864;24575.999999999996;0;88870912
1690726024;0;36863.99999999999;0;88080384
1690726025;0;90111.99999999999;0;51589120
1690726026;0;57343.99999999999;0;380637184
1690726027;0;28671.999999999996;0;0
1690726028;24576;122879.99999999999;0;0
1690726029;0;24575.999999999996;0;0
1690726030;0;24575.999999999996;0;88117248
1690726031;0;28671.999999999996;0;68345856
1690726032;0;53247.99999999999;0;50335744
1690726033;0;57343.99999999999;0;249503744
1690726034;4096;65535.99999999999;0;0
1690726035;0;253951.99999999997;0;106496
1690726036;4096;24575.999999999996;0;0
1690726037;12288;77823.99999999999;0;0
1690726038;0;77823.99999999999;0;0
1690726039;0;24575.999999999996;0;77824
1690726040;0;28671.999999999996;0;0
1690726041;0;49151.99999999999;0;88326144
1690726042;4096;45055.99999999999;0;41680896
1690726043;0;139263.99999999997;0;46399488
1690726044;0;57343.99999999999;0;171896832
1690726045;0;110591.99999999999;0;213090304
1690726046;0;49151.99999999999;0;0
1690726047;0;0;0;0
1690726048;0;49151.99999999999;0;0
1690726049;0;57343.99999999999;0;36864
1690726050;0;61439.99999999999;0;3952640
1690726051;0;32767.999999999996;0;84156416
1690726052;0;86015.99999999999;0;88080384
1690726053;0;81919.99999999999;0;13242368
1690726054;0;49151.99999999999;0;74866688
1690726055;0;77823.99999999999;0;304713728
1690726056;0;0;20480;57675776
1690726057;0;77823.99999999999;0;0
1690726058;0;16383.999999999998;0;0
1690726059;0;49151.99999999999;0;45056
1690726060;0;53247.99999999999;0;4096
1690726061;0;102399.99999999999;0;88256512
1690726062;0;24575.999999999996;0;0
1690726063;0;53247.99999999999;0;88080384
1690726064;0;77823.99999999999;0;62193664
1690726065;0;28671.999999999996;0;25915392
1690726066;0;229375.99999999997;0;361275392
1690726067;0;0;0;0
1690726068;0;86015.99999999999;0;0
1690726069;0;24575.999999999996;0;32768
1690726070;0;143359.99999999997;0;32768
1690726071;0;73727.99999999999;0;233598976
1690726072;0;49151.99999999999;0;1966080
1690726073;0;90111.99999999999;0;90112
1690726074;0;81919.99999999999;0;0
1690726075;0;53247.99999999999;0;177057792
1690726076;53248;77823.99999999999;0;0
1690726077;0;24575.999999999996;0;364961792
1690726078;0;24575.999999999996;0;0
1690726079;0;77823.99999999999;0;0
1690726080;0;28671.999999999996;0;130318336
1690726081;40960;45055.99999999999;151552;241848320
1690726082;0;24575.999999999996;0;64569344
1690726083;0;102399.99999999999;40960;245538816
1690726084;0;40959.99999999999;0;16384
1690726085;0;98303.99999999999;0;69632
1690726086;0;8191.999999999999;16384;264396800
1690726087;8192;65535.99999999999;0;184320
1690726088;0;114687.99999999999;0;52830208
1690726089;0;36863.99999999999;0;379326464
1690726090;0;24575.999999999996;0;0
1690726091;0;69631.99999999999;0;0
1690726092;0;45055.99999999999;0;91344896
1690726093;0;20479.999999999996;0;91308032
1690726094;0;69631.99999999999;0;0
1690726095;0;45055.99999999999;0;327159808
1690726096;0;196607.99999999997;0;245055488
1690726097;0;24575.999999999996;0;152420352
1690726098;0;65535.99999999999;0;0
1690726099;0;28671.999999999996;0;0
1690726100;0;24575.999999999996;0;45133824
1690726101;0;49151.99999999999;0;303927296
1690726102;0;57343.99999999999;0;13746176
1690726103;0;53247.99999999999;0;98664448
1690726104;0;69631.99999999999;0;103927808
1690726105;0;73727.99999999999;0;282624
1690726106;36864;4095.9999999999995;0;108564480
1690726107;0;65535.99999999999;0;67739648
1690726108;0;32767.999999999996;0;176160768
1690726109;0;57343.99999999999;0;176160768
1690726110;0;20479.999999999996;0;37801984
1690726111;28672;24575.999999999996;0;0
1690726112;0;98303.99999999999;0;75288576
1690726113;0;57343.99999999999;0;584073216
1690726114;0;36863.99999999999;0;0
1690726115;0;53247.99999999999;0;31092736
1690726116;0;57343.99999999999;0;0
1690726117;4096;24575.999999999996;0;0
1690726118;0;16383.999999999998;0;370626560
1690726119;0;53247.99999999999;0;16719872
1690726120;0;24575.999999999996;0;0
1690726121;4096;28671.999999999996;0;356663296
1690726122;12288;40959.99999999999;0;0
1690726123;0;65535.99999999999;0;4096
1690726124;0;114687.99999999999;0;0
1690726125;0;49151.99999999999;0;0
1690726126;0;81919.99999999999;0;32768
1690726127;4096;98303.99999999999;0;88354816
1690726128;0;36863.99999999999;0;0
1690726129;0;57343.99999999999;0;88080384
1690726130;0;53247.99999999999;0;88080384
1690726131;0;24575.999999999996;0;28672
1690726132;0;229375.99999999997;20480;71864320
1690726133;0;77823.99999999999;0;0
1690726134;0;36863.99999999999;0;360153088
1690726135;0;131071.99999999999;0;0
1690726136;0;20479.999999999996;0;32768
1690726137;0;53247.99999999999;143360;0
1690726138;0;69631.99999999999;16384;0
1690726139;0;24575.999999999996;0;338108416
1690726140;0;24575.999999999996;0;0
1690726141;0;20479.999999999996;0;32768
1690726142;0;40959.99999999999;0;32768
1690726143;0;69631.99999999999;0;0
1690726144;0;40959.99999999999;0;270336
1690726145;0;94207.99999999999;0;0
1690726146;0;0;0;77824
1690726147;0;122879.99999999999;0;88186880
1690726148;0;110591.99999999999;0;0
1690726149;0;32767.999999999996;0;88219648
1690726150;0;20479.999999999996;0;310804480
1690726151;0;28671.999999999996;0;52277248
1690726152;0;24575.999999999996;0;0
1690726153;0;32767.999999999996;20480;0
1690726154;0;20479.999999999996;0;0
1690726155;0;57343.99999999999;0;4096
1690726156;0;61439.99999999999;0;50679808
1690726157;0;73727.99999999999;0;37437440
1690726158;0;32767.999999999996;0;88080384
1690726159;0;77823.99999999999;0;46977024
1690726160;0;0;0;41103360
1690726161;0;45055.99999999999;0;362340352
1690726162;0;4095.9999999999995;0;0
1690726163;0;65535.99999999999;0;0
1690726164;0;53247.99999999999;0;0
1690726165;0;65535.99999999999;0;4096
1690726166;0;49151.99999999999;0;12288
1690726167;0;77823.99999999999;0;88109056
1690726168;0;221183.99999999997;0;88080384
1690726169;0;65535.99999999999;12288;0
1690726170;0;61439.99999999999;0;88080384
1690726171;0;20479.999999999996;0;74616832
1690726172;0;28671.999999999996;0;83361792
1690726173;0;24575.999999999996;0;274067456
1690726174;0;45055.99999999999;0;0
1690726175;0;81919.99999999999;0;0
1690726176;0;28671.999999999996;0;32768
1690726177;0;73727.99999999999;0;0
1690726178;0;57343.99999999999;0;4096
1690726179;0;28671.999999999996;139264;140685312
1690726180;0;49151.99999999999;0;182718464
1690726181;0;4095.9999999999995;0;77824
1690726182;0;65535.99999999999;0;4096
1690726183;0;28671.999999999996;0;0
1690726184;0;65535.99999999999;0;0
1690726185;0;28671.999999999996;4096;0
1690726186;0;49151.99999999999;0;88186880
1690726187;0;57343.99999999999;0;88084480
1690726188;0;106495.99999999999;0;0
1690726189;0;45055.99999999999;0;88080384
1690726190;0;49151.99999999999;0;359333888
1690726191;0;0;0;40960
1690726192;0;53247.99999999999;0;0
1690726193;0;24575.999999999996;0;0
1690726194;0;90111.99999999999;0;0
1690726195;0;0;0;4096
1690726196;0;77823.99999999999;0;12288
1690726197;0;86015.99999999999;0;88100864
1690726198;0;143359.99999999997;0;88223744
1690726199;0;24575.999999999996;0;0
1690726200;0;110591.99999999999;0;88080384
1690726201;0;20479.999999999996;0;9814016
1690726202;0;32767.999999999996;0;100663296
1690726203;0;86015.99999999999;20480;313135104
1690726204;0;217087.99999999997;0;0
1690726205;0;57343.99999999999;0;0
1690726206;0;81919.99999999999;0;36864
1690726207;0;61439.99999999999;0;0
1690726208;0;77823.99999999999;0;4096
1690726209;0;24575.999999999996;0;88121344
1690726210;0;73727.99999999999;0;0
1690726211;0;28671.999999999996;0;88104960
1690726212;0;24575.999999999996;0;77348864
1690726213;0;24575.999999999996;0;10735616
1690726214;0;102399.99999999999;0;360255488
1690726215;0;4095.9999999999995;0;0
1690726216;0;49151.99999999999;0;32768
1690726217;0;20479.999999999996;0;40960
1690726218;0;147455.99999999997;0;0
1690726219;0;28671.999999999996;0;274432
1690726220;0;102399.99999999999;0;0
1690726221;0;0;0;0
1690726222;0;90111.99999999999;0;0
1690726223;0;0;0;88113152
1690726224;0;69631.99999999999;20480;88145920
1690726225;0;0;0;0
1690726226;0;49151.99999999999;0;362844160
1690726227;0;45055.99999999999;0;0
1690726228;0;28671.999999999996;147456;0
1690726229;0;28671.999999999996;0;40960
1690726230;0;45055.99999999999;0;0
1690726231;0;57343.99999999999;0;0
1690726232;0;32767.999999999996;0;88154112
1690726233;0;49151.99999999999;0;0
1690726234;0;40959.99999999999;24576;88272896
1690726235;0;65535.99999999999;0;88109056
1690726236;0;28671.999999999996;0;0
1690726237;0;49151.99999999999;0;360517632
1690726238;0;24575.999999999996;24576;0
1690726239;0;53247.99999999999;0;32768
1690726240;0;32767.999999999996;0;0
1690726241;0;49151.99999999999;0;0
1690726242;0;49151.99999999999;0;4096
1690726243;0;24575.999999999996;0;88092672
1690726244;0;45055.99999999999;0;88109056
1690726245;0;180223.99999999997;0;0
1690726246;0;24575.999999999996;0;88084480
1690726247;0;49151.99999999999;0;316641280
1690726248;0;53247.99999999999;0;45187072
1690726249;0;24575.999999999996;0;36864
1690726250;0;24575.999999999996;0;0
1690726251;0;77823.99999999999;0;0
1690726252;0;24575.999999999996;0;4096
1690726253;0;4095.9999999999995;0;9953280
1690726254;0;143359.99999999997;0;113963008
1690726255;0;4095.9999999999995;0;242466816
1690726256;0;73727.99999999999;0;3735552
1690726257;0;24575.999999999996;0;90112
1690726258;0;110591.99999999999;0;214716416
1690726259;53248;0;0;0
1690726260;0;131071.99999999999;0;0
1690726261;0;8191.999999999999;0;88166400
1690726262;0;110591.99999999999;0;94142464
1690726263;0;0;0;24891392
1690726264;40960;53247.99999999999;0;185688064
1690726265;0;4095.9999999999995;0;138534912
1690726266;0;45055.99999999999;0;253755392
1690726267;0;28671.999999999996;0;180224
1690726268;0;81919.99999999999;0;88084480
1690726269;0;24575.999999999996;0;176160768
1690726270;8192;65535.99999999999;0;183705600
1690726271;0;40959.99999999999;24576;196927488
1690726272;0;131071.99999999999;0;57344
1690726273;0;8191.999999999999;0;0
1690726274;0;106495.99999999999;0;132804608
1690726275;0;0;0;122499072
1690726276;0;4095.9999999999995;0;387772416
1690726277;0;40959.99999999999;0;77824
1690726278;0;20479.999999999996;0;0
1690726279;0;98303.99999999999;0;56623104
1690726280;0;20479.999999999996;0;207622144
1690726281;0;4095.9999999999995;0;168865792
1690726282;0;49151.99999999999;0;209199104
1690726283;0;32767.999999999996;0;0
1690726284;0;40959.99999999999;0;0
1690726285;0;98303.99999999999;0;42991616
1690726286;0;36863.99999999999;0;184508416
1690726287;0;57343.99999999999;0;8998912
1690726288;0;20479.999999999996;0;224514048
1690726289;0;110591.99999999999;0;733184
1690726290;40960;0;0;0
1690726291;0;229375.99999999997;0;21471232
1690726292;0;0;0;242937856
1690726293;0;94207.99999999999;0;88080384
1690726294;0;69631.99999999999;0;170979328
1690726295;32768;69631.99999999999;0;41533307.4433657
1690726296;0;86015.99999999999;0;0
1690726297;0;53247.99999999999;0;0
1690726298;0;32767.999999999996;0;396206080
1690726299;0;24575.999999999996;0;364978176
1690726300;0;45055.99999999999;0;0
1690726301;0;32767.999999999996;151552;25128960
1690726302;0;49151.99999999999;0;88023040
1690726303;0;57343.99999999999;0;0
1690726304;0;90111.99999999999;0;4988928
1690726305;0;49151.99999999999;0;661544960
1690726306;0;106495.99999999999;24576;166400000
1690726307;0;28671.999999999996;4096;0
1690726308;0;36863.99999999999;0;131375104
1690726309;0;40959.99999999999;0;220987392
1690726310;0;4095.9999999999995;0;385064960
1690726311;0;65535.99999999999;0;77824
1690726312;0;28671.999999999996;0;28303360
1690726313;0;24575.999999999996;0;17571840
1690726314;0;36863.99999999999;0;0
1690726315;0;65535.99999999999;0;0
1690726316;0;24575.999999999996;0;482721792
1690726317;0;24575.999999999996;0;318951424
1690726318;0;36863.99999999999;0;0
1690726319;0;28671.999999999996;0;128442368
1690726320;0;86015.99999999999;0;294670336
1690726321;0;53247.99999999999;0;65273856
1690726322;0;28671.999999999996;0;4997120
1690726323;0;24575.999999999996;0;38100992
1690726324;0;69631.99999999999;0;0
1690726325;0;45055.99999999999;0;329224192
1690726326;36864;32767.999999999996;0;117374976
1690726327;0;32767.999999999996;0;0
1690726328;0;53247.99999999999;0;17760256
1690726329;0;4095.9999999999995;0;360448
1690726330;0;45055.99999999999;0;0
1690726331;0;28671.999999999996;0;0
1690726332;16384;278527.99999999994;0;88080384
1690726333;0;0;0;88117248
1690726334;0;57343.99999999999;0;90112
1690726335;0;0;0;359374848
1690726336;0;53247.99999999999;0;36864
1690726337;0;151551.99999999997;0;0
1690726338;0;32767.999999999996;143360;274432
1690726339;0;28671.999999999996;0;81920
1690726340;0;0;0;0
1690726341;0;61439.99999999999;0;0
1690726342;0;24575.999999999996;20480;0
1690726343;0;188415.99999999997;0;126324736
1690726344;0;53247.99999999999;0;40960
1690726345;0;98303.99999999999;0;200851456
1690726346;0;77823.99999999999;0;159105024
1690726347;0;28671.999999999996;0;0
1690726348;0;110591.99999999999;0;0
1690726349;0;32767.999999999996;0;36864
1690726350;0;32767.999999999996;0;0
1690726351;0;0;0;4096
1690726352;0;90111.99999999999;0;88268800
1690726353;0;0;0;88080384
1690726354;0;45055.99999999999;0;28672
1690726355;0;24575.999999999996;0;88084480
1690726356;0;69631.99999999999;0;363794432
1690726357;16384;86015.99999999999;0;0
1690726358;0;16383.999999999998;0;0
1690726359;0;32767.999999999996;0;32768
1690726360;0;24575.999999999996;0;0
1690726361;0;65535.99999999999;0;4096
1690726362;0;24575.999999999996;0;5087232
1690726363;0;32767.999999999996;0;83025920
1690726364;0;49151.99999999999;0;28672
1690726365;0;90111.99999999999;0;88080384
1690726366;0;0;0;88084480
1690726367;0;81919.99999999999;0;0
1690726368;0;278527.99999999994;0;365043712
1690726369;0;16383.999999999998;0;40960
1690726370;0;49151.99999999999;0;0
1690726371;0;0;0;0
1690726372;0;114687.99999999999;0;4096
1690726373;0;0;12288;0
1690726374;0;65535.99999999999;0;100024320
1690726375;0;45055.99999999999;0;0
1690726376;0;32767.999999999996;0;88080384
1690726377;0;24575.999999999996;0;88080384
1690726378;0;69631.99999999999;0;0
1690726379;0;24575.999999999996;0;103096320
1690726380;0;24575.999999999996;0;107171840
1690726381;0;0;20480;225660928
1690726382;0;53247.99999999999;0;0
1690726383;0;0;0;0
1690726384;0;28671.999999999996;0;45056
1690726385;0;53247.99999999999;0;0
1690726386;0;0;0;360259584
1690726387;0;77823.99999999999;0;0
1690726388;0;24575.999999999996;0;0
1690726389;0;32767.999999999996;0;32768
1690726390;0;61439.99999999999;0;0
1690726391;0;0;0;4096
1690726392;0;77823.99999999999;0;88174592
1690726393;0;0;0;0
1690726394;0;49151.99999999999;0;88109056
1690726395;0;0;0;88084480
1690726396;0;24575.999999999996;0;0
1690726397;0;24575.999999999996;0;353767424
1690726398;0;65535.99999999999;0;7864320
1690726399;0;49151.99999999999;0;36864
1690726400;0;49151.99999999999;0;4096
1690726401;0;28671.999999999996;0;203104256
1690726402;0;24575.999999999996;0;24363008
1690726403;0;28671.999999999996;0;0
1690726404;0;106495.99999999999;0;24576
1690726405;0;86015.99999999999;0;4096
1690726406;0;61439.99999999999;139264;0
1690726407;0;81919.99999999999;0;0
1690726408;0;53247.99999999999;0;88080384
1690726409;0;81919.99999999999;0;88264704
1690726410;0;49151.99999999999;0;311296
1690726411;0;28671.999999999996;0;158482432
1690726412;0;49151.99999999999;20480;0
1690726413;0;20479.999999999996;0;0
1690726414;0;36863.99999999999;0;84492288
1690726415;0;20479.999999999996;0;110198784
1690726416;0;77823.99999999999;12288;0
1690726417;0;0;0;88080384
1690726418;0;36863.99999999999;0;0
1690726419;0;49151.99999999999;0;88162304
1690726420;0;65535.99999999999;0;87953408
1690726421;0;49151.99999999999;0;272572416
1690726422;0;24575.999999999996;0;0
1690726423;0;53247.99999999999;0;0
1690726424;0;32767.999999999996;0;69632
1690726425;0;24575.999999999996;0;0
1690726426;0;102399.99999999999;0;0
1690726427;0;49151.99999999999;0;88133632
1690726428;0;86015.99999999999;0;88080384
1690726429;0;32767.999999999996;0;28672
1690726430;0;98303.99999999999;0;88084480
1690726431;0;24575.999999999996;0;50806784
1690726432;0;49151.99999999999;135168;311234560
1690726433;0;28671.999999999996;16384;0
1690726434;0;49151.99999999999;0;0
1690726435;0;40959.99999999999;0;4096
1690726436;0;32767.999999999996;0;0
1690726437;0;20479.999999999996;0;20480
1690726438;0;98303.99999999999;0;88125440
1690726439;0;270335.99999999994;0;88223744
1690726440;0;114687.99999999999;0;0
1690726441;0;24575.999999999996;0;88080384
1690726442;0;28671.999999999996;4096;19759104
1690726443;0;45055.99999999999;0;86790144
1690726444;0;57343.99999999999;0;240300032
1690726445;0;36863.99999999999;0;85196800
1690726446;0;28671.999999999996;0;36864
1690726447;0;45055.99999999999;4096;0
1690726448;0;65535.99999999999;0;315392
1690726449;0;0;0;0
1690726450;0;114687.99999999999;0;115183616
1690726451;0;45055.99999999999;0;0
1690726452;0;53247.99999999999;0;0
1690726453;0;0;0;69632
1690726454;0;102399.99999999999;0;88166400
1690726455;0;0;0;0
1690726456;0;53247.99999999999;0;361693184
1690726457;0;24575.999999999996;20480;0
1690726458;0;24575.999999999996;0;28672
1690726459;0;28671.999999999996;0;0
1690726460;0;49151.99999999999;0;0
1690726461;0;65535.99999999999;0;4096
1690726462;0;24575.999999999996;0;0
1690726463;0;24575.999999999996;16384;12288
1690726464;0;69631.99999999999;0;0
1690726465;0;24575.999999999996;0;88088576
1690726466;0;45055.99999999999;0;0
1690726467;0;24575.999999999996;12288;362749952
1690726468;0;28671.999999999996;0;40960
1690726469;0;36863.99999999999;0;0
1690726470;0;65535.99999999999;0;0
1690726471;0;94207.99999999999;0;0
1690726472;0;24575.999999999996;0;4096
1690726473;0;28671.999999999996;0;88121344
1690726474;0;45055.99999999999;0;4096
1690726475;0;114687.99999999999;0;88080384
1690726476;0;24575.999999999996;0;88080384
1690726477;0;28671.999999999996;0;0
1690726478;0;24575.999999999996;0;360751104
1690726479;0;40959.99999999999;0;0
1690726480;0;188415.99999999997;0;0
1690726481;0;73727.99999999999;0;0
1690726482;0;53247.99999999999;0;0
1690726483;0;57343.99999999999;0;28672
1690726484;0;77823.99999999999;0;88252416
1690726485;0;49151.99999999999;0;88080384
1690726486;0;28671.999999999996;0;0
1690726487;0;24575.999999999996;0;36864
1690726488;0;110591.99999999999;143360;92352512
1690726489;0;24575.999999999996;20480;251011072
1690726490;0;28671.999999999996;0;0
1690726491;0;24575.999999999996;0;0
1690726492;0;122879.99999999999;0;0
1690726493;0;28671.999999999996;0;28672
1690726494;0;61439.99999999999;0;56545280
1690726495;0;57343.99999999999;0;31539200
1690726496;0;81919.99999999999;0;88137728
1690726497;0;24575.999999999996;0;88080384
1690726498;0;8191.999999999999;0;24576
1690726499;0;57343.99999999999;0;88080384
1690726500;0;20479.999999999996;0;4096
1690726501;0;45055.99999999999;0;358514688
1690726502;0;122879.99999999999;0;0
1690726503;0;102399.99999999999;0;53248
1690726504;0;40959.99999999999;0;0
1690726505;0;49151.99999999999;0;249778176
1690726506;0;24575.999999999996;0;0
1690726507;0;57343.99999999999;0;0
1690726508;0;32767.999999999996;36864;65536
1690726509;0;57343.99999999999;4096;0
1690726510;0;24575.999999999996;0;4096
1690726511;0;176127.99999999997;0;88154112
1690726512;0;102399.99999999999;0;0
1690726513;0;86015.99999999999;0;88109056
1690726514;0;77823.99999999999;0;88084480
1690726515;0;0;0;0
1690726516;0;413695.99999999994;0;362520576
1690726517;0;0;0;0
1690726518;0;24575.999999999996;0;36864
1690726519;0;45055.99999999999;0;0
1690726520;0;49151.99999999999;32768;0
1690726521;0;53247.99999999999;0;4096
1690726522;0;24575.999999999996;0;88117248
1690726523;0;61439.99999999999;0;88104960
1690726524;0;90111.99999999999;0;36864
1690726525;0;28671.999999999996;0;283357184
1690726526;0;57343.99999999999;0;0
1690726527;0;24575.999999999996;0;872448
1690726528;0;135167.99999999997;0;86016
1690726529;0;0;0;0
1690726530;0;49151.99999999999;0;0
1690726531;0;0;0;0
1690726532;0;143359.99999999997;0;258048
1690726533;0;53247.99999999999;20480;0
1690726534;0;110591.99999999999;0;0
1690726535;0;0;307200;0
1690726536;0;77823.99999999999;0;0
1690726537;0;8191.999999999999;0;0
1690726538;0;102399.99999999999;0;0
1690726539;0;53247.99999999999;0;0
1690726540;0;61439.99999999999;0;0
1690726541;0;0;28672;0
1690726542;0;81919.99999999999;0;0
1690726543;0;65535.99999999999;0;0
1690726544;0;98303.99999999999;0;0
1690726545;0;24575.999999999996;0;0
1690726546;0;53247.99999999999;0;0
1690726547;0;45055.99999999999;0;0
1690726548;0;135167.99999999997;0;0
1690726549;0;0;0;0
1690726550;0;49151.99999999999;0;0
1690726551;0;0;0;0
1690726552;0;73727.99999999999;0;0
1690726553;0;65535.99999999999;0;0
1690726554;0;106495.99999999999;0;0
1690726555;0;24575.999999999996;0;0
1690726556;0;28671.999999999996;0;0
1690726557;0;49151.99999999999;0;0
1690726558;0;81919.99999999999;0;897024
1690726559;0;20479.999999999996;0;0
1690726560;0;24575.999999999996;20480;0
1690726561;0;28671.999999999996;0;0
1690726562;0;172031.99999999997;0;0
1690726563;0;102399.99999999999;0;32768
1690726564;0;28671.999999999996;0;0
1690726565;0;49151.99999999999;0;86016
1690726566;0;45055.99999999999;32768;0
1690726567;0;81919.99999999999;0;0
1690726568;0;81919.99999999999;0;57344
1690726569;0;45055.99999999999;0;0
1690726570;0;57343.99999999999;0;114688
1690726571;0;24575.999999999996;0;0
1690726572;0;53247.99999999999;0;0
1690726573;0;131071.99999999999;0;0
1690726574;0;28671.999999999996;0;0
1690726575;0;49151.99999999999;0;0
1690726576;0;24575.999999999996;0;20480
1690726577;0;73727.99999999999;0;0
1690726578;0;81919.99999999999;0;0
1690726579;0;24575.999999999996;0;0
1690726580;0;28671.999999999996;0;0
1690726581;0;57343.99999999999;0;0
1690726582;0;24575.999999999996;0;0
1690726583;0;65535.99999999999;0;0
1690726584;0;106495.99999999999;0;0
1690726585;0;57343.99999999999;0;0
1690726586;0;57343.99999999999;139264;0
1690726587;0;49151.99999999999;0;0
1690726588;0;69631.99999999999;0;225280
1690726589;0;24575.999999999996;0;0
1690726590;0;77823.99999999999;0;0
1690726591;0;24575.999999999996;0;0
1690726592;0;28671.999999999996;4096;0
1690726593;0;28671.999999999996;0;0
1690726594;0;114687.99999999999;0;0
1690726595;0;53247.99999999999;0;0
1690726596;0;24575.999999999996;0;0
1690726597;0;49151.99999999999;0;0
1690726598;0;81919.99999999999;0;0
1690726599;0;24575.999999999996;0;241664
1690726600;0;24575.999999999996;0;0
1690726601;0;45055.99999999999;0;0
1690726602;0;24575.999999999996;0;0
1690726603;0;217087.99999999997;0;0
1690726604;0;126975.99999999999;0;12288
1690726605;0;77823.99999999999;0;0
1690726606;0;24575.999999999996;0;0
1690726607;0;45055.99999999999;0;0
1690726608;0;65535.99999999999;0;0
1690726609;0;49151.99999999999;0;0
1690726610;0;57343.99999999999;0;0
1690726611;0;24575.999999999996;20480;0
1690726612;0;24575.999999999996;0;0
1690726613;0;28671.999999999996;0;0
1690726614;0;151551.99999999997;0;0
1690726615;0;24575.999999999996;0;0
1690726616;0;106495.99999999999;0;0
1690726617;0;24575.999999999996;0;0
1690726618;0;61439.99999999999;0;0
1690726619;0;49151.99999999999;0;0
1690726620;0;24575.999999999996;0;0
1690726621;0;24575.999999999996;0;0
1690726622;36864;24575.999999999996;20480;0
1690726623;0;24575.999999999996;0;0
1690726624;0;114687.99999999999;0;0
1690726625;0;45055.99999999999;0;0
1690726626;0;49151.99999999999;0;0
1690726627;212992;49151.99999999999;0;0
1690726628;0;81919.99999999999;36864;40960
1690726629;0;24575.999999999996;0;0
1690726630;0;24575.999999999996;0;0
1690726631;0;49151.99999999999;0;0
1690726632;0;24575.999999999996;0;0
1690726633;16384;24575.999999999996;0;0
1690726634;0;65535.99999999999;0;0
1690726635;0;73727.99999999999;0;36864
1690726636;0;49151.99999999999;282624;0
1690726637;0;53247.99999999999;0;0
1690726638;0;102399.99999999999;0;0
1690726639;0;352255.99999999994;0;0
1690726640;0;49151.99999999999;0;0
1690726641;0;49151.99999999999;28672;0
1690726642;0;24575.999999999996;12288;0
1690726643;0;24575.999999999996;0;20480
1690726644;0;49151.99999999999;0;0
1690726645;0;237567.99999999997;0;0
1690726646;0;28671.999999999996;0;0
1690726647;0;65535.99999999999;0;0
1690726648;0;253951.99999999997;0;0
1690726649;0;122879.99999999999;0;0
1690726650;0;32767.999999999996;0;0
1690726651;0;45055.99999999999;0;0
1690726652;0;0;0;0
1690726653;32768;86015.99999999999;0;0
1690726654;0;20479.999999999996;0;0
1690726655;0;98303.99999999999;0;0
1690726656;0;24575.999999999996;4096;311296
1690726657;0;53247.99999999999;0;0
1690726658;0;32767.999999999996;0;0
1690726659;0;94207.99999999999;0;0
1690726660;0;0;0;0
1690726661;0;53247.99999999999;0;28672
1690726662;0;0;4096;0
1690726663;0;57343.99999999999;0;0
1690726664;0;69631.99999999999;0;0
1690726665;0;81919.99999999999;0;0
1690726666;0;20479.999999999996;0;0
1690726667;0;106495.99999999999;0;0
1690726668;0;32767.999999999996;0;0
1690726669;0;98303.99999999999;0;0
1690726670;0;0;0;0
1690726671;0;49151.99999999999;0;0
1690726672;0;0;0;0
1690726673;0;28671.999999999996;0;0
1690726674;0;36863.99999999999;0;0
1690726675;0;282623.99999999994;0;0
1690726676;0;45055.99999999999;0;28672
1690726677;0;77823.99999999999;4096;0
1690726678;0;53247.99999999999;0;0
1690726679;0;53247.99999999999;0;0
1690726680;0;61439.99999999999;0;0
1690726681;0;77823.99999999999;0;0
1690726682;0;28671.999999999996;0;0
1690726683;0;28671.999999999996;0;0
1690726684;0;40959.99999999999;0;0
1690726685;0;81919.99999999999;0;0
1690726686;0;53247.99999999999;0;0
1690726687;0;102399.99999999999;0;0
1690726688;0;61439.99999999999;0;0
1690726689;0;49151.99999999999;0;0
1690726690;0;81919.99999999999;0;0
1690726691;0;24575.999999999996;0;0
1690726692;0;24575.999999999996;0;0
1690726693;0;73727.99999999999;0;0
1690726694;0;40959.99999999999;0;0
1690726695;0;49151.99999999999;0;0
1690726696;0;73727.99999999999;20480;0
1690726697;0;49151.99999999999;0;0
1690726698;0;57343.99999999999;0;0
1690726699;0;73727.99999999999;0;0
1690726700;0;24575.999999999996;0;0
1690726701;0;24575.999999999996;0;0
1690726702;0;24575.999999999996;0;0
1690726703;0;24575.999999999996;0;0
1690726704;0;32767.999999999996;0;0
1690726705;0;65535.99999999999;0;0
1690726706;0;86015.99999999999;0;0
1690726707;0;24575.999999999996;0;0
1690726708;0;106495.99999999999;0;0
1690726709;0;24575.999999999996;0;0
1690726710;0;106495.99999999999;0;0
1690726711;0;184319.99999999997;0;0
1690726712;0;24575.999999999996;0;0
1690726713;0;24575.999999999996;0;0
1690726714;0;40959.99999999999;0;0
1690726715;0;53247.99999999999;0;0
1690726716;0;69631.99999999999;0;0
1690726717;0;57343.99999999999;0;0
1690726718;0;81919.99999999999;0;0
1690726719;0;28671.999999999996;0;0
1690726720;0;49151.99999999999;0;0
1690726721;0;45055.99999999999;147456;0
1690726722;0;24575.999999999996;0;0
1690726723;0;53247.99999999999;0;20480
1690726724;0;40959.99999999999;0;0
1690726725;0;81919.99999999999;0;0
1690726726;0;28671.999999999996;12288;0
1690726727;0;81919.99999999999;12288;0
1690726728;0;86015.99999999999;0;0
1690726729;0;28671.999999999996;0;20480
1690726730;0;61439.99999999999;0;0
1690726731;0;49151.99999999999;0;0
1690726732;0;28671.999999999996;0;0
1690726733;0;57343.99999999999;0;180224
