Time;{instance="10.231.0.208:9100"};{instance="192.168.221.10:9100"};{instance="192.168.221.11:9100"};{instance="192.168.221.12:9100"}
1690725233;706;33567.99999999999;1103;15148
1690725234;9469;59628.99999999999;558;43811
1690725235;98074484;76174.99999999999;610;48596889
1690725236;114619344;10637.999999999998;558;111304503
1690725237;114127160;111773.99999999999;610;116844792
1690725238;116508864;29701.999999999996;558;114994654
1690725239;116484814;26557.999999999996;813;115560002
1690725240;119280414;111176.99999999999;761;117903025
1690725241;114764858;24546.999999999996;1606;115277128
1690725242;114628432;93217.99999999999;5413;117854726
1690725243;118180132;85389.99999999999;610;115432906
1690725244;115533436;20437.999999999996;558;116651484
1690725245;115227248;59744.99999999999;610;115842984
1690725246;39561382;36335.99999999999;558;86460590
1690725247;66850634;79007.99999999999;610;17674122
1690725248;115282796;56112.99999999999;6361;116794648
1690725249;102882628;86971.99999999999;610;108252496
1690725250;113631532;12760.999999999998;558;108208090
1690725251;115945600;61229.99999999999;1608;117102070
1690725252;115758016;16647.999999999996;6167;115430340
1690725253;118130640;20205.999999999996;610;115516984
1690725254;116264764;15529.999999999998;690;117374514
1690725255;114442498;26711.999999999996;610;114184012
1690725256;116999010;22478.999999999996;1477;117235492
1690725257;117762984;12730.999999999998;610;118019410
1690725258;108535474;28823.999999999996;558;113588086
1690725259;116318912;22081.999999999996;799;112151904
1690725260;116046560;35493.99999999999;558;115714694
1690725261;117817992;5431.999999999999;610;116980694
1690725262;118083310;23519.999999999996;690;117841182
1690725263;116222042;19094.999999999996;5922;117027688
1690725264;113453068;21979.999999999996;558;114923354
1690725265;114660591;13807.999999999998;979;118342074
1690725266;2121895;26770.999999999996;1608;49645748
1690725267;616;32681.999999999996;818;676
1690725268;556;24294.999999999996;558;624
1690725269;616;38301.99999999999;610;5096
1690725270;490;18410.999999999996;558;756
1690725271;95621614;28238.999999999996;610;43643510
1690725272;116213930;8285.999999999998;558;114383716
1690725273;116750886;85312.99999999999;6140;116829746
1690725274;117522956;9394.999999999998;744;118195876
1690725275;114416344;34053.99999999999;610;115599504
1690725276;115738842;15822.999999999998;558;116012268
1690725277;115284500;27720.999999999996;610;117217858
1690725278;82464250;23241.999999999996;729;99670194
1690725279;37218992;33087.99999999999;610;61379894
1690725280;67920236;22150.999999999996;558;26929794
1690725281;116222316;20912.999999999996;610;114547896
1690725282;115356342;8038.999999999999;558;116420582
1690725283;118792202;22943.999999999996;5984;116844498
1690725284;101082802;17765.999999999996;558;113640744
1690725285;54441264;57359.99999999999;19859;74638598
1690725286;7776894;83129.99999999999;7941;26695526
1690725287;75068484;9629.999999999998;610;32598386
1690725288;113290142;41853.99999999999;558;105467032
1690725289;118292396;15689.999999999998;610;116873888
1690725290;110980606;40320.99999999999;558;115804634
1690725291;117368832;10064.999999999998;610;114193102
1690725292;116298112;18301.999999999996;558;115304070
1690725293;111406742;22807.999999999996;1898;117505910
1690725294;11905067;19073.999999999996;558;58241947
1690725295;556;22947.999999999996;610;1728
1690725296;616;19680.999999999996;5096;624
1690725297;616;10676.999999999998;610;676
1690725298;815;18351.999999999996;558;624
1690725299;556;40017.99999999999;610;676
1690725300;616;26007.999999999996;558;5100
1690725301;616;27401.999999999996;610;808
1690725302;556;9274.999999999998;761;1351
1690725303;556;69875.99999999999;610;865
1690725304;616;6077.999999999999;690;810
1690725305;616;35819.99999999999;1339;929
1690725306;556;11346.999999999998;5162;624
1690725307;556;31112.999999999996;610;676
1690725308;700;32132.999999999996;558;624
1690725309;556;32169.999999999996;610;676
1690725310;616;14886.999999999998;558;5044
1690725311;616;29043.999999999996;610;676
1690725312;1966;13499.999999999998;741;1484
1690725313;616;23597.999999999996;963;676
1690725314;556;16291.999999999998;558;624
1690725315;550;6970.999999999999;742;676
1690725316;556;24538.999999999996;5881;624
1690725317;556;23780.999999999996;610;676
1690725318;1178;39175.99999999999;558;624
1690725319;616;18780.999999999996;799;879
1690725320;556;30990.999999999996;558;5044
1690725321;616;13879.999999999998;610;676
1690725322;556;25142.999999999996;558;1484
1690725323;1042;15666.999999999998;781;676
1690725324;766;21970.999999999996;558;795
1690725325;556;14751.999999999998;1145;1751
1690725326;616;29087.999999999996;2321;624
1690725327;616;17859.999999999996;5584;676
1690725328;556;20083.999999999996;558;624
1690725329;745;31743.999999999996;610;676
1690725330;556;32829.99999999999;558;5044
1690725331;616;21258.999999999996;610;859
1690725332;556;13491.999999999998;558;1687
1690725333;1043;71786.99999999999;610;859
1690725334;616;23355.999999999996;1740;810
1690725335;556;19195.999999999996;610;1382
1690725336;616;24922.999999999996;1539;624
1690725337;550;21316.999999999996;5918;676
1690725338;706;22732.999999999996;558;624
1690725339;556;24985.999999999996;610;676
1690725340;864;32274.999999999996;558;5048
1690725341;616;7127.999999999999;610;676
1690725342;556;36305.99999999999;558;1585
1690725343;616;19496.999999999996;610;676
1690725344;616;24334.999999999996;558;624
1690725345;616;12303.999999999998;610;676
1690725346;556;27213.999999999996;558;624
1690725347;556;17889.999999999996;5943;676
1690725348;1178;12311.999999999998;558;624
1690725349;616;38856.99999999999;610;781
1690725350;556;21570.999999999996;747;624
1690725351;616;30038.999999999996;799;5196
1690725352;556;17864.999999999996;877;624
1690725353;706;23026.999999999996;1103;2266
1690725354;550;21260.999999999996;558;789
1690725355;556;18106.999999999996;610;676
1690725356;616;19780.999999999996;558;624
1690725357;616;22220.999999999996;1462;676
1690725358;556;24545.999999999996;5072;790
1690725359;556;33404.99999999999;610;995
1690725360;616;16552.999999999996;558;624
1690725361;556;37868.99999999999;610;5096
1690725362;616;16288.999999999998;927;624
1690725363;706;81019.99999999999;776;1536
1690725364;556;17953.999999999996;866;810
1690725365;556;16237.999999999998;610;865
1690725366;550;19687.999999999996;558;624
1690725367;556;24152.999999999996;1405;676
1690725368;766;37635.99999999999;5029;624
1690725369;736;19592.999999999996;610;676
1690725370;556;21140.999999999996;558;624
1690725371;556;25002.999999999996;610;5096
1690725372;616;26437.999999999996;558;1727
1690725373;616;15034.999999999998;793;676
1690725374;616;4147.999999999999;558;756
1690725375;490;23068.999999999996;610;1405
1690725376;616;19374.999999999996;558;624
1690725377;616;18063.999999999996;676;676
1690725378;1118;42656.99999999999;5829;624
1690725379;556;15580.999999999998;776;879
1690725380;616;28176.999999999996;724;624
1690725381;616;15868.999999999998;862;5096
1690725382;556;25443.999999999996;558;624
1690725383;556;20610.999999999996;715;781
1690725384;766;15174.999999999998;558;624
1690725385;556;21868.999999999996;796;676
1690725386;616;24572.999999999996;944;1485
1690725387;556;22257.999999999996;1050;676
1690725388;616;20998.999999999996;1585;624
1690725389;556;28800.999999999996;5214;676
1690725390;616;24181.999999999996;766;624
1690725391;556;29509.999999999996;610;5096
1690725392;616;17986.999999999996;982;1010
1690725393;1043;74722.99999999999;610;676
1690725394;616;20697.999999999996;744;993
1690725395;556;16157.999999999998;610;676
1690725396;616;20086.999999999996;558;1164
1690725397;556;19201.999999999996;610;1720
1690725398;616;23977.999999999996;1419;978
1690725399;766;46080.99999999999;5148;676
1690725400;556;13871.999999999998;558;624
1690725401;556;26098.999999999996;610;5153
1690725402;616;15399.999999999998;558;624
1690725403;556;29698.999999999996;610;676
1690725404;676;11771.999999999998;558;624
1690725405;556;22643.999999999996;610;676
1690725406;616;21599.999999999996;558;624
1690725407;556;16210.999999999998;610;1537
1690725408;1178;35736.99999999999;624;624
1690725409;556;29892.999999999996;6199;781
1690725410;616;26665.999999999996;1262;624
1690725411;556;18716.999999999996;610;676
1690725412;616;22911.999999999996;747;5210
1690725413;616;15886.999999999998;1208;781
1690725414;706;15216.999999999998;558;1580
1690725415;556;28346.999999999996;610;676
1690725416;616;27744.999999999996;558;1532
1690725417;556;15019.999999999998;610;1537
1690725418;616;22028.999999999996;690;624
1690725419;556;48474.99999999999;6212;842
1690725420;616;17541.999999999996;1419;624
1690725421;556;16621.999999999996;610;676
1690725422;616;24850.999999999996;761;5043
1690725423;805;45026.99999999999;610;676
1690725424;616;38050.99999999999;724;810
1690725425;616;18393.999999999996;610;676
1690725426;676;23221.999999999996;558;813
1690725427;676;18045.999999999996;610;1676
1690725428;686;12797.999999999998;558;624
1690725429;766;46419.99999999999;5417;862
1690725430;676;17103.999999999996;1742;810
1690725431;616;24599.999999999996;1080;994
1690725432;616;16154.999999999998;810;5020
1690725433;676;29714.999999999996;793;676
1690725434;676;11765.999999999998;558;624
1690725435;676;31735.999999999996;610;676
1690725436;616;16160.999999999998;558;624
1690725437;616;26534.999999999996;610;1538
1690725438;1238;18231.999999999996;558;624
1690725439;616;28738.999999999996;610;879
1690725440;616;25019.999999999996;5122;624
1690725441;805;16035.999999999998;1339;610
1690725442;616;25469.999999999996;724;5047
1690725443;556;21390.999999999996;715;676
1690725444;766;15744.999999999998;558;729
1690725445;550;18638.999999999996;610;676
1690725446;556;16110.999999999998;910;624
1690725447;616;41909.99999999999;610;1536
1690725448;610;22661.999999999996;558;807
1690725449;616;27351.999999999996;776;742
1690725450;676;19750.999999999996;5152;877
1690725451;676;35432.99999999999;1404;1638
1690725452;616;19574.999999999996;871;827
1690725453;1103;47124.99999999999;610;5095
1690725454;676;39854.99999999999;744;624
1690725455;616;15249.999999999998;610;676
1690725456;616;22886.999999999996;558;1164
1690725457;676;29439.999999999996;610;995
1690725458;616;18117.999999999996;558;1465
1690725459;766;38643.99999999999;610;859
1690725460;676;27773.999999999996;5096;624
1690725461;676;24119.999999999996;1404;676
1690725462;11219;15162.999999999998;558;12140
1690725463;556;36023.99999999999;610;5072
1690725464;93724781;11991.999999999998;558;41254007
1690725465;118199802;29437.999999999996;610;118544170
1690725466;117452576;8948.999999999998;558;114831524
1690725467;116965632;36235.99999999999;610;116097300
1690725468;116115074;17168.999999999996;558;118004670
1690725469;39004752;34244.99999999999;610;88909960
1690725470;87843572;20570.999999999996;5096;40137430
1690725471;119196108;27922.999999999996;1405;116395586
1690725472;115547476;19486.999999999996;747;117968602
1690725473;119050132;23399.999999999996;1103;117578506
1690725474;115601682;15610.999999999998;558;117329130
1690725475;117114866;16382.999999999998;610;117458090
1690725476;116144380;19075.999999999996;558;115815408
1690725477;117112750;17476.999999999996;610;116576724
1690725478;113371824;15907.999999999998;558;116733052
1690725479;118916508;31666.999999999996;610;114714992
1690725480;116958520;39325.99999999999;624;117562578
1690725481;116159368;5363.999999999999;6096;116608184
1690725482;113508246;26698.999999999996;1559;118794728
1690725483;114056280;88644.99999999999;610;112458764
1690725484;115393162;43057.99999999999;6734;111183408
1690725485;116712380;16104.999999999998;610;117341842
1690725486;116503464;19495.999999999996;558;117833592
1690725487;117006708;16259.999999999998;610;116170590
1690725488;118322956;17981.999999999996;558;117552162
1690725489;116403300;27636.999999999996;610;117663268
1690725490;117060400;31209.999999999996;724;116355990
1690725491;108164752;33392.99999999999;5579;114594040
1690725492;85407346;13433.999999999998;725;81433680
1690725493;118817516;19936.999999999996;2670;114863530
1690725494;72205349;19634.999999999996;558;117166012
1690725495;556;22429.999999999996;610;8267139
1690725496;616;7579.999999999999;558;943
1690725497;616;21378.999999999996;610;676
1690725498;1118;20601.999999999996;558;624
1690725499;556;44927.99999999999;610;879
1690725500;616;27615.999999999996;558;1485
1690725501;556;22159.999999999996;5082;676
1690725502;616;11999.999999999998;724;624
1690725503;616;31177.999999999996;1403;676
1690725504;706;18321.999999999996;558;5318
1690725505;616;23008.999999999996;610;676
1690725506;556;9232.999999999998;558;624
1690725507;616;27326.999999999996;796;676
1690725508;556;21351.999999999996;724;624
1690725509;616;28755.999999999996;610;676
1690725510;556;28122.999999999996;558;1671
1690725511;676;23245.999999999996;5148;676
1690725512;616;18653.999999999996;871;624
1690725513;1103;42701.99999999999;1470;676
1690725514;676;57669.99999999999;915;795
1690725515;616;16521.999999999996;610;5537
1690725516;676;22870.999999999996;558;624
1690725517;556;13685.999999999998;610;884
1690725518;676;24283.999999999996;558;624
1690725519;826;26520.999999999996;610;859
1690725520;676;28001.999999999996;558;624
1690725521;616;26933.999999999996;5227;1537
1690725522;676;16178.999999999998;558;690
1690725523;616;31504.999999999996;1472;676
1690725524;1228;14380.999999999998;558;1676
1690725525;616;18221.999999999996;610;5412
1690725526;676;21450.999999999996;558;624
1690725527;616;18926.999999999996;610;610
1690725528;1178;37373.99999999999;558;624
1690725529;616;13908.999999999998;610;847
1690725530;676;30802.999999999996;558;624
1690725531;550;17647.999999999996;5148;808
1690725532;490;20918.999999999996;747;1522
1690725533;616;28261.999999999996;1899;676
1690725534;706;21605.999999999996;558;1117
1690725535;556;25452.999999999996;610;5702
1690725536;616;18222.999999999996;558;827
1690725537;616;15618.999999999998;610;676
1690725538;685;25141.999999999996;558;810
1690725539;556;26872.999999999996;796;676
1690725540;616;26309.999999999996;744;1109
1690725541;556;23933.999999999996;862;676
1690725542;616;29279.999999999996;5298;1416
1690725543;556;53360.99999999999;610;676
1690725544;616;41850.99999999999;1419;624
1690725545;556;24946.999999999996;776;5305
1690725546;616;19231.999999999996;558;813
1690725547;556;18402.999999999996;1103;676
1690725548;616;32345.999999999996;1051;624
1690725549;766;17071.999999999996;929;1169
1690725550;556;22753.999999999996;558;1117
1690725551;616;21898.999999999996;776;995
1690725552;685;23754.999999999996;5364;1870
1690725553;556;21637.999999999996;793;984
1690725554;676;24575.999999999996;1631;624
1690725555;616;16570.999999999996;610;676
1690725556;556;20033.999999999996;744;5354
1690725557;616;23864.999999999996;796;676
1690725558;1118;25637.999999999996;1808;624
1690725559;616;30317.999999999996;610;879
1690725560;556;13477.999999999998;558;624
1690725561;490;30875.999999999996;610;676
1690725562;616;13624.999999999998;5317;624
1690725563;676;36185.99999999999;610;1470
1690725564;886;19785.999999999996;624;624
1690725565;616;25843.999999999996;1338;676
1690725566;556;17070.999999999996;558;5309
1690725567;616;24006.999999999996;610;676
1690725568;556;22032.999999999996;724;624
1690725569;556;25378.999999999996;610;676
1690725570;616;18366.999999999996;558;807
1690725571;556;18055.999999999996;676;676
1690725572;735;27895.999999999996;6085;1660
1690725573;1103;49310.99999999999;818;1470
1690725574;556;50356.99999999999;558;624
1690725575;556;16129.999999999998;1504;676
1690725576;616;32964.99999999999;558;5253
1690725577;556;16013.999999999998;610;676
1690725578;616;41328.99999999999;558;832
1690725579;706;12906.999999999998;781;859
1690725580;616;31137.999999999996;558;624
1690725581;556;17799.999999999996;610;913
1690725582;616;22871.999999999996;5096;624
1690725583;556;16408.999999999996;610;676
1690725584;676;29165.999999999996;558;1419
1690725585;616;12527.999999999998;1405;676
1690725586;556;33705.99999999999;558;5253
1690725587;556;9944.999999999998;610;676
1690725588;1178;29978.999999999996;558;624
1690725589;745;27275.999999999996;610;847
1690725590;556;13962.999999999998;558;624
1690725591;616;27526.999999999996;610;842
1690725592;556;108156.99999999999;8130;7875
1690725593;616;35896.99999999999;24440;6716
1690725594;1256;15765.999999999998;558;1419
1690725595;556;27071.999999999996;610;676
1690725596;616;18216.999999999996;1356;624
1690725597;556;25217.999999999996;610;5547
1690725598;616;22483.999999999996;558;624
1690725599;616;28560.999999999996;610;676
1690725600;556;15669.999999999998;558;790
1690725601;616;22626.999999999996;796;862
1690725602;556;23692.999999999996;761;624
1690725603;616;55651.99999999999;5147;742
1690725604;556;44871.99999999999;558;2464
1690725605;556;25212.999999999996;776;676
1690725606;616;19380.999999999996;1351;813
1690725607;556;27247.999999999996;610;5370
1690725608;616;25150.999999999996;558;624
1690725609;766;18716.999999999996;1103;676
1690725610;556;17693.999999999996;558;624
1690725611;556;21641.999999999996;813;1169
1690725612;616;22291.999999999996;724;810
1690725613;616;30825.999999999996;5330;842
1690725614;616;18145.999999999996;741;1482
1690725615;13390;27980.999999999996;610;676
1690725616;103181564;35741.99999999999;1352;50007644
1690725617;117254776;20463.999999999996;610;117382896
1690725618;116369254;27213.999999999996;744;116793780
1690725619;117614040;28058.999999999996;610;117773204
1690725620;114606570;17484.999999999996;558;115593482
1690725621;116958900;22006.999999999996;610;115731006
1690725622;111053158;11592.999999999998;724;117606000
1690725623;117970662;30604.999999999996;5147;111278308
1690725624;113644720;21680.999999999996;558;115920068
1690725625;116782128;28723.999999999996;610;116058202
1690725626;119195828;15850.999999999998;761;117671886
1690725627;117092144;24840.999999999996;1673;117921802
1690725628;113231430;47059.99999999999;876;115680872
1690725629;117933160;23303.999999999996;776;116495230
1690725630;118089882;29227.999999999996;558;117196296
1690725631;116058002;18344.999999999996;610;118353424
1690725632;119051816;18586.999999999996;558;115494938
1690725633;115606298;52084.99999999999;5292;117241634
1690725634;116482924;45714.99999999999;766;117005016
1690725635;69273473;18547.999999999996;610;114865120
1690725636;556;22155.999999999996;558;6590165
1690725637;556;62233.99999999999;7819;25936
1690725638;616;9992.999999999998;690;832
1690725639;706;46156.99999999999;1581;859
1690725640;616;16605.999999999996;558;624
1690725641;556;26173.999999999996;610;676
1690725642;616;8458.999999999998;558;624
1690725643;556;32423.999999999996;5213;676
1690725644;616;11337.999999999998;558;624
1690725645;832;27630.999999999996;610;1539
1690725646;616;15066.999999999998;558;624
1690725647;556;32158.999999999996;610;676
1690725648;1178;32396.999999999996;2554;5497
1690725649;556;23750.999999999996;610;676
1690725650;616;24234.999999999996;558;624
1690725651;556;19478.999999999996;610;842
1690725652;699;17238.999999999996;747;624
1690725653;616;25336.999999999996;610;676
1690725654;640;17894.999999999996;5375;624
1690725655;616;21706.999999999996;610;1637
1690725656;556;28198.999999999996;876;1719
1690725657;556;21584.999999999996;610;879
1690725658;745;34872.99999999999;1352;5497
1690725659;676;22107.999999999996;610;676
1690725660;556;22661.999999999996;558;790
1690725661;556;14260.999999999998;796;862
1690725662;616;19768.999999999996;558;624
1690725663;490;38157.99999999999;610;676
1690725664;616;55206.99999999999;5095;624
1690725665;1048;13392.999999999998;776;676
1690725666;616;31321.999999999996;558;1708
1690725667;556;14891.999999999998;781;847
1690725668;616;33561.99999999999;624;5431
1690725669;706;28643.999999999996;1341;1700
1690725670;616;18825.999999999996;1051;1117
1690725671;616;21922.999999999996;979;676
1690725672;556;18290.999999999996;558;810
1690725673;616;26932.999999999996;793;676
1690725674;556;15663.999999999998;5334;790
1690725675;616;30328.999999999996;610;676
1690725676;556;15774.999999999998;558;1418
1690725677;619;35112.99999999999;776;842
1690725678;1178;22940.999999999996;910;5431
1690725679;616;25877.999999999996;1667;879
1690725680;556;24750.999999999996;558;624
1690725681;556;11996.999999999998;610;842
1690725682;616;24629.999999999996;724;790
1690725683;556;20200.999999999996;610;963
1690725684;766;26307.999999999996;558;624
1690725685;556;17253.999999999996;5147;676
1690725686;616;23789.999999999996;558;1418
1690725687;616;24334.999999999996;610;676
1690725688;556;31769.999999999996;761;624
1690725689;616;21366.999999999996;676;5483
1690725690;556;26079.999999999996;1286;807
1690725691;616;24501.999999999996;610;676
1690725692;556;22944.999999999996;558;624
1690725693;1162;53417.99999999999;610;676
1690725694;616;40364.99999999999;766;624
1690725695;616;22716.999999999996;5147;676
1690725696;556;15115.999999999998;558;1417
1690725697;616;32705.999999999996;610;676
1690725698;556;22941.999999999996;558;832
1690725699;706;25328.999999999996;610;5666
1690725700;616;28143.999999999996;1457;861
1690725701;616;23268.999999999996;610;676
1690725702;556;20369.999999999996;558;624
1690725703;556;23972.999999999996;610;676
1690725704;805;21044.999999999996;1543;624
1690725705;616;24165.999999999996;5147;676
1690725706;556;20609.999999999996;558;624
1690725707;556;23961.999999999996;610;1536
1690725708;1178;34070.99999999999;558;624
1690725709;1002;16029.999999999998;610;5720
1690725710;556;26850.999999999996;624;624
1690725711;872;27775.999999999996;1408;676
1690725712;12075;28049.999999999996;1442;12870
1690725713;29011180;16970.999999999996;610;1861
1690725714;116995536;29845.999999999996;558;94518580
1690725715;118594212;18837.999999999996;5147;117306078
1690725716;115163756;26396.999999999996;913;116478652
1690725717;118692184;12835.999999999998;776;116679984
1690725718;116141538;33565.99999999999;810;118024924
1690725719;116369464;22536.999999999996;610;116736882
1690725720;117376356;23692.999999999996;558;115706220
1690725721;116307498;27930.999999999996;862;118212128
1690725722;116000764;18841.999999999996;1286;111532916
1690725723;115250148;44631.99999999999;610;118304106
1690725724;116751890;41482.99999999999;558;116564364
1690725725;116573448;23000.999999999996;5313;115791594
1690725726;115585040;10085.999999999998;558;117502192
1690725727;118802648;15164.999999999998;610;117744076
1690725728;116220646;27874.999999999996;558;116682704
1690725729;116381968;24483.999999999996;610;115286596
1690725730;117508912;70639.99999999999;7580;119036880
1690725731;117644232;27615.999999999996;776;116890146
1690725732;117094256;22892.999999999996;1669;117128346
1690725733;97326064;15886.999999999998;610;118078032
1690725734;115490672;18244.999999999996;741;94315312
1690725735;115253638;24078.999999999996;793;115281200
1690725736;119535044;11553.999999999998;5095;118042772
1690725737;118104824;29463.999999999996;610;117557278
1690725738;117823268;31738.999999999996;558;116904958
1690725739;118486784;25724.999999999996;962;119506934
1690725740;115959048;13022.999999999998;558;116169564
1690725741;115782504;24587.999999999996;610;114473622
1690725742;113268816;22523.999999999996;1418;116004010
1690725743;11619528;17229.999999999996;610;61806620
1690725744;826;12615.999999999998;558;624
1690725745;676;22491.999999999996;610;742
1690725746;1434;23889.999999999996;5161;1543
1690725747;109101248;18181.999999999996;610;58321439
1690725748;117063510;46586.99999999999;761;114975240
1690725749;116351556;28267.999999999996;610;119248250
1690725750;113887576;22013.999999999996;558;114065170
1690725751;117693192;15419.999999999998;610;114270336
1690725752;115512546;29124.999999999996;1419;117392610
1690725753;116687356;43636.99999999999;610;114984826
1690725754;115096190;27612.999999999996;558;116782280
1690725755;112740604;28360.999999999996;818;114738538
1690725756;117447106;21396.999999999996;5161;113132264
1690725757;115767080;27256.999999999996;610;117187440
1690725758;116220514;14986.999999999998;558;116371112
1690725759;110009834;8903.999999999998;610;115215768
1690725760;72368228;50264.99999999999;729;102282732
1690725761;87084368;18067.999999999996;610;56246396
1690725762;117635012;11907.999999999998;1418;113273960
1690725763;114921844;38361.99999999999;610;115096004
1690725764;116279222;13270.999999999998;558;119155754
1690725765;105931400;24515.999999999996;610;112482140
1690725766;113675896;18108.999999999996;5187;102154348
1690725767;112149514;16047.999999999998;610;114372858
1690725768;111717792;26031.999999999996;558;116303714
1690725769;104253878;27325.999999999996;610;108881472
1690725770;116079828;20939.999999999996;558;107446872
1690725771;117037582;21536.999999999996;610;117704426
1690725772;76047574;21714.999999999996;558;73739272
1690725773;111646832;26619.999999999996;1469;113490214
1690725774;116322996;25156.999999999996;558;115092878
1690725775;114049154;11911.999999999998;799;115156146
1690725776;116452458;30498.999999999996;5161;115237594
1690725777;86553679;8202.999999999998;610;113752060
1690725778;616;29101.999999999996;558;25621027
1690725779;35141948;33731.99999999999;776;676
1690725780;107578412;14395.999999999998;558;94496394
1690725781;97167556;25933.999999999996;796;103077634
1690725782;95396944;16098.999999999998;558;93872758
1690725783;59076060;63056.99999999999;2518;62452542
1690725784;89946700;41558.99999999999;558;91185658
1690725785;92732486;20203.999999999996;610;90871766
1690725786;92752550;25146.999999999996;5317;92827452
1690725787;88491960;16077.999999999998;610;88755958
1690725788;88441202;39359.99999999999;1539;91591380
1690725789;87496080;22002.999999999996;610;87177172
1690725790;85354528;18377.999999999996;1051;83660090
1690725791;84467574;25746.999999999996;979;87102738
1690725792;31549958;13898.999999999998;558;68776084
1690725793;676;28898.999999999996;1404;1722
1690725794;676;14668.999999999998;924;790
1690725795;676;33926.99999999999;610;676
1690725796;556;13126.999999999998;5095;624
1690725797;676;33080.99999999999;610;676
1690725798;1178;17459.999999999996;744;790
1690725799;616;8821.999999999998;776;879
1690725800;676;38202.99999999999;558;624
1690725801;676;14094.999999999998;610;676
1690725802;550;27281.999999999996;558;5842
1690725803;676;22550.999999999996;1404;1471
1690725804;766;25224.999999999996;558;624
1690725805;616;16035.999999999998;610;676
1690725806;550;24116.999999999996;558;624
1690725807;892;19590.999999999996;5147;676
1690725808;805;43262.99999999999;761;624
1690725809;616;21670.999999999996;610;676
1690725810;616;23592.999999999996;558;807
1690725811;616;20404.999999999996;610;859
1690725812;556;20221.999999999996;558;5727
1690725813;556;54888.99999999999;610;1757
1690725814;1103;39705.99999999999;1661;624
1690725815;556;24400.999999999996;610;676
1690725816;616;17980.999999999996;558;624
1690725817;556;19839.999999999996;5148;884
1690725818;616;46458.99999999999;558;873
1690725819;766;13563.999999999998;610;1580
1690725820;556;35322.99999999999;729;624
1690725821;556;9526.999999999998;610;847
1690725822;892;28738.999999999996;558;6690
1690725823;735;19659.999999999996;610;1534
1690725824;556;25776.999999999996;624;624
1690725825;556;23202.999999999996;1342;676
1690725826;805;11109.999999999998;558;624
1690725827;676;28216.999999999996;5148;676
1690725828;1178;27218.999999999996;558;624
1690725829;676;28921.999999999996;610;781
1690725830;616;13468.999999999998;558;624
1690725831;676;23087.999999999996;610;676
1690725832;556;10410.999999999998;558;5879
1690725833;676;19144.999999999996;610;1952
1690725834;766;23510.999999999996;558;933
1690725835;616;31855.999999999996;1593;842
1690725836;676;31017.999999999996;558;993
1690725837;676;8809.999999999998;5148;943
1690725838;616;47034.99999999999;724;624
1690725839;736;13697.999999999998;610;676
1690725840;616;35950.99999999999;558;810
1690725841;616;11589.999999999998;610;928
1690725842;616;25271.999999999996;744;624
1690725843;676;42763.99999999999;610;5622
1690725844;616;50514.99999999999;558;1422
1690725845;676;14141.999999999998;1640;676
1690725846;556;22474.999999999996;558;624
1690725847;616;25270.999999999996;5226;676
1690725848;556;29864.999999999996;558;624
1690725849;706;29163.999999999996;610;865
1690725850;550;12736.999999999998;1051;1117
1690725851;556;26296.999999999996;1111;676
1690725852;616;14211.999999999998;1478;1013
1690725853;556;25753.999999999996;793;5662
1690725854;616;21702.999999999996;558;1937
1690725855;556;14887.999999999998;793;676
1690725856;616;15625.999999999998;690;624
1690725857;556;37195.99999999999;1338;676
1690725858;1178;39241.99999999999;6242;624
1690725859;616;21469.999999999996;962;676
1690725860;556;22513.999999999996;741;624
1690725861;556;26669.999999999996;793;676
1690725862;616;10682.999999999998;844;790
1690725863;616;30736.999999999996;610;5596
1690725864;706;10403.999999999998;558;1418
1690725865;616;21975.999999999996;610;676
1690725866;556;12772.999999999998;558;624
1690725867;616;26128.999999999996;676;676
1690725868;556;45003.99999999999;5986;624
1690725869;616;26238.999999999996;610;676
1690725870;556;22894.999999999996;558;624
1690725871;616;22536.999999999996;610;676
1690725872;556;18894.999999999996;558;624
1690725873;616;48890.99999999999;610;5662
1690725874;1043;43966.99999999999;766;1737
1690725875;556;15491.999999999998;610;676
1690725876;616;20965.999999999996;558;624
1690725877;616;19085.999999999996;610;676
1690725878;556;46006.99999999999;5866;832
1690725879;886;25484.999999999996;610;964
1690725880;616;21705.999999999996;729;795
1690725881;556;17616.999999999996;610;676
1690725882;616;18247.999999999996;558;624
1690725883;616;25118.999999999996;610;676
1690725884;556;18908.999999999996;558;5676
1690725885;616;18159.999999999996;610;1537
1690725886;616;21670.999999999996;558;624
1690725887;616;7711.999999999999;610;676
1690725888;1118;53923.99999999999;5800;624
1690725889;556;20271.999999999996;610;676
1690725890;616;21201.999999999996;558;624
1690725891;616;16363.999999999998;610;676
1690725892;556;15774.999999999998;558;624
1690725893;490;31987.999999999996;610;1662
1690725894;766;21262.999999999996;558;5790
1690725895;616;16736.999999999996;610;1637
1690725896;556;18704.999999999996;747;624
1690725897;556;17749.999999999996;610;676
1690725898;616;81925.99999999999;25526;790
1690725899;616;86917.99999999999;610;6650
1690725900;685;22288.999999999996;8058;7941
1690725901;556;17796.999999999996;979;862
1690725902;616;24992.999999999996;1073;690
1690725903;556;49150.99999999999;862;1583
1690725904;616;46431.99999999999;558;5610
1690725905;556;15084.999999999998;610;1470
1690725906;616;26759.999999999996;724;624
1690725907;556;12963.999999999998;610;676
1690725908;616;51400.99999999999;1352;624
1690725909;706;14594.999999999998;5123;865
1690725910;616;40776.99999999999;1051;624
1690725911;556;13931.999999999998;979;1169
1690725912;2026;27977.999999999996;558;624
1690725913;556;12958.999999999998;610;862
1690725914;616;28024.999999999996;558;6045
1690725915;556;19216.999999999996;1656;1592
1690725916;616;20373.999999999996;558;624
1690725917;556;18145.999999999996;610;676
1690725918;1178;33587.99999999999;1418;624
1690725919;556;32091.999999999996;5631;676
1690725920;616;29035.999999999996;558;624
1690725921;556;18464.999999999996;610;676
1690725922;616;19181.999999999996;741;790
1690725923;556;19618.999999999996;610;676
1690725924;616;18565.999999999996;558;5677
1690725925;706;24225.999999999996;610;676
1690725926;616;16346.999999999998;558;1485
1690725927;616;21373.999999999996;610;676
1690725928;556;28627.999999999996;744;624
1690725929;616;40514.99999999999;6439;676
1690725930;616;19031.999999999996;558;624
1690725931;616;27877.999999999996;610;676
1690725932;556;11363.999999999998;558;558
1690725933;616;53959.99999999999;610;676
1690725934;1172;34839.99999999999;558;807
1690725935;616;22709.999999999996;610;5729
1690725936;556;20522.999999999996;558;1728
1690725937;556;11758.999999999998;610;1020
1690725938;616;43946.99999999999;558;624
1690725939;556;29175.999999999996;5921;964
1690725940;766;38069.99999999999;729;624
1690725941;616;10565.999999999998;610;847
1690725942;556;23518.999999999996;558;624
1690725943;616;16333.999999999998;610;676
1690725944;556;27343.999999999996;1528;624
1690725945;616;13654.999999999998;610;5702
1690725946;685;26391.999999999996;558;1417
1690725947;616;18400.999999999996;610;676
1690725948;1118;39819.99999999999;558;810
1690725949;556;29756.999999999996;1588;676
1690725950;735;23563.999999999996;5324;877
1690725951;556;20265.999999999996;610;676
1690725952;620;9239.999999999998;558;624
1690725953;616;30797.999999999996;610;676
1690725954;556;8843.999999999998;558;624
1690725955;556;23258.999999999996;610;6098
1690725956;616;12659.999999999998;747;690
1690725957;616;26087.999999999996;610;1404
1690725958;556;25759.999999999996;558;558
1690725959;556;48664.99999999999;1571;1890
1690725960;616;22364.999999999996;5096;624
1690725961;616;29012.999999999996;796;676
1690725962;556;11276.999999999998;741;810
1690725963;556;54815.99999999999;818;676
1690725964;616;35807.99999999999;724;624
1690725965;616;23547.999999999996;776;5728
1690725966;556;11498.999999999998;845;624
1690725967;556;27693.999999999996;610;1541
1690725968;550;23532.999999999996;558;624
1690725969;616;27055.999999999996;610;676
1690725970;556;32334.999999999996;6443;747
1690725971;556;23817.999999999996;813;1352
1690725972;616;18508.999999999996;558;942
1690725973;616;25444.999999999996;610;676
1690725974;556;17571.999999999996;558;993
1690725975;556;13682.999999999998;610;676
1690725976;616;22478.999999999996;558;5610
1690725977;616;22845.999999999996;610;808
1690725978;1118;41081.99999999999;761;2258
1690725979;616;12103.999999999998;979;676
1690725980;556;49709.99999999999;5456;624
1690725981;616;17207.999999999996;1314;676
1690725982;556;26870.999999999996;558;624
1690725983;556;15362.999999999998;793;842
1690725984;616;27578.999999999996;558;624
1690725985;616;14010.999999999998;1594;676
1690725986;556;15808.999999999998;558;5610
1690725987;616;20707.999999999996;610;676
1690725988;490;43840.99999999999;761;690
1690725989;616;25978.999999999996;796;1339
1690725990;556;19901.999999999996;5095;790
1690725991;556;41064.99999999999;1459;928
1690725992;616;11375.999999999998;558;624
1690725993;616;54887.99999999999;610;676
1690725994;1043;36424.99999999999;558;624
1690725995;556;19071.999999999996;610;859
1690725996;616;16204.999999999998;558;5677
1690725997;556;19886.999999999996;610;676
1690725998;616;32776.99999999999;558;898
1690725999;556;29646.999999999996;610;1537
1690726000;550;15437.999999999998;5267;729
1690726001;616;40441.99999999999;676;847
1690726002;556;16564.999999999996;1285;624
1690726003;556;21862.999999999996;610;676
1690726004;616;15996.999999999998;558;624
1690726005;616;22566.999999999996;610;676
1690726006;616;19460.999999999996;624;624
1690726007;556;20361.999999999996;1640;5729
1690726008;1178;34176.99999999999;558;624
1690726009;676;22955.999999999996;610;1592
1690726010;556;27315.999999999996;5328;810
1690726011;556;23394.999999999996;610;676
1690726012;616;31899.999999999996;1418;624
1690726013;616;25718.999999999996;610;676
1690726014;616;16264.999999999998;558;624
1690726015;616;15157.999999999998;610;1045
1690726016;556;9976.999999999998;747;624
1690726017;556;21530.999999999996;610;5663
1690726018;42204312;38277.99999999999;558;1101607
1690726019;88476318;29549.999999999996;776;90991392
1690726020;93132406;19601.999999999996;558;91047936
1690726021;91170418;19909.999999999996;5466;92209532
1690726022;93887506;37247.99999999999;1417;91449648
1690726023;88299136;49936.99999999999;1001;88804898
1690726024;90291444;42956.99999999999;558;88239942
1690726025;92088522;14975.999999999998;610;96346494
1690726026;93908494;54455.99999999999;927;91554048
1690726027;89800724;17111.999999999996;7625;91496792
1690726028;85240554;38719.99999999999;558;87431654
1690726029;88445212;22172.999999999996;610;86112890
1690726030;85675586;21549.999999999996;1051;85763114
1690726031;13406295;16489.999999999996;5213;53604729
1690726032;616;21489.999999999996;690;624
1690726033;556;39319.99999999999;1338;1844
1690726034;616;19270.999999999996;558;624
1690726035;556;19962.999999999996;610;879
1690726036;616;16607.999999999996;558;624
1690726037;556;18820.999999999996;610;5841
1690726038;1178;34710.99999999999;558;624
1690726039;556;20859.999999999996;776;676
1690726040;616;21541.999999999996;761;624
1690726041;556;19619.999999999996;5147;1469
1690726042;616;22455.999999999996;741;624
1690726043;616;39989.99999999999;1406;842
1690726044;556;21350.999999999996;558;624
1690726045;556;12736.999999999998;610;676
1690726046;686;25728.999999999996;558;624
1690726047;616;8135.999999999999;610;676
1690726048;832;31890.999999999996;558;5723
1690726049;685;30983.999999999996;796;676
1690726050;616;23382.999999999996;1552;624
1690726051;556;22191.999999999996;5147;676
1690726052;616;21354.999999999996;744;1688
1690726053;676;66797.99999999999;1696;676
1690726054;1103;26579.999999999996;877;624
1690726055;805;48073.99999999999;610;859
1690726056;616;10315.999999999998;558;624
1690726057;616;30199.999999999996;610;1650
1690726058;676;13488.999999999998;558;5974
1690726059;616;33488.99999999999;610;676
1690726060;676;24552.999999999996;729;900
1690726061;892;20308.999999999996;5147;676
1690726062;616;17341.999999999996;558;1417
1690726063;616;33235.99999999999;676;676
1690726064;676;21486.999999999996;1286;624
1690726065;610;17760.999999999996;610;676
1690726066;616;27994.999999999996;558;624
1690726067;676;13796.999999999998;610;676
1690726068;1178;27798.999999999996;558;5790
1690726069;616;14875.999999999998;610;676
1690726070;6149;50089.99999999999;724;624
1690726071;5284;16764.999999999996;5147;12280
1690726072;75549845;26861.999999999996;558;22579519
1690726073;117859658;35999.99999999999;610;116631560
1690726074;117506610;32797.99999999999;1352;119907658
1690726075;117543206;14642.999999999998;610;116849900
1690726076;117317384;19342.999999999996;747;117462898
1690726077;117154878;15195.999999999998;610;117083378
1690726078;117765802;25208.999999999996;558;118126550
1690726079;117611394;30690.999999999996;776;116786070
1690726080;114225822;22683.999999999996;1554;115407208
1690726081;118935794;21989.999999999996;610;116821694
1690726082;114718848;12042.999999999998;5195;117272626
1690726083;115850878;65933.99999999999;1289;114799880
1690726084;117469218;13046.999999999998;1353;116114280
1690726085;115692910;55490.99999999999;610;118877306
1690726086;120302982;10736.999999999998;724;116130474
1690726087;115138000;30153.999999999996;813;117557174
1690726088;114648906;56063.99999999999;7396;115860170
1690726089;116058796;22762.999999999996;610;115913592
1690726090;119032740;22845.999999999996;1051;117457800
1690726091;116836574;16334.999999999998;610;116453284
1690726092;116541508;21887.999999999996;5095;118621840
1690726093;116148312;27669.999999999996;610;116142958
1690726094;117301716;30071.999999999996;1474;116600098
1690726095;116133176;18944.999999999996;610;115112826
1690726096;117063922;17972.999999999996;558;117545774
1690726097;116673808;18327.999999999996;610;118267596
1690726098;115753606;30030.999999999996;558;114648476
1690726099;117960544;22317.999999999996;776;115465042
1690726100;117546988;19958.999999999996;558;117328718
1690726101;55820307;17546.999999999996;813;110423551
1690726102;556;26558.999999999996;5410;624
1690726103;556;22715.999999999996;610;1637
1690726104;38396730;34099.99999999999;558;624
1690726105;101126390;23453.999999999996;1470;94755898
1690726106;98277602;15313.999999999998;558;100216200
1690726107;99069182;20731.999999999996;610;98623138
1690726108;98961750;33661.99999999999;558;93664014
1690726109;94799342;23399.999999999996;796;98853736
1690726110;96799288;16220.999999999998;558;96599330
1690726111;97110304;17823.999999999996;610;99917188
1690726112;81876960;18337.999999999996;5161;79478536
1690726113;96365330;51814.99999999999;610;98334176
1690726114;93897566;24362.999999999996;744;92994444
1690726115;95651622;35599.99999999999;1593;97639060
1690726116;43008567;31217.999999999996;721;84597121
1690726117;676;17959.999999999996;765;884
1690726118;616;17743.999999999996;558;624
1690726119;676;24210.999999999996;610;6087
1690726120;616;27798.999999999996;729;729
1690726121;616;13935.999999999998;610;1888
1690726122;616;17523.999999999996;558;624
1690726123;616;24666.999999999996;5147;610
1690726124;676;28694.999999999996;558;1484
1690726125;556;20523.999999999996;1405;676
1690726126;616;26785.999999999996;558;624
1690726127;616;26636.999999999996;610;676
1690726128;1118;33434.99999999999;558;624
1690726129;616;22924.999999999996;610;6087
1690726130;556;23694.999999999996;558;624
1690726131;832;20330.999999999996;842;862
1690726132;616;23035.999999999996;2158;624
1690726133;556;27463.999999999996;5705;676
1690726134;616;23533.999999999996;877;1914
1690726135;556;29005.999999999996;1572;1335
1690726136;616;18628.999999999996;558;1146
1690726137;616;19783.999999999996;610;676
1690726138;556;35779.99999999999;558;624
1690726139;556;24065.999999999996;610;676
1690726140;616;22405.999999999996;558;6135
1690726141;676;19262.999999999996;610;676
1690726142;550;12831.999999999998;558;810
1690726143;616;58752.99999999999;5313;742
1690726144;676;23134.999999999996;949;2302
1690726145;676;55450.99999999999;610;862
1690726146;892;16237.999999999998;1518;876
1690726147;556;28448.999999999996;1970;676
1690726148;676;28030.999999999996;558;624
1690726149;676;26889.999999999996;610;610
1690726150;616;17019.999999999996;558;6222
1690726151;616;12206.999999999998;610;676
1690726152;676;14618.999999999998;558;624
1690726153;676;22064.999999999996;5148;859
1690726154;616;7993.999999999999;558;857
1690726155;616;35089.99999999999;610;1605
1690726156;805;14478.999999999998;1355;624
1690726157;616;30831.999999999996;610;676
1690726158;1178;24788.999999999996;558;624
1690726159;616;31194.999999999996;776;676
1690726160;676;14068.999999999998;558;6034
1690726161;556;27563.999999999996;813;676
1690726162;616;11216.999999999998;741;624
1690726163;490;25932.999999999996;5081;842
1690726164;616;18181.999999999996;729;624
1690726165;556;26688.999999999996;610;676
1690726166;616;22817.999999999996;1356;1655
1690726167;685;23761.999999999996;610;676
1690726168;616;45280.99999999999;558;624
1690726169;679;32998.99999999999;796;676
1690726170;556;20500.999999999996;558;6024
1690726171;556;20854.999999999996;610;842
1690726172;616;16514.999999999996;558;624
1690726173;556;47246.99999999999;5147;676
1690726174;1103;19214.999999999996;744;624
1690726175;550;51518.99999999999;610;859
1690726176;490;15220.999999999998;747;1418
1690726177;556;30450.999999999996;1405;884
1690726178;616;29616.999999999996;558;624
1690726179;616;26305.999999999996;610;676
1690726180;556;23262.999999999996;558;6074
1690726181;556;10052.999999999998;776;676
1690726182;616;26036.999999999996;558;624
1690726183;556;15407.999999999998;5402;676
1690726184;616;24916.999999999996;558;624
1690726185;616;19360.999999999996;610;676
1690726186;556;23029.999999999996;558;1419
1690726187;556;23465.999999999996;1404;676
1690726188;1178;39922.99999999999;558;624
1690726189;735;18465.999999999996;610;676
1690726190;556;28320.999999999996;558;5970
1690726191;616;9542.999999999998;776;928
1690726192;556;22677.999999999996;558;624
1690726193;616;23962.999999999996;5147;676
1690726194;796;22892.999999999996;1051;790
1690726195;556;10742.999999999998;610;676
1690726196;616;33983.99999999999;558;1593
1690726197;490;22875.999999999996;2363;1372
1690726198;616;50990.99999999999;558;1673
1690726199;556;14533.999999999998;610;676
1690726200;616;37728.99999999999;558;6301
1690726201;556;10265.999999999998;610;842
1690726202;616;28254.999999999996;558;911
1690726203;556;42374.99999999999;1167;610
1690726204;616;51800.99999999999;24663;6598
1690726205;556;40120.99999999999;610;676
1690726206;616;79930.99999999999;8173;8007
1690726207;616;22964.999999999996;980;1628
1690726208;556;46231.99999999999;1286;813
1690726209;556;25758.999999999996;610;676
1690726210;616;27036.999999999996;558;6219
1690726211;556;18780.999999999996;610;676
1690726212;616;20540.999999999996;558;624
1690726213;556;20922.999999999996;610;1062
1690726214;616;29884.999999999996;5095;876
1690726215;556;12800.999999999998;610;676
1690726216;616;26734.999999999996;558;624
1690726217;550;11451.999999999998;610;1470
1690726218;1052;52704.99999999999;2297;624
1690726219;556;12990.999999999998;610;676
1690726220;616;40594.99999999999;558;624
1690726221;556;9830.999999999998;813;6021
1690726222;616;20924.999999999996;558;624
1690726223;616;16944.999999999996;793;908
1690726224;556;25714.999999999996;5094;624
1690726225;556;12278.999999999998;610;676
1690726226;616;28755.999999999996;558;624
1690726227;766;15406.999999999998;610;676
1690726228;556;21350.999999999996;624;1484
1690726229;490;31560.999999999996;1338;676
1690726230;616;14705.999999999998;744;790
1690726231;556;38991.99999999999;610;6252
1690726232;736;15008.999999999998;558;2134
1690726233;556;49419.99999999999;610;676
1690726234;1103;15039.999999999998;744;624
1690726235;556;42983.99999999999;5081;676
1690726236;616;24417.999999999996;729;978
1690726237;490;21273.999999999996;799;884
1690726238;616;22566.999999999996;558;1523
1690726239;616;17372.999999999996;610;676
1690726240;556;34205.99999999999;1352;729
1690726241;556;28206.999999999996;610;6020
1690726242;766;14622.999999999998;558;624
1690726243;616;23155.999999999996;842;676
1690726244;556;20467.999999999996;558;624
1690726245;556;19420.999999999996;5213;676
1690726246;616;18983.999999999996;558;558
1690726247;616;23211.999999999996;610;676
1690726248;1178;28501.999999999996;558;1416
1690726249;556;15927.999999999998;610;676
1690726250;616;34545.99999999999;558;624
1690726251;616;24356.999999999996;1636;6205
1690726252;556;18180.999999999996;558;624
1690726253;616;22456.999999999996;610;676
1690726254;15614;25197.999999999996;1051;16409
1690726255;556;11095.999999999998;610;1992
1690726256;56147970;26331.999999999996;5161;3873842
1690726257;117844460;24017.999999999996;610;117279802
1690726258;115594128;39114.99999999999;558;116419104
1690726259;119147050;15559.999999999998;610;119267178
1690726260;116745292;30056.999999999996;558;116972662
1690726261;114617706;20279.999999999996;676;114269980
1690726262;117288354;30286.999999999996;1285;117534652
1690726263;118051652;40381.99999999999;984;116633188
1690726264;116745288;23567.999999999996;741;116672044
1690726265;116671288;36187.99999999999;610;118914654
1690726266;116267650;20485.999999999996;6381;116843902
1690726267;117990110;11961.999999999998;781;114500852
1690726268;115939532;42472.99999999999;761;119524654
1690726269;117116826;22130.999999999996;610;115009438
1690726270;116772016;23829.999999999996;558;117562096
1690726271;116331024;17609.999999999996;610;116500284
1690726272;120220434;77783.99999999999;8466;118072464
1690726273;111808728;16729.999999999996;610;115292450
1690726274;116938962;30360.999999999996;558;116653742
1690726275;117426516;6773.999999999999;610;116140754
1690726276;118884722;14950.999999999998;5227;116390120
1690726277;114707276;25174.999999999996;610;117550512
1690726278;119328660;17981.999999999996;558;117147470
1690726279;116511512;45847.99999999999;610;117604524
1690726280;118779484;13281.999999999998;558;117235296
1690726281;114228252;14763.999999999998;813;117086554
1690726282;119624188;23484.999999999996;741;117101838
1690726283;115093112;6343.999999999999;1278;118819816
1690726284;116303878;33776.99999999999;1290;116218500
1690726285;74471372;34659.99999999999;610;115318589
1690726286;550;13611.999999999998;5252;9712849
1690726287;556;28796.999999999996;610;676
1690726288;616;28426.999999999996;558;624
1690726289;64287066;35623.99999999999;610;14351685
1690726290;114778364;13940.999999999998;558;112430996
1690726291;116510650;25106.999999999996;796;118007312
1690726292;116355702;6856.999999999999;558;115210010
1690726293;114684240;55540.99999999999;610;116316870
1690726294;117227118;28354.999999999996;977;114756386
1690726295;115372476;48470.99999999999;1338;116375182.84789644
1690726296;116735334;13161.999999999998;5094;115027358.63874345
1690726297;48297290;31164.999999999996;799;93985870
1690726298;75727554;21854.999999999996;558;31278880
1690726299;117703946;29661.999999999996;610;115759346
1690726300;114882860;25176.999999999996;624;118695766
1690726301;119450652;20984.999999999996;1518;116201154
1690726302;114292690;18484.999999999996;729;116427042
1690726303;97131712;20258.999999999996;610;114916788
1690726304;50270006;28510.999999999996;724;42816382
1690726305;107378284;19815.999999999996;1460;96013248
1690726306;117853936;19373.999999999996;558;115789298
1690726307;113332984;17826.999999999996;5148;117343044
1690726308;117971400;32769.99999999999;558;114654920
1690726309;117866696;23696.999999999996;610;116745300
1690726310;111097718;15032.999999999998;558;114203498
1690726311;117554390;13974.999999999998;776;116666156
1690726312;115433000;23143.999999999996;558;116544422
1690726313;117410902;15838.999999999998;610;116010024
1690726314;111283054;19088.999999999996;558;116591024
1690726315;15687026;29375.999999999996;1896;62897422
1690726316;106471408;16229.999999999998;558;55119590
1690726317;116103948;20998.999999999996;5355;113356606
1690726318;113545906;24828.999999999996;766;117415248
1690726319;116877840;20652.999999999996;1027;116920156
1690726320;114363708;33039.99999999999;810;114567878
1690726321;60403528;18354.999999999996;610;110638994
1690726322;556;27383.999999999996;558;2472
1690726323;616;40030.99999999999;776;676
1690726324;556;19279.999999999996;558;6081
1690726325;560;47585.99999999999;676;676
1690726326;616;21178.999999999996;1286;624
1690726327;556;24020.999999999996;5350;862
1690726328;616;28229.999999999996;558;624
1690726329;766;20714.999999999996;610;676
1690726330;556;19311.999999999996;558;813
1690726331;556;26639.999999999996;610;859
1690726332;616;22807.999999999996;558;1418
1690726333;556;14266.999999999998;610;676
1690726334;616;24105.999999999996;558;827
1690726335;556;11155.999999999998;610;6199
1690726336;616;18048.999999999996;1417;624
1690726337;616;41315.99999999999;6039;676
1690726338;1118;30560.999999999996;558;624
1690726339;556;28538.999999999996;610;676
1690726340;616;13272.999999999998;558;624
1690726341;616;26945.999999999996;793;676
1690726342;556;9628.999999999998;944;1418
1690726343;616;28253.999999999996;861;1758
1690726344;706;17469.999999999996;741;624
1690726345;556;9596.999999999998;781;6199
1690726346;616;26755.999999999996;1418;795
1690726347;556;26860.999999999996;5213;676
1690726348;616;54506.99999999999;558;558
1690726349;616;22132.999999999996;610;676
1690726350;556;27893.999999999996;558;624
1690726351;1048;11246.999999999998;796;1008
1690726352;616;26185.999999999996;558;1539
1690726353;616;41478.99999999999;610;676
1690726354;556;24011.999999999996;744;624
1690726355;1103;41304.99999999999;610;6266
1690726356;556;30026.999999999996;558;624
1690726357;616;26757.999999999996;1672;676
1690726358;556;31730.999999999996;5095;624
1690726359;706;24272.999999999996;610;676
1690726360;616;18983.999999999996;558;729
1690726361;556;26488.999999999996;610;676
1690726362;616;12821.999999999998;558;1483
1690726363;616;30917.999999999996;796;676
1690726364;556;14227.999999999998;910;624
1690726365;550;28883.999999999996;984;6265
1690726366;616;9728.999999999998;558;624
1690726367;616;29759.999999999996;1473;610
1690726368;1178;30075.999999999996;5138;624
1690726369;676;18109.999999999996;610;884
1690726370;550;36891.99999999999;558;558
1690726371;676;11621.999999999998;776;862
1690726372;616;37596.99999999999;558;1417
1690726373;676;15308.999999999998;610;676
1690726374;706;23257.999999999996;558;624
1690726375;736;14947.999999999998;2308;6382
1690726376;616;22773.999999999996;558;1320
1690726377;556;15914.999999999998;1505;676
1690726378;676;27313.999999999996;5095;624
1690726379;805;27594.999999999996;818;676
1690726380;616;30405.999999999996;724;624
1690726381;616;12757.999999999998;610;842
1690726382;676;27895.999999999996;558;1456
1690726383;616;39320.99999999999;610;908
1690726384;616;15475.999999999998;724;624
1690726385;676;44677.99999999999;610;676
1690726386;616;10630.999999999998;558;6399
1690726387;616;27979.999999999996;813;676
1690726388;616;13469.999999999998;5919;624
1690726389;556;36098.99999999999;610;676
1690726390;766;32566.999999999996;558;813
1690726391;616;11540.999999999998;610;676
1690726392;616;27149.999999999996;558;807
1690726393;616;15610.999999999998;776;1536
1690726394;676;26157.999999999996;724;827
1690726395;616;8960.999999999998;897;676
1690726396;676;21291.999999999996;558;6213
1690726397;676;16810.999999999996;813;676
1690726398;1178;23010.999999999996;5922;624
1690726399;616;46360.99999999999;910;676
1690726400;616;19198.999999999996;945;624
1690726401;676;24315.999999999996;776;676
1690726402;745;14181.999999999998;1012;624
1690726403;805;22246.999999999996;976;1636
1690726404;616;14712.999999999998;558;876
1690726405;826;19882.999999999996;715;1645
1690726406;616;22986.999999999996;558;6229
1690726407;676;19600.999999999996;1595;676
1690726408;556;27585.999999999996;624;624
1690726409;676;41432.99999999999;5852;676
1690726410;676;29384.999999999996;744;558
1690726411;616;23681.999999999996;796;676
1690726412;616;21206.999999999996;655;956
1690726413;556;43748.99999999999;765;1469
1690726414;616;19139.999999999996;558;624
1690726415;1043;36552.99999999999;610;676
1690726416;616;25513.999999999996;558;6082
1690726417;556;16567.999999999996;799;676
1690726418;616;12529.999999999998;558;624
1690726419;556;32790.99999999999;5874;676
1690726420;826;42689.99999999999;558;729
1690726421;616;17164.999999999996;610;676
1690726422;676;15635.999999999998;558;624
1690726423;616;27978.999999999996;610;742
1690726424;676;14690.999999999998;724;1355
1690726425;735;18586.999999999996;610;610
1690726426;550;21209.999999999996;744;6148
1690726427;616;23280.999999999996;610;676
1690726428;1238;30900.999999999996;558;1035
1690726429;616;22610.999999999996;5148;879
1690726430;676;41206.99999999999;1353;721
1690726431;616;17046.999999999996;610;765
1690726432;676;20144.999999999996;558;1951
1690726433;550;15468.999999999998;610;676
1690726434;676;27186.999999999996;558;1422
1690726435;766;11311.999999999998;1208;676
1690726436;616;16177.999999999998;558;912
1690726437;550;18685.999999999996;610;6693
1690726438;676;40440.99999999999;558;624
1690726439;676;26171.999999999996;5148;676
1690726440;556;42364.99999999999;1726;624
1690726441;556;19126.999999999996;610;676
1690726442;616;14751.999999999998;558;624
1690726443;616;51171.99999999999;610;842
1690726444;556;20469.999999999996;558;690
1690726445;556;42899.99999999999;610;1404
1690726446;616;18507.999999999996;558;624
1690726447;616;13581.999999999998;715;6385
1690726448;556;43500.99999999999;558;624
1690726449;616;14135.999999999998;5147;676
1690726450;706;49246.99999999999;1352;979
1690726451;556;18610.999999999996;610;1029
1690726452;616;21888.999999999996;558;807
1690726453;556;15546.999999999998;610;676
1690726454;616;35961.99999999999;558;624
1690726455;676;8828.999999999998;610;1795
1690726456;616;25489.999999999996;724;624
1690726457;616;14677.999999999998;1662;6266
1690726458;1238;14830.999999999998;558;624
1690726459;616;22898.999999999996;813;676
1690726460;676;29263.999999999996;5394;624
1690726461;676;40198.99999999999;1338;676
1690726462;556;18233.999999999996;927;624
1690726463;676;20249.999999999996;976;676
1690726464;616;24894.999999999996;558;624
1690726465;766;14494.999999999998;715;1635
1690726466;676;18932.999999999996;558;624
1690726467;616;18741.999999999996;610;781
1690726468;676;21904.999999999996;558;6147
1690726469;616;28106.999999999996;610;676
1690726470;676;17742.999999999996;5161;810
1690726471;676;36931.99999999999;1470;928
1690726472;556;17845.999999999996;558;790
1690726473;616;48287.99999999999;796;676
1690726474;676;19900.999999999996;558;624
1690726475;1163;44787.99999999999;610;1470
1690726476;556;18980.999999999996;558;624
1690726477;556;17889.999999999996;799;676
1690726478;616;24244.999999999996;558;6254
1690726479;616;11576.999999999998;610;676
1690726480;706;27212.999999999996;5162;795
1690726481;556;25083.999999999996;742;676
1690726482;616;31879.999999999996;1285;1532
1690726483;616;30097.999999999996;1713;610
1690726484;556;20207.999999999996;724;558
1690726485;556;19336.999999999996;796;1536
1690726486;616;16124.999999999998;558;558
1690726487;616;17804.999999999996;610;676
1690726488;1118;44856.99999999999;558;6488
1690726489;556;21154.999999999996;610;676
1690726490;616;22270.999999999996;5188;624
1690726491;556;24156.999999999996;610;879
1690726492;616;31799.999999999996;1355;624
1690726493;556;23272.999999999996;610;676
1690726494;616;16709.999999999996;558;624
1690726495;766;26929.999999999996;715;676
1690726496;556;20021.999999999996;1051;1486
1690726497;616;18859.999999999996;610;1457
1690726498;556;24353.999999999996;558;6148
1690726499;556;28588.999999999996;610;676
1690726500;676;20718.999999999996;932;624
1690726501;490;20310.999999999996;5148;676
1690726502;616;28980.999999999996;1355;624
1690726503;616;52094.99999999999;610;842
1690726504;556;21867.999999999996;558;1671
1690726505;556;43674.99999999999;610;676
1690726506;745;17250.999999999996;558;1585
1690726507;616;17914.999999999996;715;862
1690726508;556;26235.999999999996;558;6213
1690726509;736;28577.999999999996;610;676
1690726510;766;22829.999999999996;558;813
1690726511;616;61483.99999999999;24627;6650
1690726512;1966;79299.99999999999;8799;8107
1690726513;616;30174.999999999996;610;859
1690726514;556;24579.999999999996;558;624
1690726515;556;9681.999999999998;610;879
1690726516;616;29477.999999999996;724;1483
1690726517;616;10153.999999999998;610;676
1690726518;1188;17839.999999999996;558;624
1690726519;490;27996.999999999996;813;6199
1690726520;616;23733.999999999996;558;624
1690726521;616;23464.999999999996;5213;676
1690726522;556;17654.999999999996;724;624
1690726523;556;31474.999999999996;2039;676
1690726524;616;23426.999999999996;845;624
1690726525;895;20412.999999999996;610;3552
1690726526;556;28331.999999999996;558;690
1690726527;556;12710.999999999998;1579;2930
1690726528;745;57763.99999999999;558;1258
1690726529;556;16470.999999999996;610;6188
1690726530;616;27709.999999999996;558;724
1690726531;616;12906.999999999998;610;776
1690726532;556;29847.999999999996;5095;744
1690726533;556;48180.99999999999;1690;963
1690726534;616;33658.99999999999;558;558
1690726535;1103;34298.99999999999;610;610
1690726536;556;30079.999999999996;558;558
1690726537;556;12256.999999999998;799;1471
1690726538;616;34602.99999999999;558;558
1690726539;616;57147.99999999999;7796;30233
1690726540;706;32599.999999999996;558;558
1690726541;616;11033.999999999998;610;610
1690726542;556;32473.999999999996;5095;558
1690726543;556;20462.999999999996;1403;610
1690726544;616;30733.999999999996;724;558
1690726545;616;13732.999999999998;610;610
1690726546;616;30073.999999999996;744;558
1690726547;556;10991.999999999998;610;1404
1690726548;1178;35762.99999999999;558;766
1690726549;556;14498.999999999998;610;610
1690726550;616;30727.999999999996;558;6366
1690726551;556;9388.999999999998;610;813
1690726552;735;33033.99999999999;5095;558
1690726553;616;25353.999999999996;1416;610
1690726554;556;28275.999999999996;1544;558
1690726555;706;16323.999999999998;610;610
1690726556;616;24311.999999999996;1051;558
1690726557;616;13721.999999999998;610;2150
1690726558;556;36847.99999999999;558;558
1690726559;556;21745.999999999996;610;610
1690726560;616;21609.999999999996;932;6327
1690726561;490;18005.999999999996;610;610
1690726562;616;17492.999999999996;5095;558
1690726563;616;63094.99999999999;1404;776
1690726564;556;16607.999999999996;558;558
1690726565;556;45739.99999999999;610;610
1690726566;616;17176.999999999996;558;744
1690726567;556;21776.999999999996;781;610
1690726568;616;36539.99999999999;558;2458
1690726569;616;21155.999999999996;610;610
1690726570;706;32733.999999999996;558;7434
1690726571;556;19856.999999999996;610;610
1690726572;616;17218.999999999996;5095;724
1690726573;616;43825.99999999999;1403;793
1690726574;556;16820.999999999996;558;558
1690726575;616;23185.999999999996;610;879
1690726576;556;19110.999999999996;724;558
1690726577;676;22937.999999999996;610;610
1690726578;1118;34792.99999999999;558;1418
1690726579;556;22772.999999999996;610;610
1690726580;550;25595.999999999996;761;6326
1690726581;616;14656.999999999998;610;610
1690726582;556;17715.999999999996;724;558
1690726583;616;31545.999999999996;5147;610
1690726584;556;30845.999999999996;1921;558
1690726585;706;29591.999999999996;610;776
1690726586;616;14999.999999999998;729;558
1690726587;616;20583.999999999996;610;781
1690726588;556;31321.999999999996;558;1418
1690726589;616;22354.999999999996;610;610
1690726590;616;27498.999999999996;558;6326
1690726591;616;17520.999999999996;610;610
1690726592;556;15860.999999999998;558;744
1690726593;616;52635.99999999999;5333;776
1690726594;556;27518.999999999996;1352;558
1690726595;1043;48039.99999999999;610;610
1690726596;616;18277.999999999996;558;558
1690726597;616;22003.999999999996;799;610
1690726598;556;29496.999999999996;558;1352
1690726599;556;21486.999999999996;610;610
1690726600;766;21402.999999999996;558;6366
1690726601;616;20720.999999999996;793;610
1690726602;556;21624.999999999996;866;558
1690726603;556;21365.999999999996;5150;610
1690726604;616;31431.999999999996;1357;558
1690726605;556;29598.999999999996;1816;610
1690726606;616;18848.999999999996;558;558
1690726607;616;17512.999999999996;796;610
1690726608;1118;33131.99999999999;558;1519
1690726609;556;25561.999999999996;610;818
1690726610;616;24783.999999999996;558;6393
1690726611;556;18660.999999999996;610;813
1690726612;616;18798.999999999996;558;558
1690726613;550;19661.999999999996;5269;610
1690726614;556;38651.99999999999;558;558
1690726615;706;16082.999999999998;1572;610
1690726616;616;28987.999999999996;2270;558
1690726617;616;18056.999999999996;610;964
1690726618;556;34627.99999999999;558;1051
1690726619;685;20652.999999999996;610;1471
1690726620;616;21384.999999999996;724;6327
1690726621;556;19537.999999999996;818;610
1690726622;616;16852.999999999996;558;558
1690726623;616;47389.99999999999;5147;776
1690726624;556;33997.99999999999;558;558
1690726625;556;40490.99999999999;1404;610
1690726626;616;26144.999999999996;558;744
1690726627;616;18893.999999999996;781;610
1690726628;556;34022.99999999999;558;558
1690726629;616;23087.999999999996;610;1408
1690726630;706;22607.999999999996;558;747
1690726631;616;18622.999999999996;610;6312
1690726632;556;16630.999999999996;558;724
1690726633;556;23308.999999999996;5147;793
1690726634;616;28903.999999999996;558;558
1690726635;616;21180.999999999996;1407;610
1690726636;616;23091.999999999996;724;827
1690726637;616;19676.999999999996;610;1701
1690726638;1118;35582.99999999999;558;558
1690726639;616;27764.999999999996;610;1525
1690726640;556;25096.999999999996;761;1605
1690726641;745;17764.999999999996;610;6289
1690726642;556;16468.999999999996;724;558
1690726643;685;22407.999999999996;610;610
1690726644;616;27193.999999999996;5481;558
1690726645;706;30762.999999999996;1404;776
1690726646;616;22616.999999999996;729;558
1690726647;616;15867.999999999998;610;610
1690726648;556;39127.99999999999;558;729
1690726649;556;28416.999999999996;610;1403
1690726650;616;21870.999999999996;747;558
1690726651;616;26970.999999999996;799;6498
1690726652;556;13128.999999999998;558;558
1690726653;556;48419.99999999999;1114;776
1690726654;616;10333.999999999998;5095;558
1690726655;1103;66129.99999999999;1898;610
1690726656;556;16026.999999999998;558;558
1690726657;556;25842.999999999996;863;610
1690726658;616;22292.999999999996;558;1051
1690726659;616;34450.99999999999;610;2218
1690726660;706;18053.999999999996;558;1098
1690726661;556;24918.999999999996;610;6355
1690726662;616;9656.999999999998;558;810
1690726663;616;27727.999999999996;793;610
1690726664;556;13926.999999999998;5110;558
1690726665;616;42812.99999999999;776;610
1690726666;556;9239.999999999998;1353;558
1690726667;556;28772.999999999996;610;610
1690726668;1178;26346.999999999996;744;558
1690726669;556;29279.999999999996;610;1681
1690726670;616;19040.999999999996;558;558
1690726671;735;32287.999999999996;610;6647
1690726672;556;8684.999999999998;558;558
1690726673;556;31046.999999999996;610;610
1690726674;616;8724.999999999998;5096;558
1690726675;706;38226.99999999999;610;610
1690726676;616;15598.999999999998;1352;558
1690726677;556;29325.999999999996;610;793
1690726678;616;25716.999999999996;558;558
1690726679;556;28875.999999999996;610;1404
1690726680;676;21627.999999999996;558;558
1690726681;556;28068.999999999996;984;6312
1690726682;616;14816.999999999998;558;724
1690726683;616;47014.99999999999;781;610
1690726684;676;15778.999999999998;5095;558
1690726685;616;54684.99999999999;610;610
1690726686;676;22155.999999999996;1351;558
1690726687;616;30262.999999999996;715;610
1690726688;676;31519.999999999996;558;558
1690726689;616;25404.999999999996;610;715
1690726690;826;25559.999999999996;1527;1520
1690726691;676;19686.999999999996;610;6567
1690726692;556;16209.999999999998;558;724
1690726693;616;27011.999999999996;1596;1001
1690726694;676;18759.999999999996;558;876
1690726695;616;21650.999999999996;5147;610
1690726696;676;26603.999999999996;1619;747
1690726697;676;22846.999999999996;610;610
1690726698;616;33025.99999999999;558;876
1690726699;1178;22379.999999999996;610;610
1690726700;616;20248.999999999996;558;1418
1690726701;676;18628.999999999996;813;610
1690726702;616;15384.999999999998;724;6259
1690726703;556;24163.999999999996;793;610
1690726704;616;17831.999999999996;761;558
1690726705;766;25167.999999999996;5147;776
1690726706;556;30557.999999999996;1352;558
1690726707;616;20256.999999999996;610;610
1690726708;676;51435.99999999999;558;558
1690726709;616;22427.999999999996;610;610
1690726710;676;30705.999999999996;558;1351
1690726711;676;16064.999999999998;610;610
1690726712;616;18728.999999999996;558;6446
1690726713;616;48242.99999999999;985;776
1690726714;676;15443.999999999998;558;558
1690726715;1163;46536.99999999999;5174;610
1690726716;556;30402.999999999996;724;558
1690726717;550;23936.999999999996;2234;1649
1690726718;676;36613.99999999999;968;558
1690726719;616;23292.999999999996;610;715
1690726720;826;24216.999999999996;766;2114
1690726721;616;18207.999999999996;818;610
1690726722;676;15823.999999999998;876;6512
1690726723;616;26785.999999999996;610;1827
1690726724;616;15387.999999999998;741;811
1690726725;676;26225.999999999996;5336;610
1690726726;676;27843.999999999996;558;558
1690726727;616;23056.999999999996;1471;610
1690726728;1118;41131.99999999999;744;558
1690726729;556;20970.999999999996;610;610
1690726730;616;26028.999999999996;558;761
1690726731;835;24015.999999999996;610;1409
1690726732;556;17647.999999999996;558;6326
1690726733;556;20711.999999999996;610;610
