Time;{instance="10.231.0.208:9100"};{instance="192.168.221.10:9100"};{instance="192.168.221.11:9100"};{instance="192.168.221.12:9100"}
1690725233;11981;33567.99999999999;12130;15450
1690725234;21320;59628.99999999999;12077;14012
1690725235;97890497;76174.99999999999;12076;87960
1690725236;114779194;13566.999999999998;12061;127195
1690725237;114186983;111773.99999999999;12079;150708
1690725238;116493154;29701.999999999996;12058;147180
1690725239;116496667;26557.999999999996;12129;156240
1690725240;119319867;111176.99999999999;12122;168883
1690725241;114776756;24546.999999999996;12870;145680
1690725242;114640320;93217.99999999999;12733;160116
1690725243;118170228;85389.99999999999;12120;151358
1690725244;115567100;20437.999999999996;12070;158964
1690725245;115239142;59744.99999999999;12050;148404
1690725246;39573269;36335.99999999999;12068;99324
1690725247;66768270;79007.99999999999;12063;15984
1690725248;115275895;56112.99999999999;12324;156240
1690725249;103005631;86971.99999999999;12066;118428
1690725250;113643420;13547.999999999998;12060;132774
1690725251;115813811;61229.99999999999;12801;166830
1690725252;115666829;19174.999999999996;12894;158172
1690725253;118292314;20205.999999999996;12083;151526
1690725254;116329021;15529.999999999998;12465;161154
1690725255;114454388;26711.999999999996;12062;156468
1690725256;116945621;22478.999999999996;12127;160518
1690725257;116537478;13569.999999999998;12062;163200
1690725258;109815625;28823.999999999996;12072;135294
1690725259;116291641;22081.999999999996;12133;136236
1690725260;116070016;35493.99999999999;12075;165966
1690725261;117667376;13719.999999999998;12078;171996
1690725262;118307062;23519.999999999996;12742;155730
1690725263;113533938;19094.999999999996;12418;172736
1690725264;116146294;21979.999999999996;12060;131652
1690725265;114230373;14307.999999999998;12191;163872
1690725266;2594760;26770.999999999996;12480;57288
1690725267;11869;32681.999999999996;12137;14979
1690725268;11878;24294.999999999996;12064;15000
1690725269;11876;38301.99999999999;12072;15321
1690725270;11878;18410.999999999996;12073;15672
1690725271;95582770;28238.999999999996;12067;50702
1690725272;114197647;18501.999999999996;12063;129674
1690725273;118776486;85312.99999999999;13382;122354
1690725274;117251338;13564.999999999998;12133;128580
1690725275;114743047;34053.99999999999;12071;115692
1690725276;115750718;15822.999999999998;12061;125652
1690725277;115296393;27720.999999999996;12045;126438
1690725278;82476222;23241.999999999996;12219;88638
1690725279;37230876;33087.99999999999;12038;24738
1690725280;67932116;22150.999999999996;12068;15018
1690725281;116205166;20912.999999999996;12047;114318
1690725282;115332025;13572.999999999998;12066;130344
1690725283;118804092;22943.999999999996;13964;132842
1690725284;101159921;17765.999999999996;12045;119252
1690725285;54453132;57359.99999999999;13052;52014
1690725286;7788787;83129.99999999999;12241;15231
1690725287;75080320;13562.999999999998;12048;29508
1690725288;113302020;41853.99999999999;12062;101076
1690725289;118304270;17918.999999999996;12049;126948
1690725290;110992489;40320.99999999999;12063;123012
1690725291;116966072;13926.999999999998;12053;117360
1690725292;116560705;18301.999999999996;12075;117372
1690725293;111353484;22807.999999999996;12931;121414
1690725294;11982189;19073.999999999996;12062;57228
1690725295;11879;22947.999999999996;12070;15492
1690725296;11870;19680.999999999996;12470;14984
1690725297;11866;13577.999999999998;12049;14976
1690725298;11926;18351.999999999996;12061;14970
1690725299;11875;40017.99999999999;12058;14984
1690725300;11877;26007.999999999996;12044;15345
1690725301;11885;27401.999999999996;12070;15668
1690725302;11879;13962.999999999998;12134;15060
1690725303;11885;69875.99999999999;12066;15072
1690725304;11888;13741.999999999998;12750;15032
1690725305;11876;35819.99999999999;12188;15390
1690725306;11890;18179.999999999996;12465;14989
1690725307;11880;31112.999999999996;12070;14992
1690725308;11954;32132.999999999996;12080;14976
1690725309;11883;32169.999999999996;12069;14970
1690725310;11871;14886.999999999998;12060;15274
1690725311;11881;29043.999999999996;12071;14977
1690725312;11868;13566.999999999998;12130;15734
1690725313;11880;23597.999999999996;12399;14964
1690725314;11881;16291.999999999998;12068;14975
1690725315;11876;13701.999999999998;12748;14983
1690725316;11883;24538.999999999996;12661;14977
1690725317;11891;23780.999999999996;12068;14987
1690725318;11875;39175.99999999999;12063;14994
1690725319;11867;18780.999999999996;12134;15033
1690725320;11878;30990.999999999996;12083;15238
1690725321;11874;14433.999999999998;12079;14979
1690725322;11865;25142.999999999996;12070;15722
1690725323;12200;15666.999999999998;12242;14962
1690725324;12104;21970.999999999996;12085;15141
1690725325;11885;15195.999999999998;12271;15466
1690725326;11883;29087.999999999996;13259;14980
1690725327;11864;17859.999999999996;12996;14963
1690725328;11868;20083.999999999996;12067;14982
1690725329;11877;31743.999999999996;12066;14971
1690725330;11878;32829.99999999999;12066;15234
1690725331;11878;21258.999999999996;12076;15040
1690725332;11880;14606.999999999998;12083;15833
1690725333;11880;71786.99999999999;12075;15041
1690725334;11886;23355.999999999996;12687;15047
1690725335;11878;19195.999999999996;12065;15244
1690725336;11873;24922.999999999996;12608;14973
1690725337;11882;21316.999999999996;13384;14995
1690725338;11968;22732.999999999996;12070;14986
1690725339;11885;24985.999999999996;12076;14979
1690725340;11876;32274.999999999996;12073;15312
1690725341;11881;13576.999999999998;12081;14976
1690725342;11885;36305.99999999999;12096;15846
1690725343;11879;19496.999999999996;12088;14971
1690725344;11896;24334.999999999996;12068;14965
1690725345;11871;13549.999999999998;12080;14977
1690725346;11876;27213.999999999996;12093;14964
1690725347;11876;18020.999999999996;13399;14963
1690725348;11867;13676.999999999998;12072;14982
1690725349;11863;38856.99999999999;12086;15149
1690725350;11888;21570.999999999996;12143;14993
1690725351;11878;30038.999999999996;12155;15382
1690725352;11879;17864.999999999996;12485;14979
1690725353;11979;23026.999999999996;12148;16016
1690725354;11880;21260.999999999996;12072;15052
1690725355;11877;18106.999999999996;12080;14978
1690725356;11867;19780.999999999996;12088;14963
1690725357;11893;22220.999999999996;12897;14986
1690725358;11881;24545.999999999996;12581;15032
1690725359;11885;33404.99999999999;12060;15354
1690725360;11874;17996.999999999996;12078;14988
1690725361;11891;37868.99999999999;12080;15320
1690725362;11879;16288.999999999998;12199;14994
1690725363;11962;81019.99999999999;12152;15784
1690725364;11868;17953.999999999996;12466;15051
1690725365;11879;16237.999999999998;12087;15028
1690725366;11873;19687.999999999996;12087;14984
1690725367;11880;24152.999999999996;12901;14974
1690725368;11970;37635.99999999999;12579;14959
1690725369;11966;19592.999999999996;12075;14972
1690725370;11869;21140.999999999996;12081;14973
1690725371;11896;25002.999999999996;12077;15316
1690725372;11895;26437.999999999996;12081;15521
1690725373;11897;15034.999999999998;12157;15122
1690725374;11927;13560.999999999998;12076;15739
1690725375;11885;23068.999999999996;12075;15189
1690725376;11888;19374.999999999996;12076;14984
1690725377;11886;18063.999999999996;12752;14992
1690725378;11881;42656.99999999999;12705;14977
1690725379;11878;15580.999999999998;12134;15043
1690725380;11888;28176.999999999996;12128;14990
1690725381;11892;15868.999999999998;12438;15336
1690725382;11872;25443.999999999996;12077;14987
1690725383;11887;20610.999999999996;12248;15149
1690725384;11958;15174.999999999998;12081;14997
1690725385;11875;21868.999999999996;12135;14992
1690725386;11868;24572.999999999996;12209;15729
1690725387;11872;22257.999999999996;12311;14983
1690725388;11887;20998.999999999996;12954;14992
1690725389;11888;28800.999999999996;12501;14984
1690725390;11888;24181.999999999996;12154;14987
1690725391;11887;29509.999999999996;12076;15260
1690725392;11880;17986.999999999996;12590;15121
1690725393;11901;74722.99999999999;12084;14994
1690725394;11874;20697.999999999996;12136;15128
1690725395;11873;16157.999999999998;12089;15000
1690725396;11874;20086.999999999996;12067;15188
1690725397;11888;19201.999999999996;12049;15863
1690725398;11891;23977.999999999996;12883;15323
1690725399;11964;46080.99999999999;12493;14993
1690725400;11890;13871.999999999998;12061;14981
1690725401;11885;26098.999999999996;12075;15340
1690725402;11887;15399.999999999998;12080;14993
1690725403;11879;29698.999999999996;12084;14987
1690725404;11928;13586.999999999998;12080;15012
1690725405;11884;22643.999999999996;12089;14988
1690725406;11880;21599.999999999996;12081;15005
1690725407;11879;16210.999999999998;12067;15838
1690725408;11898;35736.99999999999;12464;14996
1690725409;11894;29892.999999999996;13255;15161
1690725410;11882;26665.999999999996;12133;14980
1690725411;11890;18716.999999999996;12075;14985
1690725412;11873;22911.999999999996;12136;15380
1690725413;11888;15886.999999999998;12310;15155
1690725414;11974;15216.999999999998;12086;15575
1690725415;11890;28346.999999999996;12076;14992
1690725416;11875;27744.999999999996;12073;15125
1690725417;11885;15019.999999999998;12077;15799
1690725418;11881;22028.999999999996;12462;14989
1690725419;11877;48474.99999999999;12510;15057
1690725420;11894;17541.999999999996;12815;14982
1690725421;11889;17983.999999999996;12081;14992
1690725422;11891;24850.999999999996;12143;15307
1690725423;11883;45026.99999999999;12082;14990
1690725424;11885;38050.99999999999;12137;15039
1690725425;11881;18393.999999999996;12046;14977
1690725426;11890;23221.999999999996;12087;15051
1690725427;11888;18045.999999999996;12079;15860
1690725428;11897;13748.999999999998;12070;15003
1690725429;11959;46419.99999999999;12640;15057
1690725430;11883;17103.999999999996;12999;15038
1690725431;11888;24599.999999999996;12476;15309
1690725432;11888;16154.999999999998;12380;15307
1690725433;11884;29714.999999999996;12127;14997
1690725434;11924;13529.999999999998;12060;15005
1690725435;11867;31735.999999999996;12069;15013
1690725436;11885;16160.999999999998;12071;14993
1690725437;11883;26534.999999999996;12063;15737
1690725438;11881;18231.999999999996;12066;14989
1690725439;11893;28738.999999999996;12065;15050
1690725440;11901;25019.999999999996;13258;14987
1690725441;11886;16035.999999999998;12200;14918
1690725442;11895;25469.999999999996;12124;15252
1690725443;11888;21390.999999999996;12240;14979
1690725444;11986;15744.999999999998;12063;15158
1690725445;11892;18638.999999999996;12049;14986
1690725446;11875;16110.999999999998;12196;15113
1690725447;11874;41909.99999999999;12063;15793
1690725448;11876;22661.999999999996;12069;15118
1690725449;11879;27351.999999999996;12129;15391
1690725450;11882;19750.999999999996;12580;15303
1690725451;11877;35432.99999999999;12860;15208
1690725452;11877;19574.999999999996;12309;15047
1690725453;11893;47124.99999999999;12071;15316
1690725454;11884;39854.99999999999;12131;14985
1690725455;11882;15249.999999999998;12074;14994
1690725456;11899;22886.999999999996;12069;15189
1690725457;11889;29439.999999999996;12065;15316
1690725458;11890;18117.999999999996;12082;15844
1690725459;11975;38643.99999999999;12078;15046
1690725460;11892;27773.999999999996;12567;14972
1690725461;11877;24119.999999999996;12866;14975
1690725462;23096;18902.999999999996;12088;17517
1690725463;11868;36023.99999999999;12086;15319
1690725464;93736712;14744.999999999998;12076;71542
1690725465;118130425;29437.999999999996;12058;167394
1690725466;115016394;13583.999999999998;12055;158538
1690725467;119360793;36235.99999999999;12048;163500
1690725468;115984865;17168.999999999996;12072;160494
1690725469;39159114;34244.99999999999;12082;107286
1690725470;87839462;20570.999999999996;12574;51222
1690725471;118978826;27922.999999999996;12880;164418
1690725472;115743234;19486.999999999996;12143;172932
1690725473;119062001;23399.999999999996;12150;180294
1690725474;115613680;15610.999999999998;12090;159100
1690725475;116760686;16382.999999999998;12083;150462
1690725476;116506749;19075.999999999996;12074;171072
1690725477;117117331;17476.999999999996;12075;162906
1690725478;113391021;15907.999999999998;12080;156246
1690725479;118677424;31666.999999999996;12058;148830
1690725480;117084242;39325.99999999999;12453;162528
1690725481;116171262;13623.999999999998;12721;159996
1690725482;113520135;26698.999999999996;12952;156222
1690725483;114068184;88644.99999999999;12081;146628
1690725484;115374708;43057.99999999999;12392;132536
1690725485;116754739;16104.999999999998;12058;155118
1690725486;116466057;19495.999999999996;12076;160722
1690725487;117021498;16259.999999999998;12074;161610
1690725488;118294244;17981.999999999996;12059;159552
1690725489;116306474;27636.999999999996;12070;163014
1690725490;117175966;31209.999999999996;12144;165462
1690725491;108176630;33392.99999999999;12946;149574
1690725492;85353992;14518.999999999998;12827;85308
1690725493;118822082;19936.999999999996;12869;155970
1690725494;72238614;19634.999999999996;12077;143108
1690725495;11883;22429.999999999996;12067;14698
1690725496;11881;13890.999999999998;12068;14990
1690725497;11878;21378.999999999996;12078;14617
1690725498;11870;20601.999999999996;12069;14630
1690725499;11861;44927.99999999999;12076;14684
1690725500;11877;27615.999999999996;12084;15445
1690725501;11869;22159.999999999996;12584;14599
1690725502;11866;13743.999999999998;12138;14630
1690725503;11877;31177.999999999996;12877;14609
1690725504;11945;18321.999999999996;12076;15043
1690725505;11878;23008.999999999996;12059;14615
1690725506;11865;13737.999999999998;12063;14628
1690725507;11869;27326.999999999996;12135;14611
1690725508;11873;21351.999999999996;12134;14596
1690725509;11875;28755.999999999996;12069;14615
1690725510;11879;28122.999999999996;12078;15502
1690725511;12025;23245.999999999996;12586;14618
1690725512;11865;18653.999999999996;12307;14625
1690725513;11870;42701.99999999999;12976;14633
1690725514;11879;57669.99999999999;12305;14782
1690725515;11871;16521.999999999996;12085;15137
1690725516;11877;22870.999999999996;12084;14627
1690725517;12011;13685.999999999998;12074;14679
1690725518;11870;24283.999999999996;12056;14616
1690725519;11953;26520.999999999996;12066;14690
1690725520;11858;28001.999999999996;12063;14635
1690725521;11869;26933.999999999996;12343;15427
1690725522;11868;16178.999999999998;12074;14689
1690725523;11862;31504.999999999996;12821;14632
1690725524;12292;19335.999999999996;12072;15218
1690725525;11881;18221.999999999996;12078;15135
1690725526;11882;21450.999999999996;12059;14622
1690725527;11885;18926.999999999996;12064;14550
1690725528;11864;37373.99999999999;12073;14624
1690725529;11861;13908.999999999998;12071;14793
1690725530;11873;30802.999999999996;12076;14614
1690725531;11878;18271.999999999996;12412;15311
1690725532;11877;20918.999999999996;12136;14835
1690725533;11879;28261.999999999996;12948;14621
1690725534;11955;21605.999999999996;12075;14690
1690725535;11869;25452.999999999996;12084;15265
1690725536;11857;18222.999999999996;12077;14693
1690725537;11868;15618.999999999998;12078;14633
1690725538;11858;25141.999999999996;12087;14687
1690725539;11862;26872.999999999996;12149;14641
1690725540;11872;26309.999999999996;12146;14992
1690725541;11884;23933.999999999996;12389;14682
1690725542;11876;29279.999999999996;12615;15413
1690725543;11882;53360.99999999999;12080;14604
1690725544;11871;41850.99999999999;12902;14615
1690725545;11869;24946.999999999996;12128;15109
1690725546;11863;19231.999999999996;12069;14664
1690725547;11881;18402.999999999996;12131;14597
1690725548;11875;32345.999999999996;12141;14617
1690725549;11971;17071.999999999996;12368;14686
1690725550;11874;22753.999999999996;12070;14668
1690725551;11872;21898.999999999996;12134;14930
1690725552;11891;23754.999999999996;12575;15624
1690725553;11877;21637.999999999996;12128;14960
1690725554;11896;24575.999999999996;12939;14613
1690725555;11877;18135.999999999996;12070;14627
1690725556;11884;20033.999999999996;12140;15195
1690725557;11880;23864.999999999996;12139;14612
1690725558;11870;25637.999999999996;12918;14609
1690725559;11878;30317.999999999996;12078;14681
1690725560;11868;13562.999999999998;12060;14620
1690725561;11864;30875.999999999996;12075;14583
1690725562;11875;18948.999999999996;12644;14608
1690725563;11894;36185.99999999999;12091;15426
1690725564;11985;19785.999999999996;12743;14611
1690725565;11880;25843.999999999996;12209;14595
1690725566;11883;17070.999999999996;12076;15124
1690725567;11891;24006.999999999996;12084;14591
1690725568;11877;22032.999999999996;12155;14600
1690725569;11878;25378.999999999996;12068;14606
1690725570;11869;18366.999999999996;12083;14670
1690725571;11877;18055.999999999996;12479;14596
1690725572;11893;27895.999999999996;12875;15357
1690725573;11889;49310.99999999999;12146;15415
1690725574;11888;50356.99999999999;12088;14626
1690725575;11881;19082.999999999996;12953;14626
1690725576;11875;32964.99999999999;12077;15119
1690725577;11871;16013.999999999998;12080;14621
1690725578;11874;41328.99999999999;12068;14683
1690725579;11966;13727.999999999998;12242;14685
1690725580;11894;31137.999999999996;12070;14597
1690725581;11907;17799.999999999996;12057;14846
1690725582;11896;22871.999999999996;12582;14620
1690725583;11889;16408.999999999996;12096;14617
1690725584;11909;29165.999999999996;12080;15441
1690725585;11870;18978.999999999996;12887;14623
1690725586;11875;33705.99999999999;12080;15107
1690725587;11875;13562.999999999998;12098;14607
1690725588;11885;29978.999999999996;12074;14586
1690725589;11874;27275.999999999996;12072;14779
1690725590;11880;13962.999999999998;12080;14601
1690725591;11870;27526.999999999996;12075;14674
1690725592;11877;108156.99999999999;12407;14691
1690725593;11869;35896.99999999999;14414;14998
1690725594;11955;15765.999999999998;12076;15426
1690725595;11865;27071.999999999996;12096;14604
1690725596;11878;18437.999999999996;12826;14628
1690725597;11851;25217.999999999996;12072;15182
1690725598;11869;22483.999999999996;12086;14604
1690725599;11877;28560.999999999996;12076;14597
1690725600;11865;15669.999999999998;12082;14670
1690725601;11858;22626.999999999996;12154;14697
1690725602;11884;23692.999999999996;12148;14602
1690725603;11891;55651.99999999999;12520;14989
1690725604;11873;44871.99999999999;12082;15657
1690725605;11876;25212.999999999996;12140;14606
1690725606;11865;19380.999999999996;12875;14689
1690725607;11866;27247.999999999996;12065;15015
1690725608;11881;25150.999999999996;12067;14614
1690725609;11957;18716.999999999996;12137;14608
1690725610;11881;17693.999999999996;12081;14612
1690725611;11873;21641.999999999996;12142;14698
1690725612;11859;22291.999999999996;12139;14671
1690725613;11882;30825.999999999996;12648;14666
1690725614;11914;18145.999999999996;12148;15428
1690725615;25280;27980.999999999996;12085;14623
1690725616;103193432;35741.99999999999;12887;69329
1690725617;117201441;20463.999999999996;12077;129858
1690725618;116381298;27213.999999999996;12129;130338
1690725619;117136826;28058.999999999996;12063;135762
1690725620;115074991;17484.999999999996;12052;129846
1690725621;117036032;22006.999999999996;12063;121890
1690725622;111015639;13563.999999999998;12153;133578
1690725623;118031997;30604.999999999996;12586;135132
1690725624;113656689;21680.999999999996;12075;126560
1690725625;116794024;28723.999999999996;12071;117564
1690725626;119194635;18513.999999999996;12131;126384
1690725627;117117123;24840.999999999996;12953;129900
1690725628;113243331;47059.99999999999;12397;129804
1690725629;117945070;23303.999999999996;12125;121698
1690725630;118036498;29227.999999999996;12082;129408
1690725631;116100581;18344.999999999996;12074;121956
1690725632;119063725;18586.999999999996;12066;124308
1690725633;115618202;52084.99999999999;12559;130644
1690725634;116429524;45714.99999999999;12136;127226
1690725635;69350664;18547.999999999996;12071;124008
1690725636;11900;22155.999999999996;12076;14429
1690725637;11894;62233.99999999999;13288;17523
1690725638;11882;13857.999999999998;12471;14406
1690725639;11976;46156.99999999999;12203;14335
1690725640;11862;16605.999999999996;12091;14264
1690725641;11882;26173.999999999996;12094;14275
1690725642;11882;13542.999999999998;12074;14258
1690725643;11882;32423.999999999996;12501;14259
1690725644;11871;13564.999999999998;12090;14263
1690725645;12039;27630.999999999996;12080;15089
1690725646;11885;15066.999999999998;12080;14272
1690725647;11878;32158.999999999996;12080;14272
1690725648;11883;32396.999999999996;13487;14771
1690725649;11887;23750.999999999996;12088;14288
1690725650;11881;24234.999999999996;12092;14280
1690725651;11893;19478.999999999996;12096;14344
1690725652;11895;17238.999999999996;12153;14264
1690725653;11885;25336.999999999996;12068;14270
1690725654;11973;17894.999999999996;12641;14268
1690725655;11871;21706.999999999996;12057;15073
1690725656;11893;28198.999999999996;12470;14820
1690725657;11885;21584.999999999996;12091;14343
1690725658;11875;34872.99999999999;12819;14775
1690725659;11932;22107.999999999996;12069;14272
1690725660;11892;22661.999999999996;12064;14334
1690725661;11884;14260.999999999998;12142;14337
1690725662;11892;19768.999999999996;12059;14276
1690725663;11883;38157.99999999999;12067;14288
1690725664;11892;55206.99999999999;12438;14263
1690725665;12258;14797.999999999998;12135;14286
1690725666;11889;31321.999999999996;12075;15230
1690725667;11882;18696.999999999996;12238;14445
1690725668;11893;33561.99999999999;12759;14766
1690725669;11985;28643.999999999996;12203;14782
1690725670;11892;18825.999999999996;12143;14356
1690725671;11908;21922.999999999996;12197;14264
1690725672;11890;18290.999999999996;12057;14331
1690725673;11887;26932.999999999996;12124;14424
1690725674;11883;18353.999999999996;12633;14380
1690725675;11887;30328.999999999996;12068;14326
1690725676;11892;15774.999999999998;12063;15093
1690725677;11896;35112.99999999999;12127;14329
1690725678;11889;22940.999999999996;12198;14777
1690725679;11885;25877.999999999996;13300;14347
1690725680;11895;24750.999999999996;12060;14275
1690725681;11899;13740.999999999998;12073;14338
1690725682;11899;24629.999999999996;12131;14318
1690725683;11884;20200.999999999996;12060;14634
1690725684;11977;26307.999999999996;12066;14271
1690725685;11898;17253.999999999996;12575;14263
1690725686;11896;23789.999999999996;12052;15089
1690725687;11910;24334.999999999996;12078;14258
1690725688;11902;31769.999999999996;12116;14276
1690725689;11887;21366.999999999996;12758;14777
1690725690;11886;26079.999999999996;12132;14338
1690725691;11886;24501.999999999996;12055;14264
1690725692;11876;22944.999999999996;12051;14277
1690725693;11874;53417.99999999999;12073;14271
1690725694;11896;40364.99999999999;12135;14410
1690725695;11891;22716.999999999996;12559;14340
1690725696;11901;15115.999999999998;12078;15140
1690725697;11887;32705.999999999996;12072;14266
1690725698;11902;22941.999999999996;12072;14334
1690725699;11983;25328.999999999996;12074;14830
1690725700;11874;28143.999999999996;13063;14497
1690725701;11883;23268.999999999996;12071;14300
1690725702;11900;20369.999999999996;12091;14271
1690725703;11901;23972.999999999996;12067;14277
1690725704;11921;21044.999999999996;12601;14271
1690725705;11874;24165.999999999996;12584;14302
1690725706;11894;20609.999999999996;12070;14267
1690725707;11889;23961.999999999996;12078;15177
1690725708;11872;34070.99999999999;12074;14279
1690725709;11895;16029.999999999998;12076;14852
1690725710;11870;26850.999999999996;12745;14276
1690725711;11893;27775.999999999996;12604;14290
1690725712;23964;28049.999999999996;12195;16230
1690725713;29023083;16970.999999999996;12061;15136
1690725714;116691326;29845.999999999996;12074;150317
1690725715;118813626;18837.999999999996;12562;168312
1690725716;115273898;26396.999999999996;12190;165864
1690725717;118704045;13710.999999999998;12149;159882
1690725718;116022833;33565.99999999999;12434;150576
1690725719;116511915;22536.999999999996;12060;166854
1690725720;117388224;23692.999999999996;12061;165318
1690725721;116319393;27930.999999999996;12808;168126
1690725722;114465939;18841.999999999996;12207;147510
1690725723;116800165;44631.99999999999;12070;166128
1690725724;116705800;41482.99999999999;12068;156902
1690725725;116547874;23000.999999999996;12632;162918
1690725726;115686979;13702.999999999998;12071;164514
1690725727;117955125;15164.999999999998;12064;165180
1690725728;117091943;27874.999999999996;12070;158976
1690725729;116393954;24483.999999999996;12069;157716
1690725730;117520782;70639.99999999999;12554;158586
1690725731;117621157;27615.999999999996;12134;155268
1690725732;117026520;22892.999999999996;13019;160296
1690725733;97452536;15886.999999999998;12073;162234
1690725734;115476372;18244.999999999996;12160;114434
1690725735;115291711;24078.999999999996;12131;162150
1690725736;116482285;13571.999999999998;12575;151680
1690725737;118116133;29463.999999999996;12078;164652
1690725738;117627625;31738.999999999996;12072;164688
1690725739;118670587;25724.999999999996;12197;169776
1690725740;115982512;18553.999999999996;12063;157236
1690725741;115829224;24587.999999999996;12051;161672
1690725742;113092393;22523.999999999996;12984;157980
1690725743;11635103;17229.999999999996;12074;76878
1690725744;11955;13587.999999999998;12069;13911
1690725745;11868;22491.999999999996;12057;14311
1690725746;12020;23889.999999999996;12487;14060
1690725747;108896904;18181.999999999996;12058;89164
1690725748;117291624;46586.99999999999;12138;144996
1690725749;116363492;28267.999999999996;12049;133176
1690725750;113899459;22013.999999999996;12064;139524
1690725751;117705094;15419.999999999998;12063;136638
1690725752;115492462;29124.999999999996;12865;145428
1690725753;113974002;43636.99999999999;12064;137976
1690725754;117865217;27612.999999999996;12072;143420
1690725755;112533320;28360.999999999996;12117;119934
1690725756;117678172;21396.999999999996;12474;129642
1690725757;115778964;27256.999999999996;12077;147366
1690725758;116232403;14986.999999999998;12061;135312
1690725759;110021799;13660.999999999998;12064;128820
1690725760;72380101;50264.99999999999;12229;81462
1690725761;87096259;18555.999999999996;12054;37788
1690725762;117646894;14450.999999999998;12871;124188
1690725763;114933731;38361.99999999999;12054;137460
1690725764;116028423;13579.999999999998;12046;143174
1690725765;106037773;24515.999999999996;12054;127188
1690725766;113687794;18195.999999999996;12480;94356
1690725767;112145393;16047.999999999998;12052;146784
1690725768;111745664;26031.999999999996;12059;141144
1690725769;104168530;27325.999999999996;12074;108696
1690725770;116111873;20939.999999999996;12059;102270
1690725771;117081388;21536.999999999996;12065;143562
1690725772;76059456;21714.999999999996;12071;71868
1690725773;111606523;26619.999999999996;12874;125556
1690725774;116362493;25156.999999999996;12062;126928
1690725775;114085862;13694.999999999998;12136;147474
1690725776;115345557;30498.999999999996;12450;140430
1690725777;87684505;13580.999999999998;12048;128178
1690725778;11882;29101.999999999996;12054;30552
1690725779;35137364;33731.99999999999;12114;13960
1690725780;107606783;14395.999999999998;12058;129955
1690725781;97179473;25933.999999999996;12120;138906
1690725782;95408832;16098.999999999998;12053;166200
1690725783;59038532;63056.99999999999;13379;90720
1690725784;89678552;41558.99999999999;12061;203930
1690725785;93073808;20203.999999999996;12061;201222
1690725786;92764426;25146.999999999996;12633;223668
1690725787;88503839;16077.999999999998;12069;204642
1690725788;88453240;39359.99999999999;12598;177870
1690725789;87447176;22002.999999999996;12074;194688
1690725790;85410824;18377.999999999996;12143;195822
1690725791;84495956;25746.999999999996;12194;215226
1690725792;31561840;14627.999999999998;12046;168960
1690725793;11880;28898.999999999996;12870;14788
1690725794;11918;14668.999999999998;12209;14002
1690725795;11887;33926.99999999999;12061;13929
1690725796;11888;18100.999999999996;12554;13913
1690725797;11877;33080.99999999999;12072;13923
1690725798;11873;17459.999999999996;12136;13982
1690725799;11877;13745.999999999998;12136;13974
1690725800;11890;38202.99999999999;12080;13924
1690725801;11881;18618.999999999996;12066;13924
1690725802;11875;27281.999999999996;12085;14496
1690725803;11889;22550.999999999996;12900;14735
1690725804;11963;25224.999999999996;12060;13920
1690725805;11877;16035.999999999998;12076;13916
1690725806;11870;24116.999999999996;12071;13942
1690725807;12117;19590.999999999996;12588;13925
1690725808;11874;43262.99999999999;12136;13912
1690725809;11883;21670.999999999996;12068;13928
1690725810;11881;23592.999999999996;12083;13999
1690725811;11878;20404.999999999996;12062;13975
1690725812;11862;20221.999999999996;12064;14498
1690725813;11876;54888.99999999999;12060;15069
1690725814;11895;39705.99999999999;13010;13936
1690725815;11879;24400.999999999996;12081;13904
1690725816;11879;18110.999999999996;12059;13926
1690725817;11886;19839.999999999996;12581;13968
1690725818;11867;46458.99999999999;12066;14375
1690725819;11958;13563.999999999998;12068;14026
1690725820;11878;35322.99999999999;12231;13907
1690725821;11861;13566.999999999998;12054;14085
1690725822;12087;28738.999999999996;12057;15036
1690725823;11884;19659.999999999996;12051;14727
1690725824;11870;25776.999999999996;12741;13906
1690725825;11877;23202.999999999996;12205;13907
1690725826;11862;18100.999999999996;12089;13906
1690725827;11889;28216.999999999996;12572;13920
1690725828;11894;27218.999999999996;12050;13924
1690725829;11882;28921.999999999996;12070;14095
1690725830;11873;13562.999999999998;12073;13899
1690725831;11871;23087.999999999996;12067;13922
1690725832;11864;18794.999999999996;12068;14394
1690725833;11876;19144.999999999996;12066;15139
1690725834;11964;23510.999999999996;12084;14255
1690725835;11867;31855.999999999996;12943;13987
1690725836;11888;31017.999999999996;12065;14054
1690725837;11866;18371.999999999996;12570;14277
1690725838;11859;47034.99999999999;12137;13912
1690725839;11912;13759.999999999998;12055;13924
1690725840;11865;35950.99999999999;12064;13997
1690725841;11877;13944.999999999998;12063;14244
1690725842;11852;25271.999999999996;12136;13973
1690725843;11870;42763.99999999999;12055;14437
1690725844;11854;50514.99999999999;12070;14735
1690725845;11855;14594.999999999998;13048;13896
1690725846;11865;22474.999999999996;12077;13929
1690725847;11870;25270.999999999996;12489;13924
1690725848;11871;29864.999999999996;12070;13908
1690725849;11962;29163.999999999996;12066;13971
1690725850;11873;13731.999999999998;12124;13990
1690725851;11883;26296.999999999996;12579;13928
1690725852;11874;19838.999999999996;12203;14067
1690725853;11868;25753.999999999996;12128;14410
1690725854;11871;21702.999999999996;12076;15200
1690725855;11864;14887.999999999998;12150;13911
1690725856;11870;15625.999999999998;12761;13904
1690725857;11872;37195.99999999999;12209;13929
1690725858;11869;39241.99999999999;13016;13921
1690725859;11870;21469.999999999996;12201;13924
1690725860;11864;22513.999999999996;12134;13896
1690725861;11861;26669.999999999996;12142;13899
1690725862;11863;18930.999999999996;12378;13977
1690725863;11875;30736.999999999996;12058;14414
1690725864;11956;13571.999999999998;12065;14715
1690725865;11878;21975.999999999996;12053;13920
1690725866;11867;13560.999999999998;12060;13912
1690725867;11880;26128.999999999996;12775;13894
1690725868;11873;45003.99999999999;12763;13911
1690725869;11880;26238.999999999996;12050;13893
1690725870;11872;22894.999999999996;12058;13909
1690725871;11889;22536.999999999996;12048;13905
1690725872;11893;18894.999999999996;12051;13910
1690725873;11869;48890.99999999999;12072;14407
1690725874;11867;43966.99999999999;12139;14887
1690725875;11885;15491.999999999998;12053;13905
1690725876;11872;20965.999999999996;12067;13904
1690725877;11859;19085.999999999996;12043;13911
1690725878;11875;46006.99999999999;13368;13973
1690725879;11944;25484.999999999996;12058;14156
1690725880;11884;21705.999999999996;12219;14088
1690725881;11874;17616.999999999996;12067;13905
1690725882;11874;18247.999999999996;12070;13914
1690725883;11879;25118.999999999996;12064;13925
1690725884;11873;18908.999999999996;12060;14344
1690725885;11912;18159.999999999996;12061;14711
1690725886;11877;21670.999999999996;12078;13899
1690725887;11864;13554.999999999998;12057;13916
1690725888;11876;53923.99999999999;13372;13926
1690725889;11882;20271.999999999996;12062;13926
1690725890;11859;21201.999999999996;12056;13913
1690725891;11877;16363.999999999998;12051;13925
1690725892;11872;15774.999999999998;12051;13902
1690725893;11883;31987.999999999996;12064;14452
1690725894;11965;21262.999999999996;12062;14484
1690725895;11860;16736.999999999996;12066;14805
1690725896;11875;18704.999999999996;12130;13908
1690725897;11871;17749.999999999996;12060;13917
1690725898;11877;81925.99999999999;15135;14000
1690725899;11878;86917.99999999999;12079;14097
1690725900;11879;22288.999999999996;12313;14086
1690725901;11870;17796.999999999996;12183;13982
1690725902;11877;24992.999999999996;12455;14333
1690725903;11876;49150.99999999999;12399;14037
1690725904;11872;46431.99999999999;12060;14399
1690725905;11869;15084.999999999998;12057;14734
1690725906;11881;26759.999999999996;12135;13913
1690725907;11873;13554.999999999998;12050;13931
1690725908;11895;51400.99999999999;12859;13934
1690725909;11975;14594.999999999998;12480;13995
1690725910;11888;40776.99999999999;12132;13921
1690725911;11863;13951.999999999998;12171;13999
1690725912;11874;27977.999999999996;12064;13910
1690725913;11882;18743.999999999996;12069;13971
1690725914;11876;28024.999999999996;12075;14655
1690725915;11886;19216.999999999996;12604;14714
1690725916;11865;20373.999999999996;12073;13932
1690725917;11868;18145.999999999996;12080;13919
1690725918;11868;33587.99999999999;12870;13920
1690725919;11874;32091.999999999996;12697;13936
1690725920;11870;29035.999999999996;12057;13917
1690725921;11882;18464.999999999996;12064;13917
1690725922;11882;19181.999999999996;12132;13975
1690725923;11866;19618.999999999996;12070;13920
1690725924;11875;18639.999999999996;12063;14333
1690725925;11967;24225.999999999996;12073;13905
1690725926;11869;16346.999999999998;12066;14673
1690725927;11872;21373.999999999996;12078;13908
1690725928;11868;28627.999999999996;12139;13920
1690725929;11867;40514.99999999999;13756;13907
1690725930;11920;19031.999999999996;12061;13903
1690725931;11876;27877.999999999996;12081;13890
1690725932;11874;13564.999999999998;12072;13836
1690725933;11862;53959.99999999999;12062;13922
1690725934;11857;34839.99999999999;12076;13900
1690725935;11869;22709.999999999996;12076;14544
1690725936;11858;20522.999999999996;12074;14844
1690725937;11869;13845.999999999998;12064;14319
1690725938;11885;43946.99999999999;12070;13907
1690725939;11865;29175.999999999996;13378;14149
1690725940;11949;38069.99999999999;12246;13911
1690725941;11880;13585.999999999998;12055;14100
1690725942;11871;23518.999999999996;12061;13917
1690725943;11876;16333.999999999998;12048;13916
1690725944;11869;27343.999999999996;12589;13910
1690725945;11891;13654.999999999998;12070;14418
1690725946;11867;26391.999999999996;12068;14730
1690725947;11876;18400.999999999996;12069;13915
1690725948;11876;39819.99999999999;12051;13983
1690725949;11869;29756.999999999996;12931;13901
1690725950;11876;23563.999999999996;12872;14228
1690725951;11883;20265.999999999996;12087;13928
1690725952;11861;13680.999999999998;12064;13909
1690725953;11864;30797.999999999996;12072;13925
1690725954;11879;19040.999999999996;12073;13930
1690725955;11863;23258.999999999996;12065;14634
1690725956;11868;14356.999999999998;12153;14594
1690725957;11861;26087.999999999996;12071;14058
1690725958;11866;25759.999999999996;12079;13857
1690725959;11886;48664.99999999999;13025;14617
1690725960;11883;22364.999999999996;12551;13902
1690725961;11871;29012.999999999996;12143;13899
1690725962;11868;13751.999999999998;12138;13986
1690725963;11879;54815.99999999999;12140;13894
1690725964;11856;35807.99999999999;12148;13890
1690725965;11876;23547.999999999996;12142;14308
1690725966;11883;14722.999999999998;12441;13903
1690725967;11865;27693.999999999996;12079;14641
1690725968;11858;23532.999999999996;12077;13914
1690725969;11862;27055.999999999996;12092;13919
1690725970;11866;32334.999999999996;13538;13904
1690725971;11883;23817.999999999996;12132;14055
1690725972;11869;18508.999999999996;12076;14248
1690725973;11874;25444.999999999996;12089;13919
1690725974;11887;17571.999999999996;12077;14051
1690725975;11865;18572.999999999996;12080;13905
1690725976;11879;22478.999999999996;12080;14435
1690725977;11858;22845.999999999996;12064;15015
1690725978;11864;41081.99999999999;12136;14178
1690725979;11863;13946.999999999998;12200;13913
1690725980;11874;49709.99999999999;13636;13927
1690725981;11883;17207.999999999996;12222;13938
1690725982;11865;26870.999999999996;12069;13898
1690725983;11862;15362.999999999998;12132;13991
1690725984;11874;27578.999999999996;12060;13921
1690725985;11872;19469.999999999996;12650;13895
1690725986;11874;15808.999999999998;12064;14415
1690725987;11883;20707.999999999996;12063;13916
1690725988;11888;43840.99999999999;12137;14584
1690725989;11934;25978.999999999996;12111;13974
1690725990;11882;19901.999999999996;12569;13975
1690725991;11864;41064.99999999999;12886;14292
1690725992;11880;13499.999999999998;12051;13897
1690725993;11867;54887.99999999999;12055;13902
1690725994;11869;36424.99999999999;12063;13902
1690725995;11880;19071.999999999996;12070;13979
1690725996;11870;18642.999999999996;12076;14496
1690725997;11875;19886.999999999996;12070;13933
1690725998;11868;32776.99999999999;12039;14080
1690725999;11877;29646.999999999996;12074;14739
1690726000;11870;18422.999999999996;12741;14091
1690726001;11877;40441.99999999999;12725;14076
1690726002;11877;16564.999999999996;12202;13912
1690726003;11877;21862.999999999996;12060;13910
1690726004;11871;15996.999999999998;12060;13914
1690726005;11887;22566.999999999996;12063;13915
1690726006;11863;19732.999999999996;12549;13899
1690726007;11880;20361.999999999996;12291;14338
1690726008;11872;34176.99999999999;12063;13918
1690726009;11882;22955.999999999996;12058;14725
1690726010;11863;27315.999999999996;12535;13983
1690726011;11867;23394.999999999996;12074;13910
1690726012;11866;31899.999999999996;12807;13912
1690726013;11874;25718.999999999996;12046;13908
1690726014;11881;16264.999999999998;12064;13896
1690726015;11867;15157.999999999998;12064;14048
1690726016;11868;18748.999999999996;12130;13927
1690726017;11876;21530.999999999996;12069;14431
1690726018;42216200;38277.99999999999;12065;15920
1690726019;88488204;29549.999999999996;12122;171648
1690726020;93111346;19601.999999999996;12064;204468
1690726021;91182293;19909.999999999996;12600;216030
1690726022;93932336;37247.99999999999;12883;210474
1690726023;88310992;49936.99999999999;12202;191760
1690726024;90270381;42956.99999999999;12071;183030
1690726025;92100552;14975.999999999998;12057;212594
1690726026;93920376;54455.99999999999;12205;203406
1690726027;89829077;17111.999999999996;12715;233802
1690726028;84346472;38719.99999999999;12083;208512
1690726029;89379545;22172.999999999996;12069;206508
1690726030;85671004;21549.999999999996;12112;205182
1690726031;13429579;16489.999999999996;12473;123234
1690726032;11880;21489.999999999996;12735;13593
1690726033;11871;39319.99999999999;12188;14193
1690726034;11866;19270.999999999996;12078;13565
1690726035;11868;19962.999999999996;12084;13639
1690726036;11870;18742.999999999996;12070;13566
1690726037;11865;18820.999999999996;12069;14079
1690726038;11858;34710.99999999999;12083;13560
1690726039;11866;20859.999999999996;12135;13572
1690726040;11879;21541.999999999996;12127;13575
1690726041;11883;19619.999999999996;12482;14384
1690726042;11872;22455.999999999996;12138;13579
1690726043;11882;39989.99999999999;12884;13655
1690726044;11872;21350.999999999996;12079;13595
1690726045;11874;13562.999999999998;12068;13720
1690726046;11865;25728.999999999996;12080;13641
1690726047;11855;18671.999999999996;12062;13635
1690726048;12019;31890.999999999996;12087;14087
1690726049;11867;30983.999999999996;12139;13571
1690726050;11873;23382.999999999996;12604;13572
1690726051;11870;22191.999999999996;12587;13581
1690726052;11862;21354.999999999996;12148;14539
1690726053;11859;66797.99999999999;12889;13580
1690726054;11872;26579.999999999996;12396;13572
1690726055;11881;48073.99999999999;12142;13641
1690726056;11851;13625.999999999998;12088;13580
1690726057;11859;30199.999999999996;12060;14089
1690726058;11859;13570.999999999998;12075;14164
1690726059;11879;33488.99999999999;12053;13584
1690726060;11876;24552.999999999996;12243;13940
1690726061;12032;20308.999999999996;12445;13596
1690726062;11861;17341.999999999996;12061;14410
1690726063;11859;33235.99999999999;12743;13600
1690726064;11864;21486.999999999996;12144;13593
1690726065;11878;17760.999999999996;12071;13591
1690726066;11885;27994.999999999996;12077;13579
1690726067;11869;18733.999999999996;12068;13571
1690726068;11852;27798.999999999996;12085;13983
1690726069;11865;14875.999999999998;12065;13589
1690726070;18021;50089.99999999999;12140;13570
1690726071;17154;20120.999999999996;12578;16438
1690726072;75561710;26861.999999999996;12053;50234
1690726073;117854099;35999.99999999999;12072;168564
1690726074;117434449;32797.99999999999;12886;168462
1690726075;117598597;14642.999999999998;12086;168244
1690726076;117381597;19342.999999999996;12122;164334
1690726077;117166764;18810.999999999996;12069;152832
1690726078;117777684;25208.999999999996;12073;167632
1690726079;117578327;30690.999999999996;12135;162834
1690726080;114282650;22683.999999999996;12602;157530
1690726081;118616889;21989.999999999996;12055;159642
1690726082;114899563;14600.999999999998;12634;159912
1690726083;115880187;65933.99999999999;12585;158838
1690726084;117401314;14361.999999999998;12869;163344
1690726085;115784581;55490.99999999999;12078;165194
1690726086;117806113;13728.999999999998;12125;154200
1690726087;117658637;30153.999999999996;12142;171234
1690726088;114464918;56063.99999999999;12313;158532
1690726089;116266552;22762.999999999996;12046;148992
1690726090;119044626;22845.999999999996;12142;166968
1690726091;116832478;16334.999999999998;12059;158220
1690726092;116569530;21887.999999999996;12552;166050
1690726093;116149994;27669.999999999996;12060;163074
1690726094;117323811;30071.999999999996;12870;163470
1690726095;115870802;18944.999999999996;12060;152036
1690726096;117350074;17972.999999999996;12058;158268
1690726097;116685690;18327.999999999996;12054;151044
1690726098;115568108;30030.999999999996;12053;161202
1690726099;115552881;22317.999999999996;12109;159054
1690726100;120025828;19958.999999999996;12066;167616
1690726101;55851218;17546.999999999996;12123;149916
1690726102;11885;26558.999999999996;12623;13196
1690726103;11887;22715.999999999996;12050;14070
1690726104;38408625;34099.99999999999;12061;13199
1690726105;101138290;23453.999999999996;12860;162141
1690726106;98240076;15313.999999999998;12062;161964
1690726107;98456133;20731.999999999996;12059;197286
1690726108;99648016;33661.99999999999;12062;192246
1690726109;94811221;23399.999999999996;12123;154692
1690726110;96778241;16220.999999999998;12061;213624
1690726111;97155150;17823.999999999996;12069;233664
1690726112;81839442;18337.999999999996;12567;125532
1690726113;96393831;51814.99999999999;12063;167964
1690726114;93909463;24362.999999999996;12130;231516
1690726115;95663515;35599.99999999999;12928;230564
1690726116;43053381;31217.999999999996;12370;190398
1690726117;11868;17959.999999999996;12118;13261
1690726118;11874;17743.999999999996;12055;13205
1690726119;11875;24210.999999999996;12033;13794
1690726120;11891;27798.999999999996;12231;13371
1690726121;11890;14679.999999999998;12038;13831
1690726122;11882;18112.999999999996;12059;13174
1690726123;11886;24666.999999999996;12568;13133
1690726124;11892;28694.999999999996;12066;13996
1690726125;11876;20523.999999999996;12874;13199
1690726126;11888;26785.999999999996;12054;13190
1690726127;11883;26636.999999999996;12068;13182
1690726128;11879;33434.99999999999;12062;13172
1690726129;11873;22924.999999999996;12053;13689
1690726130;11899;23694.999999999996;12076;13187
1690726131;12036;20330.999999999996;12229;13258
1690726132;11873;23035.999999999996;12594;13204
1690726133;11863;27463.999999999996;12487;13210
1690726134;11872;23533.999999999996;12372;14082
1690726135;11893;29005.999999999996;12956;13304
1690726136;11865;18628.999999999996;12091;13584
1690726137;11882;19783.999999999996;12076;13195
1690726138;11881;35779.99999999999;12075;13181
1690726139;11872;24065.999999999996;12056;13173
1690726140;11881;22405.999999999996;12060;13769
1690726141;11894;19262.999999999996;12080;13182
1690726142;11875;13576.999999999998;12063;13256
1690726143;11868;58752.99999999999;12549;13603
1690726144;11883;23134.999999999996;12196;14139
1690726145;11879;55450.99999999999;12075;13243
1690726146;12098;16237.999999999998;12950;13595
1690726147;11879;28448.999999999996;12829;13267
1690726148;11879;28030.999999999996;12045;13193
1690726149;11879;26889.999999999996;12086;13193
1690726150;11875;17019.999999999996;12070;13852
1690726151;11870;13566.999999999998;12062;13206
1690726152;11876;14618.999999999998;12063;13192
1690726153;11892;22064.999999999996;12568;13254
1690726154;11882;14004.999999999998;12083;13944
1690726155;11858;35089.99999999999;12086;13410
1690726156;11860;14478.999999999998;12880;13200
1690726157;11874;30831.999999999996;12067;13197
1690726158;11867;24788.999999999996;12040;13203
1690726159;11876;31194.999999999996;12127;13196
1690726160;11888;14068.999999999998;12076;13625
1690726161;11879;27563.999999999996;12127;13212
1690726162;11874;13974.999999999998;12156;13199
1690726163;11878;25932.999999999996;12578;13271
1690726164;11873;18181.999999999996;12248;13184
1690726165;11887;26688.999999999996;12063;13179
1690726166;11884;22817.999999999996;12872;14145
1690726167;11875;23761.999999999996;12069;13178
1690726168;11885;45280.99999999999;12071;13189
1690726169;11874;32998.99999999999;12136;13178
1690726170;11884;20500.999999999996;12062;13691
1690726171;11873;20854.999999999996;12073;13253
1690726172;11891;16514.999999999996;12061;13188
1690726173;11874;47246.99999999999;12591;13199
1690726174;11864;19214.999999999996;12130;13197
1690726175;11874;51518.99999999999;12076;13389
1690726176;11876;15220.999999999998;12143;14068
1690726177;11860;30450.999999999996;12822;13328
1690726178;11882;29616.999999999996;12075;13193
1690726179;11884;26305.999999999996;12080;13195
1690726180;11895;23262.999999999996;12072;13874
1690726181;11887;13753.999999999998;12128;13202
1690726182;11875;26036.999999999996;12072;13194
1690726183;11877;18361.999999999996;12951;13181
1690726184;11865;24916.999999999996;12077;13179
1690726185;11877;19360.999999999996;12063;13188
1690726186;11875;23029.999999999996;12068;13994
1690726187;11871;23465.999999999996;12874;13196
1690726188;11858;39922.99999999999;12067;13179
1690726189;11859;18909.999999999996;12059;13176
1690726190;11876;28320.999999999996;12070;13698
1690726191;11868;13748.999999999998;12138;13353
1690726192;11883;22677.999999999996;12053;13192
1690726193;11873;23962.999999999996;12563;13179
1690726194;11864;22892.999999999996;12136;13232
1690726195;11883;13667.999999999998;12059;13187
1690726196;11884;33983.99999999999;12071;14160
1690726197;11882;22875.999999999996;13390;13330
1690726198;11876;50990.99999999999;12073;13723
1690726199;11860;19453.999999999996;12051;13172
1690726200;11860;37728.99999999999;12048;13742
1690726201;11866;13795.999999999998;12048;13244
1690726202;11873;28254.999999999996;12067;13549
1690726203;11878;42374.99999999999;12271;13125
1690726204;11870;51800.99999999999;14310;13438
1690726205;11875;40120.99999999999;12060;13180
1690726206;11876;79930.99999999999;12381;14025
1690726207;11882;22964.999999999996;12944;13367
1690726208;11873;46231.99999999999;12183;13243
1690726209;11885;25758.999999999996;12049;13184
1690726210;11880;27036.999999999996;12064;14087
1690726211;11864;18780.999999999996;12068;13176
1690726212;11890;20540.999999999996;12061;13175
1690726213;11873;20922.999999999996;12073;13256
1690726214;11860;29884.999999999996;12570;13470
1690726215;11876;13563.999999999998;12058;13189
1690726216;11863;26734.999999999996;12066;13186
1690726217;11863;14306.999999999998;12071;13987
1690726218;11869;52704.99999999999;13390;13203
1690726219;11887;13554.999999999998;12055;13179
1690726220;11879;40594.99999999999;12062;13189
1690726221;11867;13564.999999999998;12131;13769
1690726222;11878;20924.999999999996;12074;13180
1690726223;11879;16944.999999999996;12130;13342
1690726224;11882;25714.999999999996;12567;13182
1690726225;11880;13545.999999999998;12092;13195
1690726226;11872;28755.999999999996;12061;13174
1690726227;11958;15406.999999999998;12079;13195
1690726228;11870;21350.999999999996;12754;14017
1690726229;11867;31560.999999999996;12190;13188
1690726230;11878;19121.999999999996;12130;13248
1690726231;11879;38991.99999999999;12069;13667
1690726232;11956;15008.999999999998;12075;14225
1690726233;11870;49419.99999999999;12071;13191
1690726234;11884;18245.999999999996;12132;13194
1690726235;11870;42983.99999999999;12560;13178
1690726236;11879;24417.999999999996;12254;13428
1690726237;11882;21273.999999999996;12127;13248
1690726238;11876;22566.999999999996;12065;14058
1690726239;11886;17372.999999999996;12060;13190
1690726240;11869;34205.99999999999;12879;13354
1690726241;11884;28206.999999999996;12056;13683
1690726242;11971;14622.999999999998;12076;13193
1690726243;11881;23155.999999999996;12248;13163
1690726244;11878;20467.999999999996;12080;13179
1690726245;11863;19420.999999999996;12486;13197
1690726246;11878;18983.999999999996;12072;13110
1690726247;11867;23211.999999999996;12080;13181
1690726248;11872;28501.999999999996;12083;14004
1690726249;11889;15927.999999999998;12073;13218
1690726250;11879;34545.99999999999;12077;13177
1690726251;11877;24356.999999999996;12945;13747
1690726252;11872;18180.999999999996;12088;13182
1690726253;11870;22456.999999999996;12077;13192
1690726254;27484;25197.999999999996;12120;15031
1690726255;11882;18191.999999999996;12043;13922
1690726256;56159824;26331.999999999996;12475;15402
1690726257;117856427;24017.999999999996;12067;168612
1690726258;115605987;39114.99999999999;12064;159750
1690726259;119129862;15559.999999999998;12058;173148
1690726260;116786217;30056.999999999996;12071;166602
1690726261;114629590;20279.999999999996;12754;160236
1690726262;117240724;30286.999999999996;12215;163202
1690726263;118123015;40381.99999999999;12204;160572
1690726264;116757159;23567.999999999996;12146;156234
1690726265;116683181;36187.99999999999;12045;154008
1690726266;116243203;20485.999999999996;13085;157418
1690726267;118038362;13771.999999999998;12249;158022
1690726268;115951418;42472.99999999999;12141;166860
1690726269;117128720;22130.999999999996;12068;153114
1690726270;116783928;23829.999999999996;12062;159174
1690726271;116293614;19547.999999999996;12067;156786
1690726272;120281715;77783.99999999999;13110;160314
1690726273;111820632;16729.999999999996;12075;162498
1690726274;116892856;30360.999999999996;12080;146160
1690726275;117496372;13574.999999999998;12065;154764
1690726276;116975423;18214.999999999996;12567;154568
1690726277;116624392;25174.999999999996;12070;166044
1690726278;119291242;17981.999999999996;12077;162822
1690726279;116588696;45847.99999999999;12066;161622
1690726280;118720299;13562.999999999998;12051;155100
1690726281;114311219;14763.999999999998;12135;162300
1690726282;119636090;23484.999999999996;12134;158190
1690726283;115105005;13899.999999999998;13136;165144
1690726284;116237364;33776.99999999999;12193;164004
1690726285;74556673;34659.99999999999;12079;160290
1690726286;11902;18252.999999999996;12566;13160
1690726287;11886;28796.999999999996;12083;12823
1690726288;11898;28426.999999999996;12077;12817
1690726289;64233680;35623.99999999999;12064;28480
1690726290;114855559;13940.999999999998;12062;145488
1690726291;116522560;25106.999999999996;12147;143334
1690726292;116302285;19013.999999999996;12076;148506
1690726293;114761431;55540.99999999999;12068;145116
1690726294;117038743;28354.999999999996;12880;140772
1690726295;115553814;48470.99999999999;12215;141533.9805825243
1690726296;114213680;18080.999999999996;12570;138285.34031413612
1690726297;50842892;31164.999999999996;12135;99132
1690726298;75739449;21854.999999999996;12064;21378
1690726299;117695613;29661.999999999996;12055;132618
1690726300;114867119;25176.999999999996;12459;147684
1690726301;119456779;20984.999999999996;12205;141486
1690726302;113936146;18484.999999999996;12227;145170
1690726303;97369159;20258.999999999996;12073;139590
1690726304;50311360;28510.999999999996;12139;37140
1690726305;107469313;19815.999999999996;12897;80598
1690726306;116651412;19373.999999999996;12064;139454
1690726307;113783888;17826.999999999996;12543;145104
1690726308;118265458;32769.99999999999;12075;137064
1690726309;117880016;23696.999999999996;12065;138840
1690726310;111124171;15032.999999999998;12062;130440
1690726311;117566290;14332.999999999998;12124;148422
1690726312;115405755;23143.999999999996;12071;146802
1690726313;117437279;19255.999999999996;12081;152196
1690726314;111319709;19088.999999999996;12072;135420
1690726315;15698916;29375.999999999996;12942;58794
1690726316;106483313;16229.999999999998;12063;49768
1690726317;116115821;20998.999999999996;12622;132504
1690726318;113557791;24828.999999999996;12149;147144
1690726319;116547387;20652.999999999996;12470;137808
1690726320;114637897;33039.99999999999;12430;128142
1690726321;60415419;18354.999999999996;12063;140928
1690726322;11897;27383.999999999996;12062;13916
1690726323;11905;40030.99999999999;12137;12798
1690726324;11889;19279.999999999996;12079;13258
1690726325;11884;47585.99999999999;12755;12816
1690726326;11872;21178.999999999996;12198;12800
1690726327;11892;24020.999999999996;12628;12880
1690726328;11888;28229.999999999996;12066;12810
1690726329;11972;20714.999999999996;12067;12789
1690726330;11872;19311.999999999996;12058;12870
1690726331;11890;26639.999999999996;12069;12865
1690726332;11879;22807.999999999996;12087;13615
1690726333;11881;14266.999999999998;12060;12807
1690726334;11881;24105.999999999996;12081;12874
1690726335;11862;13550.999999999998;12082;13261
1690726336;11873;18048.999999999996;13294;12827
1690726337;11876;41315.99999999999;12727;12807
1690726338;11895;30560.999999999996;12073;12810
1690726339;11873;28538.999999999996;12087;12833
1690726340;11885;13564.999999999998;12071;12792
1690726341;11866;26945.999999999996;12136;12819
1690726342;11875;13955.999999999998;12206;13542
1690726343;11866;28253.999999999996;12403;13267
1690726344;11965;19246.999999999996;12128;12802
1690726345;11890;13552.999999999998;12237;13197
1690726346;11884;26755.999999999996;12968;12991
1690726347;11870;26860.999999999996;12480;12807
1690726348;11882;54506.99999999999;12058;12755
1690726349;11867;22132.999999999996;12074;12821
1690726350;11867;27893.999999999996;12085;12823
1690726351;12314;13883.999999999998;12144;12858
1690726352;11881;26185.999999999996;12071;13669
1690726353;11895;41478.99999999999;12079;12815
1690726354;11878;24011.999999999996;12157;12782
1690726355;11869;41304.99999999999;12070;13077
1690726356;11885;30026.999999999996;12067;12815
1690726357;11875;26757.999999999996;12938;12790
1690726358;11873;31730.999999999996;12480;12804
1690726359;11985;24272.999999999996;12057;12813
1690726360;11890;18983.999999999996;12058;12976
1690726361;11884;26488.999999999996;12057;12818
1690726362;11882;14428.999999999998;12059;13539
1690726363;11871;30917.999999999996;12143;12832
1690726364;11858;19525.999999999996;12193;12817
1690726365;11928;28883.999999999996;12393;13262
1690726366;11870;13568.999999999998;12059;12810
1690726367;11904;29759.999999999996;12889;12747
1690726368;11869;30075.999999999996;12475;12828
1690726369;11867;18109.999999999996;12065;12859
1690726370;11884;36891.99999999999;12066;12736
1690726371;11868;13916.999999999998;12124;12885
1690726372;11872;37596.99999999999;12067;13627
1690726373;11880;15308.999999999998;12048;12801
1690726374;11971;23257.999999999996;12049;12798
1690726375;11886;15468.999999999998;12815;13352
1690726376;11880;22773.999999999996;12067;12931
1690726377;11862;15914.999999999998;12958;12801
1690726378;11877;27313.999999999996;12582;12805
1690726379;11889;27594.999999999996;12121;12797
1690726380;11877;30405.999999999996;12127;12830
1690726381;11897;13576.999999999998;12047;12857
1690726382;11892;27895.999999999996;12060;13720
1690726383;11882;39320.99999999999;12077;12869
1690726384;11874;15475.999999999998;12121;12815
1690726385;11888;44677.99999999999;12074;12818
1690726386;11864;13722.999999999998;12062;13295
1690726387;11870;27979.999999999996;12144;12798
1690726388;11878;18096.999999999996;13382;12802
1690726389;11882;36098.99999999999;12076;12803
1690726390;11962;32566.999999999996;12082;12869
1690726391;11865;13563.999999999998;12086;12809
1690726392;11876;27149.999999999996;12084;12875
1690726393;11871;15610.999999999998;12143;13602
1690726394;11881;26157.999999999996;12142;12860
1690726395;11868;19432.999999999996;12522;12799
1690726396;11875;21291.999999999996;12076;13313
1690726397;11863;16810.999999999996;12131;12821
1690726398;11873;23010.999999999996;13407;12824
1690726399;11869;46360.99999999999;12413;12809
1690726400;11887;19198.999999999996;12186;12810
1690726401;11869;24315.999999999996;12143;12817
1690726402;11868;14964.999999999998;12511;12817
1690726403;11887;22246.999999999996;12207;13709
1690726404;11882;14712.999999999998;12060;13180
1690726405;11966;20137.999999999996;12262;13332
1690726406;11873;22986.999999999996;12071;13574
1690726407;11899;19600.999999999996;12579;12815
1690726408;11890;27585.999999999996;12737;12793
1690726409;11891;41432.99999999999;12637;12825
1690726410;11919;29384.999999999996;12145;12737
1690726411;11889;23681.999999999996;12120;12788
1690726412;11869;21206.999999999996;12381;12943
1690726413;11885;43748.99999999999;12141;13616
1690726414;11871;19139.999999999996;12071;12792
1690726415;11879;36552.99999999999;12062;12798
1690726416;11885;25513.999999999996;12096;13225
1690726417;11878;16567.999999999996;12150;12800
1690726418;11889;18030.999999999996;12089;12821
1690726419;11867;32790.99999999999;13310;12812
1690726420;11965;42689.99999999999;12059;12959
1690726421;11876;17164.999999999996;12083;12814
1690726422;11888;15635.999999999998;12105;12797
1690726423;11887;27978.999999999996;12081;13488
1690726424;11864;14690.999999999998;12146;12935
1690726425;11891;18586.999999999996;12083;12746
1690726426;11892;21209.999999999996;12142;13318
1690726427;11886;23280.999999999996;12085;12808
1690726428;11885;30900.999999999996;12065;12943
1690726429;11880;22610.999999999996;12593;12880
1690726430;11886;41206.99999999999;12886;12861
1690726431;11886;17046.999999999996;12078;13014
1690726432;11880;20144.999999999996;12073;13466
1690726433;11892;15468.999999999998;12082;12821
1690726434;11878;27186.999999999996;12078;13636
1690726435;11970;14157.999999999998;12306;12821
1690726436;11882;19784.999999999996;12061;13063
1690726437;11881;18685.999999999996;12083;13414
1690726438;11877;40440.99999999999;12075;12809
1690726439;11874;26171.999999999996;12583;12835
1690726440;11871;42364.99999999999;13023;12818
1690726441;11875;19126.999999999996;12072;12811
1690726442;11879;14751.999999999998;12078;12803
1690726443;11878;51171.99999999999;12067;12878
1690726444;11875;20469.999999999996;12072;13489
1690726445;11875;42899.99999999999;12077;12960
1690726446;11861;19254.999999999996;12079;12815
1690726447;11888;13631.999999999998;12259;13296
1690726448;11871;43500.99999999999;12062;12794
1690726449;11884;18454.999999999996;12567;12810
1690726450;11969;49246.99999999999;12891;12929
1690726451;11865;18610.999999999996;12084;13151
1690726452;11887;21888.999999999996;12087;12857
1690726453;11895;15546.999999999998;12055;12798
1690726454;11886;35961.99999999999;12083;12790
1690726455;11928;13747.999999999998;12068;13664
1690726456;11872;25489.999999999996;12117;12800
1690726457;11877;20211.999999999996;12717;13295
1690726458;11891;14830.999999999998;12078;12798
1690726459;11898;22898.999999999996;12138;12799
1690726460;11889;29263.999999999996;13174;12787
1690726461;11889;40198.99999999999;12211;12778
1690726462;11883;18233.999999999996;12223;12814
1690726463;11881;20249.999999999996;12224;12802
1690726464;11884;24894.999999999996;12070;12810
1690726465;11965;14494.999999999998;12233;13681
1690726466;11890;18932.999999999996;12066;12796
1690726467;12027;19099.999999999996;12055;12958
1690726468;11874;21904.999999999996;12082;13310
1690726469;11878;28106.999999999996;12066;12807
1690726470;11885;18183.999999999996;12506;12860
1690726471;11882;36931.99999999999;12892;13108
1690726472;11875;17845.999999999996;12079;12857
1690726473;11880;48287.99999999999;12142;12810
1690726474;11891;19900.999999999996;12078;12805
1690726475;11890;44787.99999999999;12068;13620
1690726476;11890;18980.999999999996;12072;12788
1690726477;11885;19393.999999999996;12150;12791
1690726478;11874;24244.999999999996;12073;13412
1690726479;11883;13679.999999999998;12072;12810
1690726480;11969;27212.999999999996;12486;13293
1690726481;11876;25083.999999999996;12751;12800
1690726482;11878;31879.999999999996;12230;12927
1690726483;11885;30097.999999999996;12611;12746
1690726484;11865;20207.999999999996;12150;12745
1690726485;11882;19336.999999999996;12134;13633
1690726486;11871;16124.999999999998;12078;12809
1690726487;11866;19221.999999999996;12093;12806
1690726488;11887;44856.99999999999;12065;13387
1690726489;11881;21154.999999999996;12084;12825
1690726490;11879;22270.999999999996;12570;12807
1690726491;11878;24156.999999999996;12085;12865
1690726492;11864;31799.999999999996;12822;12828
1690726493;11881;23272.999999999996;12061;12821
1690726494;11887;16709.999999999996;12059;12801
1690726495;11970;26929.999999999996;12246;12836
1690726496;11877;20021.999999999996;12154;13608
1690726497;11881;19577.999999999996;12074;13111
1690726498;11881;24353.999999999996;12084;13292
1690726499;11882;28588.999999999996;12088;12795
1690726500;11914;20718.999999999996;12207;12789
1690726501;11887;20310.999999999996;12590;12796
1690726502;11888;28980.999999999996;12893;12800
1690726503;11872;52094.99999999999;12071;12883
1690726504;11879;21867.999999999996;12072;13410
1690726505;11885;43674.99999999999;12079;12811
1690726506;11873;17250.999999999996;12063;13669
1690726507;11875;17914.999999999996;12224;12860
1690726508;11891;26235.999999999996;12078;13207
1690726509;11881;28577.999999999996;12077;12805
1690726510;11964;22829.999999999996;12075;12848
1690726511;11884;61483.99999999999;14382;12973
1690726512;11882;79299.99999999999;13133;13043
1690726513;11874;30174.999999999996;12072;12873
1690726514;11863;24579.999999999996;12079;12804
1690726515;11861;13570.999999999998;12082;12877
1690726516;11868;29477.999999999996;12135;13611
1690726517;11869;13549.999999999998;12063;12801
1690726518;11876;19082.999999999996;12073;12820
1690726519;11870;27996.999999999996;12146;13330
1690726520;11877;23733.999999999996;12089;12804
1690726521;11882;23464.999999999996;12490;12799
1690726522;11866;17654.999999999996;12146;12804
1690726523;11869;31474.999999999996;13095;12794
1690726524;11870;23426.999999999996;12422;12772
1690726525;11950;20412.999999999996;12064;14566
1690726526;11862;28331.999999999996;12067;13433
1690726527;11866;15227.999999999998;12587;13881
1690726528;11878;57763.99999999999;12070;12682
1690726529;11878;16470.999999999996;12079;12660
1690726530;11879;27709.999999999996;12076;12427
1690726531;11880;18306.999999999996;12193;12430
1690726532;11864;29847.999999999996;12483;12441
1690726533;11867;48180.99999999999;12930;12715
1690726534;11888;33658.99999999999;12078;12356
1690726535;11865;34298.99999999999;12067;12349
1690726536;11885;30079.999999999996;12092;12365
1690726537;11886;13776.999999999998;12149;13165
1690726538;11892;34602.99999999999;12069;12348
1690726539;11877;57147.99999999999;12269;16804
1690726540;11965;32599.999999999996;12077;12360
1690726541;11867;18095.999999999996;12081;12376
1690726542;11873;32473.999999999996;12439;12365
1690726543;11873;20462.999999999996;12834;12373
1690726544;11885;30733.999999999996;12153;12370
1690726545;11909;13788.999999999998;12074;12375
1690726546;11857;30073.999999999996;12155;12367
1690726547;11865;13771.999999999998;12094;13097
1690726548;11871;35762.99999999999;12074;12423
1690726549;11884;19362.999999999996;12089;12360
1690726550;11872;30727.999999999996;12079;12922
1690726551;11875;13558.999999999998;12084;12418
1690726552;11880;33033.99999999999;12578;12355
1690726553;11873;25353.999999999996;12891;12357
1690726554;11870;28275.999999999996;12604;12357
1690726555;11965;16323.999999999998;12075;12341
1690726556;11884;24311.999999999996;12134;12361
1690726557;11887;14914.999999999998;12078;13391
1690726558;11862;36847.99999999999;12076;12351
1690726559;11864;21745.999999999996;12079;12352
1690726560;11879;21609.999999999996;12206;12792
1690726561;11869;18005.999999999996;12086;12343
1690726562;11872;18249.999999999996;12575;12347
1690726563;11874;63094.99999999999;12883;12413
1690726564;11862;16607.999999999996;12087;12349
1690726565;11872;45739.99999999999;12073;12350
1690726566;11875;17176.999999999996;12065;12420
1690726567;11860;21776.999999999996;12243;12351
1690726568;11875;36539.99999999999;12080;13700
1690726569;11862;21155.999999999996;12072;12376
1690726570;11955;32733.999999999996;12084;13465
1690726571;11866;19856.999999999996;12077;12349
1690726572;11874;18274.999999999996;12591;12438
1690726573;11889;43825.99999999999;12835;12439
1690726574;11868;16820.999999999996;12084;12370
1690726575;11886;23185.999999999996;12082;12535
1690726576;11865;19110.999999999996;12144;12352
1690726577;11872;22937.999999999996;12074;12367
1690726578;11881;34792.99999999999;12065;13160
1690726579;11873;22772.999999999996;12076;12361
1690726580;11879;25595.999999999996;12140;12786
1690726581;11867;14656.999999999998;12076;12361
1690726582;11870;18108.999999999996;12144;12355
1690726583;11872;31545.999999999996;12582;12358
1690726584;11864;30845.999999999996;13079;12359
1690726585;11952;29591.999999999996;12085;12448
1690726586;11877;14999.999999999998;12255;12372
1690726587;11874;20583.999999999996;12069;12540
1690726588;11874;31321.999999999996;12070;13175
1690726589;11865;22354.999999999996;12083;12357
1690726590;11910;27498.999999999996;12090;12929
1690726591;11891;17520.999999999996;12079;12362
1690726592;11866;18257.999999999996;12074;12420
1690726593;11869;52635.99999999999;12655;12414
1690726594;11872;27518.999999999996;12882;12342
1690726595;11860;48039.99999999999;12066;12352
1690726596;11860;18277.999999999996;12074;12348
1690726597;11869;22003.999999999996;12148;12354
1690726598;11854;29496.999999999996;12076;13160
1690726599;11886;21486.999999999996;12054;12360
1690726600;11967;21402.999999999996;12066;13041
1690726601;11878;20720.999999999996;12133;12358
1690726602;11877;21624.999999999996;12392;12348
1690726603;11867;21365.999999999996;12582;12370
1690726604;11872;31431.999999999996;12819;12360
1690726605;11873;29598.999999999996;12774;12360
1690726606;11877;18848.999999999996;12077;12357
1690726607;11871;17512.999999999996;12147;12353
1690726608;11879;33131.99999999999;12078;13323
1690726609;11871;25561.999999999996;12088;12397
1690726610;11875;24783.999999999996;12088;12837
1690726611;11873;18660.999999999996;12099;12385
1690726612;11863;18798.999999999996;12076;12351
1690726613;11874;19661.999999999996;12484;12351
1690726614;11873;38651.99999999999;12069;12352
1690726615;11933;16082.999999999998;12957;12352
1690726616;11865;28987.999999999996;12852;12357
1690726617;11878;18056.999999999996;12069;12613
1690726618;11874;34627.99999999999;12087;12406
1690726619;11865;20652.999999999996;12082;13155
1690726620;11861;21384.999999999996;12142;12843
1690726621;11874;19537.999999999996;12145;12358
1690726622;11869;16852.999999999996;12077;12352
1690726623;11883;47389.99999999999;12579;12423
1690726624;11885;33997.99999999999;12076;12347
1690726625;11894;40490.99999999999;12826;12341
1690726626;11878;26144.999999999996;12073;12416
1690726627;11894;18893.999999999996;12243;12354
1690726628;11890;34022.99999999999;12062;12348
1690726629;11877;23087.999999999996;12070;13172
1690726630;11961;22607.999999999996;12059;12411
1690726631;11889;18622.999999999996;12074;12848
1690726632;11883;16630.999999999996;12060;12425
1690726633;11892;23308.999999999996;12446;12429
1690726634;11891;28903.999999999996;12064;12353
1690726635;11923;21180.999999999996;12813;12346
1690726636;11873;23091.999999999996;12143;12528
1690726637;11884;19676.999999999996;12064;12886
1690726638;11882;35582.99999999999;12073;12362
1690726639;11901;27764.999999999996;12062;13156
1690726640;11884;25096.999999999996;12148;12864
1690726641;11895;17764.999999999996;12055;12865
1690726642;11894;16468.999999999996;12125;12351
1690726643;11897;22407.999999999996;12044;12356
1690726644;11891;27193.999999999996;12702;12364
1690726645;11970;30762.999999999996;12871;12422
1690726646;11884;22616.999999999996;12229;12367
1690726647;11893;15867.999999999998;12058;12360
1690726648;11897;39127.99999999999;12067;12520
1690726649;11891;28416.999999999996;12074;13164
1690726650;11881;21870.999999999996;12139;12350
1690726651;11886;26970.999999999996;12134;12924
1690726652;11878;14044.999999999998;12066;12343
1690726653;11890;48419.99999999999;12544;12426
1690726654;11870;18097.999999999996;12567;12359
1690726655;11883;66129.99999999999;12923;12370
1690726656;11885;16026.999999999998;12058;12359
1690726657;11879;25842.999999999996;12391;12358
1690726658;11897;22292.999999999996;12060;12406
1690726659;11886;34450.99999999999;12072;13714
1690726660;11973;19838.999999999996;12067;12763
1690726661;11891;24918.999999999996;12072;12784
1690726662;11867;13557.999999999998;12073;12739
1690726663;11876;27727.999999999996;12135;12350
1690726664;11862;18114.999999999996;12580;12344
1690726665;11880;42812.99999999999;12115;12346
1690726666;11874;13556.999999999998;12873;12361
1690726667;11871;28772.999999999996;12075;12356
1690726668;11869;26346.999999999996;12146;12341
1690726669;11869;29279.999999999996;12053;13225
1690726670;11867;19040.999999999996;12061;12325
1690726671;11875;32287.999999999996;12066;13073
1690726672;11868;13557.999999999998;12072;12344
1690726673;11877;31046.999999999996;12082;12324
1690726674;11872;18102.999999999996;12574;12345
1690726675;11957;38226.99999999999;12060;12369
1690726676;11876;15598.999999999998;12821;12325
1690726677;11880;29325.999999999996;12068;12397
1690726678;11860;25716.999999999996;12060;12343
1690726679;11863;28875.999999999996;12045;13149
1690726680;11915;21627.999999999996;12056;12344
1690726681;11871;28068.999999999996;12192;12846
1690726682;11883;14816.999999999998;12058;12416
1690726683;11883;47014.99999999999;12207;12347
1690726684;11873;18091.999999999996;12559;12349
1690726685;11877;54684.99999999999;12066;12350
1690726686;11884;22155.999999999996;12891;12347
1690726687;11871;30262.999999999996;12243;12355
1690726688;11867;31519.999999999996;12064;12347
1690726689;11870;25404.999999999996;12056;12513
1690726690;11949;25559.999999999996;12591;13309
1690726691;11887;19686.999999999996;12061;12674
1690726692;11875;16209.999999999998;12069;12394
1690726693;11872;27011.999999999996;12607;12467
1690726694;11878;18759.999999999996;12070;12661
1690726695;11869;21650.999999999996;12573;12352
1690726696;11871;26603.999999999996;13006;12413
1690726697;11868;22846.999999999996;12073;12338
1690726698;11883;33025.99999999999;12089;12757
1690726699;11893;22379.999999999996;12072;12327
1690726700;11878;20248.999999999996;12075;13185
1690726701;11883;19233.999999999996;12140;12346
1690726702;11884;15384.999999999998;12138;12833
1690726703;11889;24163.999999999996;12140;12332
1690726704;11882;18466.999999999996;12139;12353
1690726705;11964;25167.999999999996;12572;12398
1690726706;11879;30557.999999999996;12880;12326
1690726707;11888;20256.999999999996;12081;12335
1690726708;11880;51435.99999999999;12077;12337
1690726709;11898;22427.999999999996;12046;12348
1690726710;11877;30705.999999999996;12056;13181
1690726711;11889;19441.999999999996;12056;12339
1690726712;11883;18728.999999999996;12064;12916
1690726713;11885;48242.99999999999;12192;12391
1690726714;11873;18135.999999999996;12067;12345
1690726715;11882;46536.99999999999;12513;12361
1690726716;11890;30402.999999999996;12136;12352
1690726717;11878;23936.999999999996;13292;12975
1690726718;11860;36613.99999999999;12440;12350
1690726719;11872;23292.999999999996;12068;12527
1690726720;11967;24216.999999999996;12117;13293
1690726721;11879;19711.999999999996;12127;12338
1690726722;11879;15823.999999999998;12416;12824
1690726723;11890;26785.999999999996;12074;12960
1690726724;11866;15387.999999999998;12142;12728
1690726725;11916;26225.999999999996;12559;12347
1690726726;11860;27843.999999999996;12067;12343
1690726727;11871;23056.999999999996;12880;12343
1690726728;11892;41131.99999999999;12124;12349
1690726729;11873;20970.999999999996;12085;12346
1690726730;11874;26028.999999999996;12075;12415
1690726731;11886;24015.999999999996;12061;13157
1690726732;11886;17647.999999999996;12069;12906
1690726733;11882;20711.999999999996;12059;12352
