Time;{instance="10.231.0.208:9100"};{instance="192.168.221.10:9100"};{instance="192.168.221.11:9100"};{instance="192.168.221.12:9100"}
1690543948;-0.2500000176951289;10.999999999967272;3.999999999996362;3.0000000000654836
1690543949;1.750000030733645;15.499999999974548;3.499999999985448;3.999999999996362
1690543950;33.499999972991645;14.000000000032756;1.9999999999527063;31.999999999970896
1690543951;43.500000028871;15.000000000054584;3.499999999985448;65.99999999998545
1690543952;40.4999999795109;15.499999999974548;2.0000000000436557;89.00000000003274
1690543953;36.49999999906868;11.499999999978186;3.0000000000654836;88.99999999994179
1690543954;32.50000001862645;11.9999999999891;1.9999999998617568;91.0000000000764
1690543955;8.74999996740371;9.49999999993453;2.5000000000545697;78.99999999990541
1690543956;0.2500000409781933;14.000000000123705;4.500000000007276;52.000000000043656
1690543957;1.2499999720603228;13.999999999941807;5.500000000029104;61.00000000005821
1690543958;0.2500000176951289;14.999999999963634;2.999999999974534;51.999999999952706
1690543959;1.4999999664723873;13.500000000112792;3.5000000000763976;63.000000000010914
1690543960;1.2500000186264515;12.499999999909065;2.9999999998835847;62.5
1690543961;0.750000006519258;14.000000000032756;2.0000000000436557;55.99999999994907
1690543962;1.2499999720603228;14.999999999963634;3.999999999996362;68.0000000000291
1690543963;1.2500000186264515;14.000000000032756;3.0000000000654836;52.49999999996362
1690543964;0.7499999832361937;10.999999999967272;3.4999999998944986;63.50000000011278
1690543965;1.0000000009313226;14.50000000004367;3.0000000000654836;52.999999999883585
1690543966;0.7500000298023224;11.499999999978186;3.499999999985448;60.500000000047294
1690543967;1.2499999953433871;12.500000000000014;4.500000000007276;60.500000000047294
1690543968;1.500000013038516;13.500000000021842;1.5000000000327418;56.999999999970896
1690543969;5.249999999068677;17.00000000000729;4.500000000007276;67.99999999993815
1690543970;36.74999997019768;18.000000000029118;1.9999999999527063;68.50000000004002
1690543971;40.25000003166497;9.999999999945445;1.9999999999527063;91.49999999999636
1690543972;41.499999980442226;15.499999999974548;2.5000000000545697;91.49999999999636
1690543973;25.500000012107193;15.499999999974548;2.0000000000436557;93.49999999994907
1690543974;16.50000000372529;12.500000000090964;4.99999999992724;77.50000000005457
1690543975;0.9999999776482582;12.500000000000014;3.0000000000654836;65.49999999997453
1690543976;0.5000000121071793;12.499999999909065;2.999999999974534;63.00000000010186
1690543977;1.000000024214387;14.000000000032756;3.999999999996362;52.49999999996362
1690543978;0.7499999832361937;12.500000000000014;2.0000000000436557;53.49999999998545
1690543979;2.49999996740371;9.999999999945445;3.999999999996362;63.49999999993088
1690543980;0.750000006519258;17.00000000009824;2.4999999998726707;52.999999999974534
1690543981;-0.4999999888241291;9.000000000014566;3.0000000000654836;66.50000000008731
1690543982;2.250000019557774;19.999999999981824;3.0000000000654836;60.499999999956344
1690543983;1.4999999897554517;9.50000000002548;1.9999999999527063;62.5
1690543984;0.4999999888241291;11.9999999999891;4.500000000007276;57.49999999998181
1690543985;0.5000000121071935;10.499999999956358;2.999999999974534;64.99999999996362
1690543986;1.2499999953433871;13.000000000010928;2.5000000000545697;61.50000000016007
1690543987;4.750000033527613;31.500000000050946;4.4999999999163265;56.99999999987995
1690543988;8.499999949708581;32.499999999981824;2.5000000000545697;97.50000000003638
1690543989;36.49999999906868;9.49999999993453;4.4999999999163265;90.00000000005457
1690543990;29.500000039115548;15.500000000065498;3.5000000000763976;93.0000000000291
1690543991;30.499999970197678;9.49999999993453;1.9999999999527063;94.99999999989086
1690543992;33.500000019557774;17.500000000018204;3.499999999985448;87.5
1690543993;13.749999972060323;10.000000000036394;5.00000000001819;93.50000000004002
1690543994;0.5000000121071935;14.49999999995272;3.999999999996362;55.500000000029104
1690543995;1.500000013038516;50.50000000001092;1.0000000001127773;59.99999999994543
1690543996;0.750000006519258;14.50000000004367;2.4999999998726707;86.00000000005821
1690543997;1.9999999785795808;16.499999999996376;5.00000000001819;61.49999999997817
1690543998;1.0000000009313226;13.000000000010928;2.5000000000545697;60.499999999956344
1690543999;0.5000000121071935;10.999999999967272;5.499999999938154;63.00000000010186
1690544000;0.750000006519258;14.49999999995272;2.0000000000436557;56.999999999970896
1690544001;0.7499999832361937;9.50000000002548;2.49999999996362;62.999999999919964
1690544002;1.7500000074505806;15.500000000065498;3.5000000000763976;54.00000000008731
1690544003;1.0000000009313226;20.999999999912703;1.9999999999527063;71.4999999999236
1690544004;2.2499999962747097;14.000000000032756;5.00000000001819;52.999999999974534
1690544005;-2.3283064365386963e-08;10.999999999967272;2.49999999996362;59.500000000025466
1690544006;1.0000000009313226;13.500000000021842;2.5000000000545697;57.50000000007276
1690544007;2.7500000316649675;11.500000000069136;3.499999999985448;53.99999999990541
1690544008;-0.2500000176951289;14.49999999995272;2.49999999996362;63.50000000002183
1690544009;5.499999993480742;21.500000000014566;2.5000000000545697;70.49999999999272
1690544010;40.25000003166497;14.999999999963634;3.4999999998944986;76.50000000003274
1690544011;14.749999972991645;11.499999999978186;2.5000000000545697;86.49999999997817
1690544012;0.24999999441206455;17.00000000009824;2.999999999974534;54.500000000007276
1690544013;1.750000030733645;10.999999999876323;3.999999999996362;63.50000000002183
1690544014;5.7499999878928065;21.000000000003652;3.5000000000763976;56.00000000004002
1690544015;23.74999998137355;15.500000000065498;1.9999999999527063;68.49999999994907
1690544016;43.750000023283064;13.500000000021842;5.00000000001819;83.50000000000364
1690544017;37.749999994412065;14.49999999995272;4.500000000007276;90.00000000005457
1690544018;8.00000000745058;14.000000000032756;2.49999999996362;80.00000000001819
1690544019;1.7500000074505806;18.999999999959996;5.00000000001819;53.99999999990541
1690544020;0.49999996554106474;14.50000000004367;1.9999999999527063;64.00000000003274
1690544021;1.000000024214387;13.499999999930893;3.0000000000654836;57.49999999998181
1690544022;1.2499999953433871;16.500000000087326;4.500000000007276;58.9999999999236
1690544023;1.7500000074505806;12.499999999909065;2.49999999996362;63.50000000002183
1690544024;2.000000001862645;16.00000000007641;4.500000000007276;57.999999999992724
1690544025;1.2499999720603228;13.500000000021842;2.5000000000545697;71.5000000001055
1690544026;4.499999992549419;56.9999999999709;1.9999999999527063;61.49999999997817
1690544027;16.250000009313226;37.500000000000014;4.500000000007276;59.00000000001455
1690544028;37.75000001769513;13.999999999941807;2.999999999974534;85.99999999996726
1690544029;35.999999986961484;18.500000000040032;3.5000000000763976;88.50000000002183
1690544030;34.5000000204891;19.999999999981824;1.4999999999417923;90.49999999997453
1690544031;7.749999966472387;23.000000000047308;3.499999999985448;93.50000000004002
1690544032;0.2500000176951289;15.499999999974548;2.999999999974534;59.99999999994543
1690544033;0.750000006519258;13.499999999930893;2.5000000000545697;65.99999999998545
1690544034;1.2499999953433871;17.00000000009824;3.0000000000654836;55.500000000029104
1690544035;0.4999999888241291;11.9999999999891;2.9999999998835847;65.50000000006548
1690544036;1.500000013038516;17.00000000000729;2.5000000000545697;57.49999999989086
1690544037;2.250000019557774;11.000000000058222;2.999999999974534;62.000000000080036
1690544038;0.7499999832361937;11.499999999887237;2.5000000000545697;63.000000000010914
1690544039;0.24999999441206455;14.49999999995272;5.999999999949068;57.999999999992724
1690544040;1.0000000009313226;12.500000000090964;2.0000000000436557;64.4999999999527
1690544041;1.2500000186264515;17.00000000000729;1.9999999999527063;73.99999999997817
1690544042;0.4999999888241291;10.999999999967272;3.499999999985448;73.0000000000473
1690544043;2.000000001862645;59.000000000014566;2.5000000000545697;57.999999999992724
1690544044;25.249999994412065;15.499999999974548;3.999999999996362;59.00000000001455
1690544045;42.99999999348074;12.500000000000014;2.49999999996362;84.00000000001455
1690544046;1.9999999785795808;11.500000000069136;1.4999999999417923;76.9999999999527
1690544047;1.5000000363215804;10.999999999967272;4.500000000098225;55.99999999994907
1690544048;1.2500000186264515;10.000000000036394;3.4999999998944986;56.50000000005093
1690544049;0.7499999832361937;11.499999999978186;6.000000000040018;55.500000000029104
1690544050;8.999999985098839;17.99999999993817;1.5000000000327418;55.500000000029104
1690544051;37.5;11.9999999999891;2.49999999996362;80.99999999994907
1690544052;34.25000000279397;13.000000000101878;4.0000000000873115;84.99999999994543
1690544053;41.00000001490116;12.499999999909065;2.9999999998835847;83.50000000009459
1690544054;31.74999998882413;11.000000000058222;5.500000000120053;81.49999999995998
1690544055;2.4999999906867743;12.499999999909065;1.9999999999527063;70.49999999999272
1690544056;0.5000000121071935;12.00000000008005;2.0000000000436557;55.00000000001819
1690544057;0.7499999832361937;11.9999999999891;4.99999999992724;56.49999999995998
1690544058;2.250000019557774;12.00000000008005;3.5000000000763976;55.99999999994907
1690544059;1.2499999953433871;12.499999999909065;4.4999999999163265;58.00000000008367
1690544060;2.3283064365386963e-08;10.499999999956358;2.5000000000545697;56.49999999995998
1690544061;2.2499999729916453;12.00000000008005;1.9999999999527063;54.500000000098225
1690544062;2.3283064365386963e-08;15.499999999974548;3.5000000000763976;55.99999999994907
1690544063;1.4999999664723873;11.500000000069136;2.4999999998726707;62.5
1690544064;4.500000015832484;12.499999999909065;4.0000000000873115;55.00000000001819
1690544065;1.0000000009313226;22.499999999945445;3.999999999996362;61.999999999989086
1690544066;35.25000000372529;13.500000000021842;1.9999999999527063;74.49999999998909
1690544067;31.249999976716936;12.500000000090964;6.500000000050932;73.49999999996726
1690544068;37.250000028871;11.499999999978186;1.5000000000327418;89.99999999996362
1690544069;2.000000001862645;12.500000000000014;3.9999999999054126;72.00000000011642
1690544070;0.4999999888241291;11.9999999999891;3.5000000000763976;56.49999999986903
1690544071;1.4999999897554517;13.000000000010928;2.49999999996362;55.00000000010914
1690544072;0.750000006519258;14.49999999995272;3.999999999996362;56.999999999970896
1690544073;0.750000006519258;12.500000000090964;2.0000000000436557;55.500000000029104
1690544074;1.4999999897554517;10.999999999876323;4.99999999992724;59.99999999994543
1690544075;6.0000000055879354;28.000000000065498;2.0000000000436557;62.000000000080036
1690544076;6.749999965541065;15.000000000054584;5.499999999938154;86.99999999989814
1690544077;27.00000002514571;11.99999999989815;4.0000000000873115;69.00000000005093
1690544078;45.00000001862645;12.500000000000014;1.4999999999417923;72.49999999994543
1690544079;9.249999979510903;10.500000000047308;5.00000000001819;86.99999999998909
1690544080;2.5000000139698386;13.000000000010928;2.5000000000545697;58.00000000008367
1690544081;1.2499999953433871;11.000000000058222;1.4999999999417923;55.00000000001819
1690544082;0.7499999832361937;14.999999999872685;6.000000000040018;56.49999999995998
1690544083;1.7500000074505806;11.500000000069136;3.499999999985448;56.50000000005093
1690544084;5.750000011175871;16.499999999996376;4.500000000007276;56.999999999970896
1690544085;18.75;12.999999999919979;2.5000000000545697;74.49999999998909
1690544086;1.4999999897554517;14.50000000004367;2.9999999998835847;60.00000000003638
1690544087;28.499999991618097;9.50000000002548;3.5000000000763976;61.99999999989814
1690544088;40.2500000083819;12.00000000008005;2.999999999974534;70.00000000007276
1690544089;12.750000017695129;9.49999999993453;3.999999999996362;88.50000000002183
1690544090;1.7499999841675162;11.499999999978186;3.0000000000654836;55.499999999938154
1690544091;1.7500000074505806;9.000000000014566;1.4999999999417923;55.500000000029104
1690544092;0;14.50000000004367;3.499999999985448;57.49999999998181
1690544093;5.7499999878928065;13.500000000021842;3.499999999985448;59.500000000025466
1690544094;10.00000003259629;19.999999999890875;4.500000000098225;90.49999999997453
1690544095;38.50000000093132;10.000000000036394;2.4999999998726707;84.50000000002547
1690544096;40.24999998509884;14.999999999963634;2.5000000000545697;83.50000000000364
1690544097;30.99999998230487;10.000000000036394;3.999999999996362;88.49999999993088
1690544098;1.0000000009313226;11.500000000069136;1.0000000000218279;63.50000000002183
1690544099;0.5000000121071935;10.999999999967272;5.499999999938154;54.500000000098225
1690544100;1.0000000009313226;11.499999999978186;1.5000000000327418;57.49999999989086
1690544101;1.9999999785795808;13.000000000010928;3.5000000000763976;56.50000000005093
1690544102;0.750000006519258;18.000000000029118;4.99999999992724;88.50000000002183
1690544103;2.0000000251457095;11.499999999978186;2.0000000000436557;72.49999999994543
1690544104;-0.2500000409781933;9.49999999993453;4.99999999992724;56.00000000004002
1690544105;1.2500000651925802;10.500000000047308;2.5000000000545697;55.00000000001819
1690544106;6.249999953433871;22.500000000036394;1.9999999999527063;59.99999999994543
1690544107;27.499999990686774;13.000000000010928;4.500000000007276;91.50000000008731
1690544108;41.250000009313226;11.9999999999891;2.999999999974534;80.49999999993815
1690544109;11.500000022351742;8.499999999912703;7.000000000061846;82.99999999999272
1690544110;-2.3283064365386963e-08;14.50000000004367;3.0000000000654836;56.00000000004002
1690544111;0.5000000121071935;8.500000000003652;1.9999999998617568;60.00000000003638
1690544112;0.9999999776482582;13.000000000010928;4.0000000000873115;55.499999999938154
1690544113;2.250000019557774;12.500000000000014;1.9999999999527063;56.49999999995998
1690544114;6.0000000055879354;11.499999999978186;4.500000000007276;55.00000000001819
1690544115;12.5;10.499999999956358;2.49999999996362;92.49999999992724
1690544116;24.499999987892807;13.500000000021842;2.0000000000436557;80.00000000010914
1690544117;3.499999991618097;10.500000000047308;3.499999999985448;60.499999999956344
1690544118;5.750000034458935;11.9999999999891;3.999999999996362;57.49999999998181
1690544119;18.999999994412065;14.999999999963634;3.499999999985448;68.50000000004002
1690544120;45.999999972991645;13.500000000021842;1.5000000000327418;78.49999999998545
1690544121;31.500000040978193;8.500000000003652;1.9999999999527063;76.00000000002183
1690544122;44.499999983236194;15.000000000054584;3.5000000000763976;86.99999999998909
1690544123;5.749999964609742;13.499999999930893;2.9999999998835847;79.99999999992724
1690544124;1.750000030733645;11.000000000058222;3.5000000000763976;55.50000000012005
1690544125;0.5000000121071935;10.000000000036394;3.499999999985448;54.99999999992724
1690544126;1.2499999720603228;12.999999999919979;2.49999999996362;56.00000000004002
1690544127;1.0000000009313226;10.999999999967272;3.0000000000654836;56.999999999970896
1690544128;0.750000006519258;12.00000000008005;3.999999999996362;54.500000000007276
1690544129;0.4999999888241291;9.999999999945445;2.5000000000545697;54.500000000007276
1690544130;2.750000008381903;11.9999999999891;3.4999999998944986;59.99999999994543
1690544131;0.750000006519258;10.000000000036394;3.0000000000654836;53.5000000000764
1690544132;2.749999985098839;13.000000000010928;2.999999999974534;55.500000000029104
1690544133;3.499999991618097;21.000000000003652;2.5000000000545697;60.499999999865395
1690544134;18.000000016763806;22.500000000036394;2.999999999974534;67.00000000009823
1690544135;30.250000022351742;9.49999999993453;4.500000000007276;73.99999999997817
1690544136;2.2499999729916453;13.000000000010928;4.500000000007276;66.49999999999636
1690544137;1.0000000009313226;10.999999999967272;3.9999999999054126;56.49999999995998
1690544138;4.749999986961484;14.50000000004367;3.5000000000763976;56.00000000004002
1690544139;22.500000009313226;18.499999999949083;4.500000000007276;86.99999999998909
1690544140;41.50000000372529;13.500000000112792;2.999999999974534;81.00000000004002
1690544141;32.50000001862645;22.99999999986541;2.49999999996362;84.50000000002547
1690544142;0.4999999888241291;17.500000000018204;5.00000000001819;78.49999999998545
1690544143;1.500000013038516;10.500000000047308;3.0000000000654836;53.49999999998545
1690544144;2.9999999795109034;12.500000000000014;1.9999999999527063;57.999999999992724
1690544145;-0.750000006519258;10.499999999956358;4.500000000007276;53.49999999998545
1690544146;2.2499999962747097;12.00000000008005;2.999999999974534;54.500000000007276
1690544147;4.500000015832484;13.999999999941807;4.500000000007276;54.500000000007276
1690544148;2.000000001862645;28.499999999985462;2.5000000000545697;76.50000000003274
1690544149;43.500000005587935;11.500000000069136;2.49999999996362;74.49999999989814
1690544150;38.74999999534339;12.499999999909065;5.00000000001819;84.50000000011642
1690544151;39.249999984167516;8.000000000083688;2.0000000000436557;87.99999999991996
1690544152;16.50000000372529;12.999999999919979;3.4999999998944986;88.99999999994179
1690544153;2.2499999962747097;13.000000000010928;3.0000000000654836;54.00000000008731
1690544154;2.5000000139698386;13.000000000010928;3.4999999998944986;54.49999999991633
1690544155;0.7499999832361937;10.999999999967272;3.0000000000654836;54.500000000098225
1690544156;0.2500000176951289;25.000000000000014;3.5000000000763976;59.500000000025466
1690544157;1.7500000074505806;9.50000000011643;5.499999999938154;54.49999999991633
1690544158;0;12.499999999909065;2.0000000000436557;55.00000000001819
1690544159;1.4999999897554517;11.9999999999891;2.4999999998726707;61.50000000006912
1690544160;1.0000000009313226;13.000000000010928;5.000000000109139;55.499999999938154
1690544161;5.249999999068677;18.000000000029118;2.0000000000436557;55.499999999938154
1690544162;0.7499999832361937;23.000000000047308;3.9999999999054126;84.00000000001455
1690544163;26.750000030733645;15.499999999883599;3.0000000000654836;76.00000000011278
1690544164;42.99999997019768;14.50000000004367;2.49999999996362;85.49999999995634
1690544165;4.000000027008355;12.00000000008005;3.999999999996362;76.50000000003274
1690544166;2.2499999962747097;12.500000000000014;1.9999999999527063;54.99999999992724
1690544167;0.2499999711290002;9.49999999993453;4.500000000098225;54.500000000007276
1690544168;4.000000027008355;14.999999999963634;4.4999999999163265;56.00000000004002
1690544169;1.7500000074505806;30.500000000029118;1.5000000000327418;78.49999999998545
1690544170;39.49999997857958;13.500000000021842;4.500000000007276;86.49999999997817
1690544171;21.25000001396984;13.000000000010928;2.0000000000436557;85.49999999995634
1690544172;2.2499999962747097;10.499999999956358;4.4999999999163265;55.500000000029104
1690544173;1.7499999841675162;39.50000000004367;2.0000000000436557;61.49999999997817
1690544174;1.2500000186264515;13.999999999941807;2.999999999974534;54.500000000007276
1690544175;4.500000015832484;16.500000000087326;3.999999999996362;56.00000000004002
1690544176;44.249999965541065;13.000000000010928;3.499999999985448;72.00000000002547
1690544177;37.250000005587935;7.499999999890875;3.999999999996362;90.99999999998545
1690544178;12.249999982304871;26.00000000011279;17.50000000001819;89.00000000003274
1690544179;37.75000004097819;11.499999999978186;1.5000000000327418;86.99999999998909
1690544180;26.249999972060323;11.499999999978186;3.999999999996362;88.49999999993088
1690544181;1.000000024214387;9.999999999945445;2.999999999974534;59.00000000001455
1690544182;1.4999999897554517;20.000000000072774;3.999999999996362;59.500000000025466
1690544183;1.0000000009313226;13.000000000010928;2.49999999996362;53.000000000065484
1690544184;2.4999999906867743;11.9999999999891;4.0000000000873115;55.499999999938154
1690544185;1.0000000009313226;10.999999999967272;3.499999999985448;53.99999999999636
1690544186;1.2499999953433871;14.999999999963634;4.4999999999163265;53.99999999999636
1690544187;0.7499999832361937;8.000000000083688;4.500000000098225;55.499999999938154
1690544188;1.000000024214387;13.499999999930893;2.999999999974534;53.5000000000764
1690544189;0;13.500000000021842;1.9999999999527063;59.500000000025466
1690544190;1.7500000074505806;12.500000000000014;5.00000000001819;55.00000000001819
1690544191;1.000000024214387;21.500000000014566;3.0000000000654836;56.49999999995998
1690544192;4.499999945983291;17.00000000000729;3.4999999998944986;81.9999999999709
1690544193;17.000000039115548;29.50000000000729;3.0000000000654836;95.00000000007276
1690544194;34.49999999720603;10.000000000036394;3.499999999985448;78.99999999999636
1690544195;28.74999998603016;15.999999999894513;4.0000000000873115;79.99999999992724
1690544196;34.0000000083819;22.00000000002548;3.4999999998944986;77.99999999997453
1690544197;23.750000004656613;17.500000000018204;4.500000000007276;84.50000000011642
1690544198;36.99999998789281;10.999999999967272;3.999999999996362;77.49999999987267
1690544199;3.2499999972060323;13.000000000010928;3.499999999985448;71.00000000009459
1690544200;0.24999999441206455;11.499999999978186;6.000000000040018;54.49999999991633
1690544201;1.7500000074505806;12.500000000000014;1.4999999999417923;53.99999999999636
1690544202;1.2499999953433871;11.500000000069136;5.000000000109139;56.00000000004002
1690544203;0.7499999832361937;12.999999999919979;2.999999999974534;53.99999999999636
1690544204;1.0000000009313226;10.500000000047308;2.49999999996362;57.49999999998181
1690544205;1.750000030733645;12.499999999909065;3.999999999996362;54.500000000007276
1690544206;0.7499999832361937;12.00000000008005;2.999999999974534;54.500000000007276
1690544207;0.7500000298023224;11.000000000058222;6.000000000040018;59.00000000001455
1690544208;1.0000000009313226;9.50000000002548;2.49999999996362;53.99999999999636
1690544209;1.2499999953433871;13.499999999930893;2.5000000000545697;55.00000000001819
1690544210;6.4999999944120646;11.9999999999891;3.9999999999054126;54.99999999992724
1690544211;1.2499999953433871;25.500000000010928;2.0000000000436557;81.50000000005093
1690544212;21.249999990686774;24.4999999999891;3.499999999985448;82.50000000007276
1690544213;35.25000000372529;17.499999999927255;2.5000000000545697;81.49999999986903
1690544214;33.00000000745058;11.500000000069136;2.49999999996362;85.00000000003638
1690544215;39.500000001862645;11.500000000069136;4.0000000000873115;85.00000000003638
1690544216;24.249999993480742;11.499999999978186;2.9999999998835847;86.99999999998909
1690544217;0.750000006519258;12.999999999919979;5.000000000109139;57.49999999998181
1690544218;0.24999999441206455;12.500000000090964;2.4999999998726707;54.500000000007276
1690544219;3.0000000027939677;11.99999999989815;3.5000000000763976;53.000000000065484
1690544220;1.0000000009313226;12.500000000090964;2.999999999974534;55.99999999994907
1690544221;0.750000006519258;10.499999999956358;2.999999999974534;59.500000000025466
1690544222;0.7499999832361937;12.00000000008005;4.0000000000873115;54.500000000007276
1690544223;0.4999999888241291;13.499999999930893;1.4999999999417923;55.00000000001819
1690544224;1.2500000186264515;14.999999999963634;2.5000000000545697;84.99999999994543
1690544225;0.750000006519258;12.500000000000014;4.99999999992724;56.00000000004002
1690544226;1.7499999841675162;15.000000000054584;3.5000000000763976;57.49999999998181
1690544227;4.499999992549419;20.999999999912703;4.4999999999163265;65.99999999998545
1690544228;1.0000000009313226;32.500000000072774;3.0000000000654836;86.49999999997817
1690544229;21.500000008381903;24.4999999999891;5.500000000029104;97.00000000002547
1690544230;3.0000000027939677;15.000000000054584;4.4999999999163265;68.0000000000291
1690544231;5.499999993480742;9.49999999993453;2.999999999974534;55.00000000001819
1690544232;43.75;14.000000000032756;4.500000000007276;61.999999999989086
1690544233;44.75000000093132;12.500000000000014;1.5000000000327418;91.49999999999636
1690544234;17.749999999068677;11.99999999989815;3.0000000000654836;85.00000000003638
1690544235;0.750000006519258;9.50000000002548;5.499999999938154;55.499999999938154
1690544236;0.7499999832361937;63.00000000010188;2.0000000000436557;60.499999999956344
1690544237;2.5000000139698386;8.500000000003652;5.499999999938154;55.00000000001819
1690544238;-0.5000000121071935;12.499999999909065;2.5000000000545697;53.99999999999636
1690544239;0.750000006519258;10.999999999967272;2.49999999996362;54.500000000007276
1690544240;2.5000000139698386;12.500000000000014;5.00000000001819;53.99999999999636
1690544241;4.750000010244548;9.50000000002548;2.5000000000545697;54.500000000007276
1690544242;4.999999958090484;25.000000000000014;3.9999999999054126;86.49999999997817
1690544243;39.500000048428774;13.000000000010928;1.5000000000327418;77.00000000004366
1690544244;39.99999996740371;19.50000000006186;2.0000000000436557;90.00000000005457
1690544245;28.000000026077032;11.499999999978186;3.4999999998944986;72.99999999995634
1690544246;20.74999997857958;13.500000000021842;3.0000000000654836;79.49999999991633
1690544247;1.2500000186264515;11.499999999978186;3.999999999996362;56.00000000004002
1690544248;1.7499999841675162;11.000000000058222;3.999999999996362;54.500000000098225
1690544249;0.4999999888241291;12.999999999919979;2.0000000000436557;55.499999999938154
1690544250;1.0000000009313226;11.499999999978186;4.4999999999163265;53.49999999998545
1690544251;0.750000006519258;9.000000000014566;2.5000000000545697;53.99999999999636
1690544252;1.7500000074505806;11.000000000058222;2.0000000000436557;57.999999999992724
1690544253;2.750000008381903;13.999999999941807;2.999999999974534;55.00000000001819
1690544254;3.249999973922968;38.99999999994181;2.999999999974534;63.49999999993088
1690544255;4.000000027008355;19.000000000050946;5.00000000001819;60.500000000047294
1690544256;40.4999999795109;12.500000000000014;3.9999999999054126;76.50000000003274
1690544257;41.75000002142042;9.50000000002548;4.500000000098225;85.99999999996726
1690544258;44.99999999534339;14.000000000032756;3.499999999985448;89.50000000004366
1690544259;6.500000017695129;17.00000000000729;3.9999999999054126;75.50000000001091
1690544260;1.9999999785795808;13.499999999930893;5.500000000120053;54.99999999992724
1690544261;0;9.50000000002548;1.9999999999527063;54.00000000008731
1690544262;2.2499999729916453;11.499999999978186;2.999999999974534;58.49999999991269
1690544263;0.2500000176951289;27.00000000004367;3.499999999985448;61.00000000005821
1690544264;0.7499999832361937;11.499999999978186;1.5000000000327418;52.999999999974534
1690544265;1.2500000186264515;10.999999999967272;5.00000000001819;54.49999999991633
1690544266;0.5000000121071935;26.000000000021842;2.49999999996362;54.00000000008731
1690544267;2.2499999962747097;30.49999999993817;3.499999999985448;58.50000000000364
1690544268;4.00000000372529;15.000000000145533;3.5000000000763976;72.00000000002547
1690544269;28.50000001490116;14.49999999995272;1.9999999999527063;92.00000000000728
1690544270;45.999999972991645;10.500000000047308;3.499999999985448;83.49999999991269
1690544271;40.74999999720603;9.999999999945445;2.5000000000545697;88.50000000002183
1690544272;2.750000008381903;11.000000000058222;1.9999999999527063;71.00000000000364
1690544273;1.500000013038516;12.999999999919979;3.999999999996362;53.49999999998545
1690544274;-2.3283064365386963e-08;11.9999999999891;2.0000000000436557;53.99999999999636
1690544275;1.2500000186264515;11.499999999978186;4.500000000007276;54.500000000098225
1690544276;0.750000006519258;13.000000000010928;1.9999999999527063;57.49999999998181
1690544277;0.9999999776482582;13.000000000010928;5.00000000001819;54.99999999992724
1690544278;5.000000004656613;12.500000000090964;3.999999999996362;55.00000000010914
1690544279;1.2500000186264515;29.999999999927255;3.0000000000654836;83.9999999999236
1690544280;18.49999998230487;15.500000000065498;4.4999999999163265;97.00000000002547
1690544281;26.249999995343387;12.499999999909065;2.5000000000545697;79.99999999992724
1690544282;1.000000024214387;12.500000000000014;2.999999999974534;58.50000000009459
1690544283;0.750000006519258;12.500000000000014;3.999999999996362;54.49999999991633
1690544284;3.249999973922968;13.500000000021842;2.0000000000436557;59.500000000025466
1690544285;16.250000009313226;12.500000000090964;2.9999999998835847;60.00000000003638
1690544286;25;14.49999999995272;3.0000000000654836;67.00000000000728
1690544287;47.24999996833503;10.499999999956358;4.500000000098225;71.4999999999236
1690544288;24.250000016763806;9.50000000002548;3.4999999998944986;90.00000000005457
1690544289;11.749999993480742;11.500000000069136;4.0000000000873115;65.00000000005457
1690544290;4.249999998137355;11.99999999989815;2.49999999996362;53.99999999990541
1690544291;2.3283064365386963e-08;10.499999999956358;3.499999999985448;57.000000000061846
1690544292;0.4999999888241291;10.500000000138257;3.499999999985448;54.99999999992724
1690544293;0.5000000121071935;13.499999999930893;2.999999999974534;54.00000000008731
1690544294;4.249999998137355;11.500000000069136;3.499999999985448;52.49999999987267
1690544295;3.0000000027939677;30.49999999993817;1.0000000000218279;75.00000000009095
1690544296;24.50000001117587;11.9999999999891;4.500000000007276;72.99999999995634
1690544297;10.25000000372529;11.500000000069136;2.5000000000545697;70.00000000007276
1690544298;0.7499999832361937;12.499999999909065;2.999999999974534;55.00000000001819
1690544299;13.749999995343387;13.000000000010928;1.9999999999527063;63.49999999993088
1690544300;44.74999997764826;11.9999999999891;3.0000000000654836;80.5000000000291
1690544301;33.25000002514571;11.500000000069136;1.9999999999527063;84.99999999994543
1690544302;0.24999999441206455;11.9999999999891;4.500000000007276;66.49999999999636
1690544303;1.2500000186264515;14.000000000032756;4.99999999992724;56.00000000004002
1690544304;1.2499999953433871;11.499999999887237;2.5000000000545697;52.999999999974534
1690544305;1.9999999785795808;10.500000000047308;3.5000000000763976;53.49999999998545
1690544306;0;14.999999999963634;4.4999999999163265;53.49999999998545
1690544307;6.000000028871;24.50000000008005;4.0000000000873115;68.0000000000291
1690544308;14.49999997857958;12.499999999909065;3.4999999998944986;100
1690544309;37.500000023283064;13.000000000010928;3.0000000000654836;72.00000000002547
1690544310;26.99999997857958;16.499999999996376;2.999999999974534;86.99999999998909
1690544311;43.25000001117587;12.500000000000014;3.499999999985448;83.50000000009459
1690544312;23.49999996367842;11.500000000069136;3.5000000000763976;90.49999999988358
1690544313;3.2500000204890966;11.9999999999891;3.4999999998944986;57.999999999992724
1690544314;0.4999999888241291;10.499999999956358;2.0000000000436557;52.50000000005457
1690544315;1.0000000474974513;11.500000000069136;2.5000000000545697;55.99999999994907
1690544316;1.9999999785795808;12.999999999919979;6.999999999970896;53.000000000065484
1690544317;0.4999999888241291;13.000000000010928;3.999999999996362;57.49999999998181
1690544318;0.9999999776482582;10.500000000047308;4.99999999992724;55.99999999994907
1690544319;0.7500000298023224;9.999999999945445;4.0000000000873115;53.99999999999636
1690544320;1.0000000009313226;19.000000000050946;2.999999999974534;59.00000000001455
1690544321;5.499999993480742;17.99999999993817;2.999999999974534;64.00000000003274
1690544322;13.250000006519258;14.50000000004367;4.500000000098225;73.0000000000473
1690544323;38.249999983236194;12.999999999919979;3.4999999998944986;74.49999999989814
1690544324;34.0000000083819;9.000000000014566;4.0000000000873115;82.50000000007276
1690544325;27.74999998509884;10.000000000036394;1.4999999999417923;88.00000000001091
1690544326;25.500000012107193;16.00000000007641;3.999999999996362;70.49999999999272
1690544327;32.49999999534339;9.000000000014566;3.999999999996362;78.4999999998945
1690544328;11.749999993480742;20.999999999912703;2.0000000000436557;83.50000000009459
1690544329;2.750000008381903;10.000000000036394;2.999999999974534;52.999999999974534
1690544330;1.2499999953433871;11.499999999978186;2.999999999974534;53.99999999999636
1690544331;-0.5000000121071935;10.500000000047308;4.500000000007276;53.49999999998545
1690544332;1.750000030733645;13.499999999930893;1.5000000000327418;55.00000000010914
1690544333;0.7499999832361937;12.500000000000014;3.9999999999054126;60.99999999996726
1690544334;2.7500000316649675;9.50000000002548;2.5000000000545697;53.49999999998545
1690544335;-0.2500000409781933;11.499999999978186;2.5000000000545697;54.49999999991633
1690544336;1.500000013038516;14.50000000004367;4.4999999999163265;52.999999999974534
1690544337;1.2499999953433871;9.000000000014566;3.5000000000763976;52.50000000005457
1690544338;0.4999999888241291;14.000000000032756;3.999999999996362;56.00000000004002
1690544339;0.7499999832361937;12.999999999919979;2.5000000000545697;59.00000000001455
1690544340;1.5000000596046448;16.00000000007641;2.4999999998726707;57.49999999998181
1690544341;5.249999975785613;34.999999999945445;2.5000000000545697;68.99999999995998
1690544342;7.499999995343387;23.999999999978186;3.499999999985448;82.99999999999272
1690544343;23.24999999254942;10.499999999956358;3.499999999985448;64.99999999996362
1690544344;0.7499999832361937;12.500000000090964;2.49999999996362;54.500000000098225
1690544345;17.500000027939677;10.999999999967272;3.0000000000654836;60.99999999996726
1690544346;43.500000005587935;15.999999999985462;3.0000000000654836;73.99999999997817
1690544347;32.49999999534339;10.499999999956358;2.4999999998726707;86.49999999997817
1690544348;29.00000000372529;14.50000000004367;5.500000000120053;68.99999999995998
1690544349;37.250000005587935;10.499999999956358;3.4999999998944986;87.50000000009095
1690544350;8.999999985098839;13.500000000112792;2.5000000000545697;77.50000000005457
1690544351;1.2500000186264515;8.500000000003652;2.999999999974534;52.999999999974534
1690544352;-0.2500000176951289;12.999999999919979;3.999999999996362;54.500000000007276
1690544353;1.0000000009313226;9.999999999945445;3.499999999985448;54.99999999992724
1690544354;1.0000000009313226;10.500000000047308;3.5000000000763976;53.99999999999636
1690544355;0.750000006519258;13.000000000010928;9.499999999934516;59.500000000025466
1690544356;1.4999999897554517;12.500000000000014;4.500000000007276;55.00000000001819
1690544357;0.750000006519258;8.500000000003652;3.0000000000654836;68.49999999994907
1690544358;0.750000006519258;10.999999999967272;4.99999999992724;59.500000000025466
1690544359;1.0000000009313226;11.000000000058222;2.999999999974534;51.50000000003274
1690544360;4.9999999813735485;16.499999999996376;2.5000000000545697;69.99999999998181
1690544361;0.750000006519258;16.99999999991634;3.499999999985448;64.4999999999527
1690544362;37.749999994412065;12.500000000090964;3.499999999985448;85.00000000003638
1690544363;35.750000015832484;11.9999999999891;2.5000000000545697;88.00000000001091
1690544364;27.999999979510903;11.499999999978186;2.999999999974534;81.00000000004002
1690544365;42.25000003352761;11.000000000058222;2.0000000000436557;85.49999999995634
1690544366;25.749999983236194;11.499999999978186;4.4999999999163265;85.49999999995634
1690544367;0.750000006519258;7.499999999890875;2.5000000000545697;61.999999999989086
1690544368;1.2499999953433871;12.00000000008005;5.00000000001819;54.500000000007276
1690544369;1.0000000009313226;10.500000000047308;2.4999999998726707;54.500000000098225
1690544370;0.9999999776482582;25.000000000000014;2.5000000000545697;55.00000000001819
1690544371;0.750000006519258;8.499999999912703;4.500000000098225;57.999999999992724
1690544372;1.2499999953433871;11.500000000069136;5.499999999938154;53.4999999998945
1690544373;1.000000024214387;10.000000000036394;3.999999999996362;58.00000000008367
1690544374;2.000000001862645;9.49999999993453;2.49999999996362;51.999999999952706
1690544375;0.24999999441206455;9.50000000002548;1.5000000000327418;54.500000000007276
1690544376;0.24999999441206455;10.500000000047308;6.500000000050932;55.00000000001819
1690544377;1.750000030733645;9.999999999945445;2.4999999998726707;55.499999999938154
1690544378;1.7499999841675162;17.500000000018204;4.500000000098225;58.00000000008367
1690544379;1.4999999897554517;44.999999999890875;4.4999999999163265;51.49999999994179
1690544380;1.4999999897554517;20.500000000083688;3.0000000000654836;49.500000000080036
1690544381;0.24999999441206455;10.499999999956358;5.00000000001819;9.499999999934516
1690544382;1.7500000074505806;12.500000000090964;3.499999999985448;3.499999999985448
1690544383;-0.7499999832361937;13.499999999930893;3.499999999985448;9.000000000014552
1690544384;3.0000000027939677;10.000000000036394;2.999999999974534;3.499999999985448
1690544385;-2.3283064365386963e-08;11.9999999999891;2.5000000000545697;5.00000000001819
1690544386;0.5000000121071935;11.9999999999891;4.500000000007276;2.0000000000436557
1690544387;0.9999999776482582;11.000000000058222;2.49999999996362;7.999999999992724
1690544388;0.750000006519258;9.49999999993453;6.000000000040018;4.4999999999163265
1690544389;2.7500000316649675;13.000000000010928;1.9999999999527063;2.5000000000545697
1690544390;0.9999999776482582;15.000000000054584;4.500000000007276;2.999999999974534
1690544391;1.2499999953433871;10.499999999956358;3.999999999996362;3.999999999996362
1690544392;0.24999999441206455;11.9999999999891;3.999999999996362;4.0000000000873115
1690544393;2.250000019557774;13.499999999930893;4.500000000098225;4.99999999992724
1690544394;-2.3283064365386963e-08;11.000000000058222;2.4999999998726707;3.499999999985448
1690544395;1.2500000419095159;10.999999999967272;2.5000000000545697;4.0000000000873115
1690544396;0.750000006519258;14.50000000004367;5.499999999938154;4.99999999992724
1690544397;1.2499999720603228;10.999999999967272;2.0000000000436557;2.49999999996362
1690544398;1.2499999953433871;11.500000000069136;5.500000000029104;5.500000000120053
1690544399;0;12.500000000000014;2.0000000000436557;0.9999999999308784
1690544400;2.9999999795109034;16.499999999996376;3.9999999999054126;5.999999999949068
1690544401;1.5000000363215804;10.999999999967272;5.00000000001819;4.0000000000873115
1690544402;-2.3283064365386963e-08;11.500000000069136;2.5000000000545697;6.499999999959982
1690544403;0.750000006519258;13.499999999930893;3.499999999985448;5.00000000001819
1690544404;1.500000013038516;10.000000000036394;1.9999999999527063;2.999999999974534
1690544405;0.9999999776482582;10.499999999956358;2.999999999974534;3.499999999985448
1690544406;1.000000024214387;13.500000000021842;5.500000000029104;13.000000000010914
1690544407;0;8.500000000003652;2.49999999996362;3.0000000000654836
1690544408;1.4999999897554517;12.499999999909065;6.500000000050932;3.4999999998944986
1690544409;0.750000006519258;10.500000000138257;3.999999999996362;4.0000000000873115
1690544410;1.4999999897554517;16.499999999996376;3.499999999985448;2.9999999998835847
1690544411;0.750000006519258;9.49999999993453;3.5000000000763976;6.000000000130967
1690544412;2.000000001862645;11.500000000069136;3.4999999998944986;3.9999999999054126
1690544413;-0.5000000121071935;11.499999999978186;4.0000000000873115;3.5000000000763976
1690544414;1.2499999720603228;13.000000000010928;2.999999999974534;5.499999999938154
1690544415;0.750000006519258;11.499999999978186;2.49999999996362;3.999999999996362
1690544416;1.5000000596046448;13.500000000021842;5.500000000029104;3.0000000000654836
1690544417;0.7499999599531293;9.999999999945445;2.5000000000545697;1.9999999999527063
1690544418;1.500000013038516;11.499999999978186;6.499999999869033;3.999999999996362
1690544419;1.0000000009313226;10.500000000047308;2.5000000000545697;4.500000000007276
1690544420;1.4999999897554517;16.499999999905427;2.5000000000545697;3.499999999985448
1690544421;0.24999999441206455;9.50000000002548;4.99999999992724;3.5000000000763976
1690544422;0.750000006519258;14.000000000123705;2.999999999974534;2.999999999974534
1690544423;2.750000008381903;13.499999999930893;4.0000000000873115;2.999999999974534
1690544424;0.2499999711290002;15.499999999974548;2.999999999974534;6.000000000040018
1690544425;1.0000000009313226;11.9999999999891;3.499999999985448;5.00000000001819
1690544426;0.5000000121071935;11.500000000069136;5.00000000001819;3.4999999998944986
1690544427;2.5000000139698386;11.499999999978186;2.5000000000545697;3.0000000000654836
1690544428;0;11.9999999999891;5.999999999949068;2.999999999974534
