Time;{instance="10.231.0.208:9100"};{instance="192.168.221.10:9100"};{instance="192.168.221.11:9100"};{instance="192.168.221.12:9100"}
1690543948;0;0;0;0
1690543949;0;0;0;0
1690543950;16777216;0;0;0
1690543951;8151040;0;0;4096
1690543952;73728;0;0;40960
1690543953;0;0;0;4096
1690543954;0;0;0;4096
1690543955;0;0;0;4096
1690543956;0;0;0;0
1690543957;0;0;0;0
1690543958;0;0;0;0
1690543959;0;0;0;4096
1690543960;0;0;0;4096
1690543961;0;0;0;0
1690543962;0;0;0;4096
1690543963;0;0;0;0
1690543964;0;0;0;0
1690543965;0;0;0;0
1690543966;0;0;0;4096
1690543967;0;0;0;0
1690543968;0;0;0;4096
1690543969;16384;0;0;4096
1690543970;86675456;0;0;4096
1690543971;89862144;0;0;12288
1690543972;107286528;0;0;4096
1690543973;73768960;0;0;1052672
1690543974;25083904;0;0;1568768
1690543975;0;0;0;9338880
1690543976;0;0;0;0
1690543977;0;0;0;0
1690543978;0;0;0;0
1690543979;0;0;0;0
1690543980;0;0;0;61440
1690543981;0;0;0;28672
1690543982;0;0;0;73728
1690543983;0;0;0;0
1690543984;0;0;0;0
1690543985;0;0;0;8192
1690543986;0;0;0;0
1690543987;0;0;0;12288
1690543988;0;0;0;16384
1690543989;0;0;0;249856
1690543990;0;0;0;8192
1690543991;0;0;0;4096
1690543992;0;0;0;118784
1690543993;0;0;0;266240
1690543994;0;0;0;126976
1690543995;0;0;0;8192
1690543996;0;0;0;1597440
1690543997;0;0;0;540672
1690543998;0;0;0;573440
1690543999;0;0;0;1318912
1690544000;0;0;0;24576
1690544001;0;0;0;139264
1690544002;0;0;0;57344
1690544003;0;0;0;913408
1690544004;0;0;0;0
1690544005;0;0;0;212992
1690544006;0;0;0;524288
1690544007;0;0;0;176128
1690544008;0;0;0;352256
1690544009;45056;0;0;380928
1690544010;87670784;0;0;610304
1690544011;28295168;0;0;421888
1690544012;0;0;0;3702784
1690544013;0;0;0;909312
1690544014;16384;0;0;405504
1690544015;44498944;0;0;1069056
1690544016;112283648;0;0;65536
1690544017;96436224;0;0;3657728
1690544018;13488128;0;0;548864
1690544019;0;0;0;0
1690544020;0;0;0;4096
1690544021;0;0;0;0
1690544022;0;0;0;200704
1690544023;0;0;0;4096
1690544024;0;0;0;131072
1690544025;0;0;0;1187840
1690544026;16384;0;0;274432
1690544027;38408192;0;0;4096
1690544028;108548096;0;0;176128
1690544029;100159488;0;0;53248
1690544030;94654464;0;0;12288
1690544031;17686528;0;0;8192
1690544032;0;0;0;32768
1690544033;0;0;0;57344
1690544034;0;0;0;0
1690544035;0;0;0;12288
1690544036;0;0;0;86016
1690544037;0;0;0;20480
1690544038;0;0;0;4096
1690544039;0;0;0;0
1690544040;0;0;0;364544
1690544041;0;0;0;24576
1690544042;0;0;0;77824
1690544043;0;0;0;4096
1690544044;40312832;0;0;241664
1690544045;98910208;0;0;12288
1690544046;0;0;0;110592
1690544047;0;0;0;147456
1690544048;0;0;0;0
1690544049;0;0;0;4096
1690544050;5533696;0;0;323584
1690544051;96960512;0;0;802816
1690544052;76976128;0;0;626688
1690544053;96956416;0;0;409600
1690544054;71471104;0;0;8192
1690544055;0;0;0;4096
1690544056;0;0;0;0
1690544057;0;0;0;180224
1690544058;0;0;0;81920
1690544059;0;0;0;4096
1690544060;0;0;0;0
1690544061;0;0;0;0
1690544062;0;0;0;36864
1690544063;0;0;0;16384
1690544064;16384;0;0;0
1690544065;0;0;0;393216
1690544066;77381632;0;0;200704
1690544067;65372160;0;0;184320
1690544068;89153536;0;0;20480
1690544069;0;0;0;4096
1690544070;0;0;0;0
1690544071;0;0;0;344064
1690544072;0;0;0;16384
1690544073;0;0;0;0
1690544074;0;0;0;540672
1690544075;16384;0;0;249856
1690544076;11595776;0;0;114688
1690544077;44503040;0;0;7380992
1690544078;106254336;0;0;385024
1690544079;23195648;0;0;16384
1690544080;0;0;0;4096
1690544081;0;0;0;0
1690544082;0;0;0;28672
1690544083;0;0;0;4096
1690544084;12288;0;0;49152
1690544085;34787328;0;0;3059712
1690544086;0;0;0;32768
1690544087;44507136;0;0;495616
1690544088;86814720;0;0;593920
1690544089;31174656;0;0;720896
1690544090;0;0;0;733184
1690544091;0;0;0;339968
1690544092;0;0;0;1916928
1690544093;28672;0;0;3444736
1690544094;20709376;0;0;897024
1690544095;84635648;0;0;552960
1690544096;101474304;0;0;2498560
1690544097;71471104;0;0;270336
1690544098;0;0;0;0
1690544099;0;0;0;0
1690544100;0;0;0;651264
1690544101;0;0;0;4096
1690544102;0;0;0;81920
1690544103;0;0;0;1163264
1690544104;0;0;0;0
1690544105;0;0;0;0
1690544106;20480;0;0;622592
1690544107;60588032;0;0;2285568
1690544108;105345024;0;0;225280
1690544109;19582976;0;0;1622016
1690544110;0;0;0;0
1690544111;0;0;0;2277376
1690544112;0;0;0;16384
1690544113;0;0;0;131072
1690544114;12288;0;0;12288
1690544115;26804224;0;0;372736
1690544116;54362112;0;0;577536
1690544117;0;0;0;4096
1690544118;24576;0;0;0
1690544119;38412288;0;0;409600
1690544120;100737024;0;0;401408
1690544121;72192000;0;0;69632
1690544122;118833152;0;0;36864
1690544123;6090752;0;0;114688
1690544124;0;0;0;0
1690544125;0;0;0;0
1690544126;0;0;0;0
1690544127;0;0;0;4096
1690544128;0;0;0;40960
1690544129;0;0;0;0
1690544130;0;0;0;4096
1690544131;0;0;0;532480
1690544132;12288;0;0;8192
1690544133;32768;0;0;659456
1690544134;34791424;0;0;94208
1690544135;69574656;0;0;258048
1690544136;0;0;0;94208
1690544137;0;0;0;0
1690544138;16384;0;0;118784
1690544139;44490752;0;0;487424
1690544140;88567808;0;0;454656
1690544141;75665408;0;0;4096
1690544142;0;0;0;221184
1690544143;0;0;0;73728
1690544144;0;0;0;0
1690544145;0;0;0;0
1690544146;0;0;0;155648
1690544147;28672;0;0;0
1690544148;0;0;0;376832
1690544149;89554944;0;0;151552
1690544150;92749824;0;0;167936
1690544151;105668608;0;0;4096
1690544152;36683776;0;0;28672
1690544153;0;0;0;0
1690544154;0;0;0;0
1690544155;0;0;0;0
1690544156;0;0;0;4096
1690544157;0;0;0;0
1690544158;0;0;0;0
1690544159;0;0;0;12288
1690544160;0;0;0;24576
1690544161;12288;0;0;20480
1690544162;0;0;0;696320
1690544163;56090624;0;0;90112
1690544164;83066880;0;0;159744
1690544165;11595776;0;0;4096
1690544166;0;0;0;24576
1690544167;0;0;0;0
1690544168;12288;0;0;0
1690544169;0;0;0;315392
1690544170;81211392;0;0;159744
1690544171;46379008;0;0;8192
1690544172;0;0;0;49152
1690544173;0;0;0;122880
1690544174;0;0;0;0
1690544175;16384;0;0;0
1690544176;112758784;0;0;397312
1690544177;95977472;0;0;110592
1690544178;34787328;0;0;12288
1690544179;98787328;0;0;0
1690544180;63545344;0;0;4096
1690544181;0;0;0;4096
1690544182;0;0;0;20480
1690544183;0;0;0;0
1690544184;0;0;0;90112
1690544185;0;0;0;0
1690544186;0;0;0;0
1690544187;0;0;0;200704
1690544188;0;0;0;0
1690544189;0;0;0;4096
1690544190;0;0;0;192512
1690544191;0;0;0;0
1690544192;20480;0;0;475136
1690544193;34803712;0;0;73728
1690544194;90841088;0;0;495616
1690544195;71442432;0;0;81920
1690544196;81170432;0;0;20480
1690544197;56811520;0;0;0
1690544198;92033024;0;0;4096
1690544199;1896448;0;0;2756608
1690544200;0;0;0;4096
1690544201;0;0;0;0
1690544202;0;0;0;16384
1690544203;0;0;0;0
1690544204;0;0;0;4096
1690544205;0;0;0;0
1690544206;0;0;0;0
1690544207;0;0;0;4096
1690544208;0;0;0;0
1690544209;0;0;0;4096
1690544210;28672;0;0;0
1690544211;0;0;0;528384
1690544212;49991680;0;0;139264
1690544213;100741120;0;0;307200
1690544214;79994880;0;0;8192
1690544215;103636992;0;0;24576
1690544216;59875328;0;0;8192
1690544217;0;0;0;0
1690544218;0;0;0;0
1690544219;0;0;0;0
1690544220;0;0;0;0
1690544221;0;0;0;4096
1690544222;0;0;0;139264
1690544223;0;0;0;245760
1690544224;0;0;0;487424
1690544225;0;0;0;16384
1690544226;0;0;0;0
1690544227;12288;0;0;4096
1690544228;0;0;0;356352
1690544229;40296448;0;0;114688
1690544230;6090752;0;0;126976
1690544231;16384;0;0;360448
1690544232;90611712;0;0;335872
1690544233;110448640;0;0;266240
1690544234;42446848;0;0;12288
1690544235;0;0;0;20480
1690544236;0;0;0;4096
1690544237;0;0;0;131072
1690544238;0;0;0;0
1690544239;0;0;0;0
1690544240;0;0;0;0
1690544241;20480;0;0;0
1690544242;4206592;0;0;376832
1690544243;83787776;0;0;495616
1690544244;94339072;0;0;516096
1690544245;61186048;0;0;24576
1690544246;46379008;0;0;69632
1690544247;0;0;0;0
1690544248;0;0;0;0
1690544249;0;0;0;32768
1690544250;0;0;0;0
1690544251;0;0;0;0
1690544252;0;0;0;16384
1690544253;0;0;0;0
1690544254;16384;0;0;774144
1690544255;0;0;0;4096
1690544256;86683648;0;0;380928
1690544257;102461440;0;0;8192
1690544258;104361984;0;0;24576
1690544259;7987200;0;0;4096
1690544260;0;0;0;0
1690544261;0;0;0;20480
1690544262;0;0;0;16384
1690544263;0;0;0;4096
1690544264;0;0;0;90112
1690544265;0;0;0;0
1690544266;0;0;0;102400
1690544267;0;0;0;102400
1690544268;16384;0;0;581632
1690544269;53211136;0;0;212992
1690544270;105660416;0;0;118784
1690544271;96223232;0;0;4096
1690544272;0;0;0;36864
1690544273;0;0;0;94208
1690544274;0;0;0;0
1690544275;0;0;0;0
1690544276;0;0;0;806912
1690544277;0;0;0;73728
1690544278;12288;0;0;0
1690544279;0;0;0;1126400
1690544280;34205696;0;0;8192
1690544281;58564608;0;0;1441792
1690544282;0;0;0;45056
1690544283;0;0;0;0
1690544284;12288;0;0;4096
1690544285;23191552;0;0;987136
1690544286;34811904;0;0;552960
1690544287;114061312;0;0;458752
1690544288;48275456;0;0;20480
1690544289;23187456;0;0;12288
1690544290;0;0;0;0
1690544291;0;0;0;0
1690544292;0;0;0;32768
1690544293;0;0;0;0
1690544294;61440;0;0;0
1690544295;0;0;0;294912
1690544296;47685632;0;0;126976
1690544297;21876736;0;0;167936
1690544298;0;0;0;4096
1690544299;17842176;0;0;716800
1690544300;101732352;0;0;290816
1690544301;77557760;0;0;4096
1690544302;0;0;0;24576
1690544303;0;0;0;942080
1690544304;0;0;0;552960
1690544305;0;0;0;0
1690544306;0;0;0;0
1690544307;24576;0;0;614400
1690544308;24915968;0;0;102400
1690544309;78917632;0;0;294912
1690544310;56725504;0;0;86016
1690544311;100167680;0;0;24576
1690544312;52469760;0;0;454656
1690544313;0;0;0;77824
1690544314;0;0;0;0
1690544315;0;0;0;0
1690544316;0;0;0;0
1690544317;0;0;0;4096
1690544318;0;0;0;0
1690544319;0;0;0;0
1690544320;0;0;0;4096
1690544321;20480;0;0;421888
1690544322;30285824;0;0;225280
1690544323;106975232;0;0;729088
1690544324;83865600;0;0;118784
1690544325;76648448;0;0;28672
1690544326;61763584;0;0;0
1690544327;79273984;0;0;4096
1690544328;25083904;0;0;4096
1690544329;0;0;0;0
1690544330;0;0;0;167936
1690544331;0;0;0;0
1690544332;0;0;0;32768
1690544333;0;0;0;4096
1690544334;0;0;0;0
1690544335;0;0;0;0
1690544336;0;0;0;0
1690544337;0;0;0;4096
1690544338;0;0;0;0
1690544339;0;0;0;4096
1690544340;0;0;0;28672
1690544341;102400;0;0;425984
1690544342;5509120;0;0;45056
1690544343;52469760;0;0;155648
1690544344;0;0;0;4096
1690544345;22634496;0;0;561152
1690544346;92758016;0;0;61440
1690544347;81760256;0;0;352256
1690544348;67682304;0;0;40960
1690544349;92766208;0;0;4096
1690544350;13492224;0;0;4096
1690544351;0;0;0;0
1690544352;0;0;0;16384
1690544353;0;0;0;0
1690544354;0;0;0;0
1690544355;0;0;0;4096
1690544356;0;0;0;0
1690544357;0;0;0;4096
1690544358;0;0;0;0
1690544359;0;0;0;0
1690544360;16384;0;0;106496
1690544361;0;0;0;389120
1690544362;90877952;0;0;524288
1690544363;83066880;0;0;73728
1690544364;69570560;0;0;147456
1690544365;109862912;0;0;40960
1690544366;64073728;0;0;8192
1690544367;0;0;0;131072
1690544368;0;0;0;0
1690544369;0;0;0;0
1690544370;0;0;0;249856
1690544371;0;0;0;4096
1690544372;0;0;0;12288
1690544373;0;0;0;417792
1690544374;0;0;0;0
1690544375;0;0;0;0
1690544376;0;0;0;241664
1690544377;0;0;0;0
1690544378;0;0;0;356352
1690544379;0;0;0;0
1690544380;0;0;0;770048
1690544381;0;0;0;684032
1690544382;0;0;0;0
1690544383;0;0;0;0
1690544384;0;0;0;0
1690544385;0;0;0;40960
1690544386;0;0;0;131072
1690544387;0;0;0;0
1690544388;0;0;0;0
1690544389;0;0;0;0
1690544390;0;0;0;0
1690544391;0;0;0;0
1690544392;0;0;0;0
1690544393;0;0;0;0
1690544394;0;0;0;0
1690544395;0;0;0;0
1690544396;0;0;0;0
1690544397;0;0;0;0
1690544398;0;0;0;0
1690544399;0;0;0;0
1690544400;0;0;0;839680
1690544401;0;0;0;241664
1690544402;0;0;0;0
1690544403;0;0;0;180224
1690544404;0;0;0;0
1690544405;0;0;0;131072
1690544406;0;0;0;159744
1690544407;0;0;0;0
1690544408;0;0;0;0
1690544409;0;0;0;0
1690544410;0;0;0;0
1690544411;0;0;0;0
1690544412;0;0;0;0
1690544413;0;0;0;0
1690544414;0;0;0;0
1690544415;0;0;0;0
1690544416;0;0;0;0
1690544417;0;0;0;0
1690544418;0;0;0;0
1690544419;0;0;0;0
1690544420;0;0;0;0
1690544421;0;0;0;0
1690544422;0;0;0;0
1690544423;0;0;0;225280
1690544424;0;0;0;0
1690544425;0;0;0;0
1690544426;0;0;0;0
1690544427;0;0;0;0
1690544428;0;0;0;0
