Time;{instance="10.231.0.208:9100"};{instance="192.168.221.10:9100"};{instance="192.168.221.11:9100"};{instance="192.168.221.12:9100"}
1690543948;0;24575.999999999996;0;0
1690543949;0;151551.99999999997;0;0
1690543950;0;208895.99999999997;0;1753088
1690543951;0;151551.99999999997;0;102903808
1690543952;0;86015.99999999999;0;96878592
1690543953;0;81919.99999999999;0;116019200
1690543954;0;122879.99999999999;0;95875072
1690543955;139264;40959.99999999999;0;84533248
1690543956;0;172031.99999999997;0;913408
1690543957;0;77823.99999999999;0;1757184
1690543958;0;126975.99999999999;0;638976
1690543959;0;90111.99999999999;0;68190208
1690543960;65536;73727.99999999999;0;104927232
1690543961;4096;135167.99999999997;0;696320
1690543962;0;40959.99999999999;0;190332928
1690543963;0;180223.99999999997;0;970752
1690543964;0;28671.999999999996;0;1236992
1690543965;8192;180223.99999999997;0;1167360
1690543966;0;65535.99999999999;0;129454080
1690543967;0;36863.99999999999;8192;1650688
1690543968;0;155647.99999999997;0;113528832
1690543969;0;163839.99999999997;0;119910400
1690543970;28672;188415.99999999997;20480;184119296
1690543971;0;81919.99999999999;0;108347392
1690543972;0;49151.99999999999;0;96768000
1690543973;0;155647.99999999997;0;107773952
1690543974;155648;49151.99999999999;0;154640384
1690543975;0;135167.99999999997;0;24346624
1690543976;0;122879.99999999999;0;1216512
1690543977;0;118783.99999999999;0;745472
1690543978;0;81919.99999999999;0;1384448
1690543979;24576;24575.999999999996;0;1093632
1690543980;0;192511.99999999997;0;724992
1690543981;0;24575.999999999996;0;1716224
1690543982;0;167935.99999999997;0;170635264
1690543983;0;90111.99999999999;0;1552384
1690543984;0;135167.99999999997;0;794624
1690543985;16384;69631.99999999999;0;189665280
1690543986;0;278527.99999999994;0;1212416
1690543987;0;184319.99999999997;0;1351680
1690543988;0;110591.99999999999;0;219467776
1690543989;0;81919.99999999999;0;64028672
1690543990;0;143359.99999999997;0;119681024
1690543991;0;40959.99999999999;0;84619264
1690543992;143360;184319.99999999997;0;107986944
1690543993;0;73727.99999999999;0;108212224
1690543994;0;114687.99999999999;0;1126400
1690543995;0;106495.99999999999;0;206057472
1690543996;0;118783.99999999999;0;737280
1690543997;57344;126975.99999999999;0;1277952
1690543998;0;90111.99999999999;147456;108711936
1690543999;0;94207.99999999999;20480;913408
1690544000;0;131071.99999999999;0;716800
1690544001;0;32767.999999999996;0;2084864
1690544002;36864;184319.99999999997;0;823296
1690544003;0;28671.999999999996;12288;254484480
1690544004;0;188415.99999999997;0;286720
1690544005;0;28671.999999999996;0;1732608
1690544006;0;114687.99999999999;0;839680
1690544007;0;114687.99999999999;0;1052672
1690544008;8192;114687.99999999999;0;1744896
1690544009;0;188415.99999999997;0;191139840
1690544010;0;90111.99999999999;0;94023680
1690544011;0;49151.99999999999;0;107954176
1690544012;0;221183.99999999997;0;704512
1690544013;0;0;0;1404928
1690544014;69632;196607.99999999997;0;991232
1690544015;0;131071.99999999999;0;203763712
1690544016;0;167935.99999999997;0;85172224
1690544017;0;106495.99999999999;0;115490816
1690544018;0;57343.99999999999;0;76496896
1690544019;131072;126975.99999999999;0;1089536
1690544020;0;86015.99999999999;0;1773568
1690544021;0;167935.99999999997;0;679936
1690544022;0;106495.99999999999;0;1589248
1690544023;0;81919.99999999999;0;107614208
1690544024;0;184319.99999999997;0;716800
1690544025;57344;53247.99999999999;0;127365120
1690544026;0;172031.99999999997;0;73539584
1690544027;0;192511.99999999997;0;178659328
1690544028;0;28671.999999999996;0;88604672
1690544029;0;221183.99999999997;0;108257280
1690544030;4096;32767.999999999996;0;96919552
1690544031;122880;217087.99999999997;0;174030848
1690544032;0;253951.99999999997;0;16474112
1690544033;0;94207.99999999999;0;1490944
1690544034;0;184319.99999999997;0;1073152
1690544035;45056;53247.99999999999;0;1409024
1690544036;0;159743.99999999997;0;1110016
1690544037;28672;86015.99999999999;0;1806336
1690544038;0;49151.99999999999;0;127733760
1690544039;0;172031.99999999997;0;1052672
1690544040;0;0;0;1396736
1690544041;0;192511.99999999997;16384;127205376
1690544042;28672;61439.99999999999;0;223596544
1690544043;0;106495.99999999999;0;70336512
1690544044;0;143359.99999999997;0;5419008
1690544045;8192;159743.99999999997;0;73539584
1690544046;0;126975.99999999999;0;95965184
1690544047;0;57343.99999999999;0;778240
1690544048;12288;0;0;58843136
1690544049;73728;106495.99999999999;0;95416320
1690544050;0;143359.99999999997;0;1294336
1690544051;0;114687.99999999999;0;127492096
1690544052;0;0;0;112267264
1690544053;0;53247.99999999999;0;143679488
1690544054;126976;24575.999999999996;20480;111374336
1690544055;57344;94207.99999999999;0;94965760
1690544056;0;32767.999999999996;147456;720896
1690544057;0;49151.99999999999;0;91107328
1690544058;0;12287.999999999998;0;704512
1690544059;0;110591.99999999999;0;1036288
1690544060;28672;0;16384;1134592
1690544061;0;65535.99999999999;0;1052672
1690544062;0;32767.999999999996;0;786432
1690544063;0;110591.99999999999;0;125628416
1690544064;0;57343.99999999999;0;36601856
1690544065;16384;98303.99999999999;0;130871296
1690544066;0;32767.999999999996;0;104005632
1690544067;0;65535.99999999999;0;95039488
1690544068;0;0;0;95928320
1690544069;0;77823.99999999999;0;59764736
1690544070;77824;0;0;1069056
1690544071;24576;249855.99999999997;0;724992
1690544072;0;65535.99999999999;0;1060864
1690544073;0;32767.999999999996;0;1081344
1690544074;0;20479.999999999996;0;158224384
1690544075;24576;151551.99999999997;0;1818624
1690544076;0;147455.99999999997;0;240066560
1690544077;0;139263.99999999997;0;50155520
1690544078;0;172031.99999999997;0;96944128
1690544079;0;77823.99999999999;0;126349312
1690544080;12288;24575.999999999996;0;49041408
1690544081;40960;40959.99999999999;0;778240
1690544082;0;106495.99999999999;20480;1032192
1690544083;0;24575.999999999996;0;1089536
1690544084;0;122879.99999999999;0;1359872
1690544085;0;28671.999999999996;0;226832384
1690544086;28672;106495.99999999999;0;37257216
1690544087;0;73727.99999999999;0;66809856
1690544088;0;24575.999999999996;0;61943808
1690544089;0;24575.999999999996;0;107851776
1690544090;45056;45055.99999999999;0;745472
1690544091;0;45055.99999999999;12288;1073152
1690544092;36864;49151.99999999999;0;1064960
1690544093;0;192511.99999999997;0;1605632
1690544094;0;32767.999999999996;0;247746560
1690544095;0;24575.999999999996;0;95748096
1690544096;0;81919.99999999999;0;96088064
1690544097;0;57343.99999999999;0;107819008
1690544098;45056;24575.999999999996;0;35885056
1690544099;0;24575.999999999996;0;978944
1690544100;0;49151.99999999999;0;1044480
1690544101;0;32767.999999999996;0;109461504
1690544102;0;49151.99999999999;0;183951360
1690544103;36864;69631.99999999999;0;4034560
1690544104;0;24575.999999999996;0;778240
1690544105;0;77823.99999999999;0;1101824
1690544106;122880;135167.99999999997;0;2019328
1690544107;0;102399.99999999999;0;213692416
1690544108;0;32767.999999999996;40960;95064064
1690544109;0;28671.999999999996;0;95449088
1690544110;0;65535.99999999999;0;1052672
1690544111;0;40959.99999999999;249856;995328
1690544112;49152;53247.99999999999;0;663552
1690544113;0;77823.99999999999;0;1048576
1690544114;0;364543.99999999994;0;148148224
1690544115;0;49151.99999999999;0;153346048
1690544116;36864;86015.99999999999;0;115548160
1690544117;0;53247.99999999999;12288;21807104
1690544118;0;98303.99999999999;0;1073152
1690544119;40960;28671.999999999996;0;135770112
1690544120;0;45055.99999999999;0;74280960
1690544121;0;81919.99999999999;0;114900992
1690544122;0;40959.99999999999;0;108175360
1690544123;0;77823.99999999999;0;83689472
1690544124;20480;40959.99999999999;0;1073152
1690544125;45056;24575.999999999996;0;1077248
1690544126;0;57343.99999999999;0;720896
1690544127;0;81919.99999999999;0;101183488
1690544128;0;24575.999999999996;0;37937152
1690544129;0;36863.99999999999;0;1163264
1690544130;36864;45055.99999999999;0;147873792
1690544131;0;73727.99999999999;0;385024
1690544132;0;143359.99999999997;180224;1060864
1690544133;0;53247.99999999999;0;165531648
1690544134;0;86015.99999999999;0;126496768
1690544135;0;0;0;77037568
1690544136;0;118783.99999999999;0;36671488
1690544137;122880;53247.99999999999;20480;1134592
1690544138;40960;184319.99999999997;0;684032
1690544139;0;4095.9999999999995;0;191905792
1690544140;0;126975.99999999999;0;73293824
1690544141;0;40959.99999999999;0;107982848
1690544142;0;53247.99999999999;0;120492032
1690544143;28672;24575.999999999996;0;712704
1690544144;40960;90111.99999999999;0;1064960
1690544145;0;0;20480;1085440
1690544146;0;86015.99999999999;0;1134592
1690544147;0;102399.99999999999;0;688128
1690544148;0;65535.99999999999;0;242094080
1690544149;28672;0;0;91299840
1690544150;0;221183.99999999997;0;95367168
1690544151;0;40959.99999999999;0;96862208
1690544152;49152;90111.99999999999;0;107536384
1690544153;0;4095.9999999999995;0;790528
1690544154;40960;151551.99999999997;0;1052672
1690544155;0;0;0;1134592
1690544156;0;69631.99999999999;0;148271104
1690544157;0;77823.99999999999;0;741376
1690544158;0;53247.99999999999;0;1077248
1690544159;0;24575.999999999996;0;147656704
1690544160;0;53247.99999999999;0;606208
1690544161;0;126975.99999999999;0;1339392
1690544162;0;40959.99999999999;0;195481600
1690544163;0;28671.999999999996;139264;101822464
1690544164;0;77823.99999999999;0;97034240
1690544165;0;102399.99999999999;0;71864320
1690544166;0;77823.99999999999;0;1150976
1690544167;32768;53247.99999999999;0;983040
1690544168;0;155647.99999999997;16384;1003520
1690544169;118784;24575.999999999996;0;264167424
1690544170;0;40959.99999999999;0;13922304
1690544171;20480;40959.99999999999;0;107057152
1690544172;0;53247.99999999999;0;12947456
1690544173;0;24575.999999999996;4096;146468864
1690544174;0;94207.99999999999;0;618496
1690544175;45056;98303.99999999999;0;745472
1690544176;0;73727.99999999999;0;125886464
1690544177;0;28671.999999999996;0;119955456
1690544178;0;69631.99999999999;4096;158121984
1690544179;0;24575.999999999996;0;58548224
1690544180;86016;24575.999999999996;0;108036096
1690544181;0;53247.99999999999;0;24358912
1690544182;0;53247.99999999999;0;161398784
1690544183;0;57343.99999999999;0;335872
1690544184;0;49151.99999999999;0;1077248
1690544185;40960;53247.99999999999;0;1130496
1690544186;12288;208895.99999999997;0;1093632
1690544187;0;45055.99999999999;0;700416
1690544188;0;32767.999999999996;0;1089536
1690544189;0;73727.99999999999;0;134492160
1690544190;0;0;0;1089536
1690544191;4096;53247.99999999999;0;64061440
1690544192;0;90111.99999999999;0;105877504
1690544193;0;77823.99999999999;0;189898752
1690544194;0;4095.9999999999995;0;84992000
1690544195;0;102399.99999999999;0;104357888
1690544196;16384;53247.99999999999;0;104894464
1690544197;77824;77823.99999999999;0;84074496
1690544198;20480;28671.999999999996;0;117104640
1690544199;4096;126975.99999999999;0;71659520
1690544200;147456;36863.99999999999;20480;1142784
1690544201;0;126975.99999999999;0;1089536
1690544202;0;0;0;679936
1690544203;36864;53247.99999999999;0;1159168
1690544204;0;0;0;132239360
1690544205;0;98303.99999999999;0;1089536
1690544206;0;53247.99999999999;0;794624
1690544207;0;77823.99999999999;0;126558208
1690544208;28672;28671.999999999996;0;1138688
1690544209;0;49151.99999999999;0;84602880
1690544210;0;73727.99999999999;0;749568
1690544211;0;57343.99999999999;0;177831936
1690544212;0;28671.999999999996;0;139935744
1690544213;0;65535.99999999999;0;84393984
1690544214;0;20479.999999999996;0;149905408
1690544215;45056;57343.99999999999;0;105123840
1690544216;0;110591.99999999999;0;108007424
1690544217;0;28671.999999999996;0;24285184
1690544218;0;49151.99999999999;0;1069056
1690544219;0;24575.999999999996;0;1138688
1690544220;28672;69631.99999999999;0;737280
1690544221;24576;208895.99999999997;0;128212992
1690544222;0;24575.999999999996;20480;757760
1690544223;0;114687.99999999999;0;1073152
1690544224;0;77823.99999999999;0;126808064
1690544225;0;45055.99999999999;151552;1191936
1690544226;16384;143359.99999999997;0;63721472
1690544227;0;73727.99999999999;0;42651648
1690544228;0;114687.99999999999;0;143310848
1690544229;0;4095.9999999999995;0;153112576
1690544230;0;90111.99999999999;12288;49082368
1690544231;0;94207.99999999999;12288;1490944
1690544232;57344;106495.99999999999;0;122454016
1690544233;0;0;0;102387712
1690544234;0;90111.99999999999;0;119562240
1690544235;0;0;0;765952
1690544236;0;98303.99999999999;0;184758272
1690544237;0;24575.999999999996;0;258048
1690544238;32768;28671.999999999996;0;1097728
1690544239;0;49151.99999999999;0;1089536
1690544240;0;86015.99999999999;0;966656
1690544241;114688;81919.99999999999;0;864256
1690544242;0;94207.99999999999;0;219729920
1690544243;20480;24575.999999999996;0;81436672
1690544244;0;45055.99999999999;0;107810816
1690544245;0;28671.999999999996;0;103399424
1690544246;53248;110591.99999999999;0;107638784
1690544247;0;45055.99999999999;0;12873728
1690544248;36864;24575.999999999996;0;974848
1690544249;0;65535.99999999999;0;999424
1690544250;0;90111.99999999999;0;1110016
1690544251;0;53247.99999999999;0;729088
1690544252;16384;49151.99999999999;0;114888704
1690544253;0;90111.99999999999;0;724992
1690544254;0;73727.99999999999;0;117391360
1690544255;0;24575.999999999996;0;156741632
1690544256;0;106495.99999999999;0;102383616
1690544257;4096;65535.99999999999;0;95649792
1690544258;0;24575.999999999996;0;96284672
1690544259;0;53247.99999999999;0;83603456
1690544260;45056;57343.99999999999;0;1052672
1690544261;0;28671.999999999996;0;1073152
1690544262;36864;36863.99999999999;4096;724992
1690544263;0;28671.999999999996;0;169447424
1690544264;0;28671.999999999996;0;626688
1690544265;0;45055.99999999999;0;1052672
1690544266;0;40959.99999999999;0;1085440
1690544267;0;122879.99999999999;0;188870656
1690544268;0;221183.99999999997;0;114642944
1690544269;0;94207.99999999999;0;78200832
1690544270;0;0;0;95698944
1690544271;0;57343.99999999999;0;107593728
1690544272;135168;12287.999999999998;0;60162048
1690544273;0;77823.99999999999;0;1081344
1690544274;57344;0;0;1069056
1690544275;0;77823.99999999999;0;1060864
1690544276;0;57343.99999999999;0;127270912
1690544277;0;106495.99999999999;0;1142784
1690544278;49152;110591.99999999999;0;729088
1690544279;0;28671.999999999996;0;169316352
1690544280;0;24575.999999999996;0;152092672
1690544281;0;114687.99999999999;20480;78655488
1690544282;0;16383.999999999998;0;36061184
1690544283;0;40959.99999999999;0;1130496
1690544284;28672;69631.99999999999;0;154931200
1690544285;0;57343.99999999999;0;41566208
1690544286;0;151551.99999999997;0;46440448
1690544287;0;73727.99999999999;0;84946944
1690544288;16384;0;0;146792448
1690544289;0;28671.999999999996;0;60952576
1690544290;49152;24575.999999999996;0;991232
1690544291;0;49151.99999999999;0;655360
1690544292;0;16383.999999999998;0;995328
1690544293;0;36863.99999999999;0;1089536
1690544294;40960;90111.99999999999;0;1101824
1690544295;0;81919.99999999999;0;196636672
1690544296;0;32767.999999999996;0;142585856
1690544297;0;53247.99999999999;0;72208384
1690544298;0;73727.99999999999;0;1085440
1690544299;0;53247.99999999999;0;128995328
1690544300;57344;45055.99999999999;0;60993536
1690544301;0;45055.99999999999;0;84672512
1690544302;0;16383.999999999998;0;59949056
1690544303;0;229375.99999999997;0;1167360
1690544304;0;0;0;1105920
1690544305;0;106495.99999999999;0;1110016
1690544306;20480;65535.99999999999;167936;745472
1690544307;0;94207.99999999999;0;228786176
1690544308;0;49151.99999999999;0;117485568
1690544309;126976;61439.99999999999;0;51482624
1690544310;20480;24575.999999999996;0;121958400
1690544311;0;98303.99999999999;0;82010112
1690544312;61440;49151.99999999999;4096;110166016
1690544313;0;36863.99999999999;0;12976128
1690544314;0;32767.999999999996;0;1110016
1690544315;0;69631.99999999999;0;741376
1690544316;45056;53247.99999999999;12288;1114112
1690544317;0;57343.99999999999;0;131305472
1690544318;16384;73727.99999999999;0;1019904
1690544319;0;4095.9999999999995;0;1134592
1690544320;0;98303.99999999999;0;147193856
1690544321;0;53247.99999999999;0;85508096
1690544322;0;106495.99999999999;0;147750912
1690544323;4096;0;0;97062912
1690544324;0;28671.999999999996;0;97288192
1690544325;0;0;0;173854720
1690544326;45056;86015.99999999999;0;97038336
1690544327;0;0;0;105205760
1690544328;32768;118783.99999999999;0;107184128
1690544329;0;8191.999999999999;0;25726976
1690544330;0;69631.99999999999;0;48947200
1690544331;24576;32767.999999999996;0;74338304
1690544332;0;45055.99999999999;0;1085440
1690544333;0;0;0;80052224
1690544334;0;45055.99999999999;0;1196032
1690544335;0;0;0;1101824
1690544336;0;90111.99999999999;0;1089536
1690544337;16384;0;0;1167360
1690544338;0;69631.99999999999;0;753664
1690544339;0;217087.99999999997;0;148185088
1690544340;106496;110591.99999999999;0;1011712
1690544341;0;49151.99999999999;0;93769728
1690544342;28672;122879.99999999999;0;158478336
1690544343;0;0;0;93057024
1690544344;0;90111.99999999999;0;12898304
1690544345;45056;45055.99999999999;0;108892160
1690544346;32768;106495.99999999999;0;71827456
1690544347;0;24575.999999999996;0;104980480
1690544348;0;73727.99999999999;0;89231360
1690544349;0;24575.999999999996;0;84045824
1690544350;0;28671.999999999996;0;95485952
1690544351;98304;28671.999999999996;0;1110016
1690544352;0;73727.99999999999;167936;1122304
1690544353;0;0;0;1122304
1690544354;0;28671.999999999996;0;745472
1690544355;0;0;16384;130895872
1690544356;0;118783.99999999999;0;1175552
1690544357;0;0;0;81920000
1690544358;0;32767.999999999996;0;45420544
1690544359;0;28671.999999999996;0;1110016
1690544360;0;102399.99999999999;0;105861120
1690544361;0;45055.99999999999;0;169750528
1690544362;0;94207.99999999999;0;97501184
1690544363;0;0;0;119463936
1690544364;0;61439.99999999999;0;104529920
1690544365;73728;0;0;107986944
1690544366;0;65535.99999999999;0;107700224
1690544367;0;24575.999999999996;0;36671488
1690544368;0;81919.99999999999;0;1118208
1690544369;0;24575.999999999996;0;860160
1690544370;0;69631.99999999999;20480;1011712
1690544371;167936;20479.999999999996;0;134893568
1690544372;0;118783.99999999999;0;1220608
1690544373;0;40959.99999999999;0;147673088
1690544374;0;0;0;651264
1690544375;16384;40959.99999999999;0;712704
1690544376;24576;73727.99999999999;16384;11108352
1690544377;0;331775.99999999994;0;74661888
1690544378;0;28671.999999999996;0;337915904
1690544379;0;77823.99999999999;0;0
1690544380;0;20479.999999999996;0;872448
1690544381;0;32767.999999999996;0;0
1690544382;16384;40959.99999999999;0;0
1690544383;0;32767.999999999996;12288;45056
1690544384;0;0;0;0
1690544385;0;57343.99999999999;0;0
1690544386;0;32767.999999999996;0;147456
1690544387;0;36863.99999999999;0;0
1690544388;0;0;139264;0
1690544389;0;69631.99999999999;0;0
1690544390;0;24575.999999999996;0;0
1690544391;0;65535.99999999999;0;0
1690544392;0;24575.999999999996;0;0
1690544393;0;28671.999999999996;0;0
1690544394;0;0;4096;0
1690544395;0;32767.999999999996;0;0
1690544396;0;57343.99999999999;0;0
1690544397;0;28671.999999999996;0;0
1690544398;0;24575.999999999996;0;0
1690544399;0;49151.99999999999;0;0
1690544400;0;49151.99999999999;0;0
1690544401;0;53247.99999999999;0;0
1690544402;0;69631.99999999999;0;0
1690544403;0;94207.99999999999;0;20480
1690544404;0;65535.99999999999;4096;0
1690544405;0;0;0;0
1690544406;0;73727.99999999999;0;417792
1690544407;0;0;0;0
1690544408;0;53247.99999999999;0;0
1690544409;0;53247.99999999999;4096;0
1690544410;0;57343.99999999999;0;0
1690544411;0;28671.999999999996;0;1085440
1690544412;0;61439.99999999999;0;0
1690544413;0;24575.999999999996;0;0
1690544414;0;32767.999999999996;0;0
1690544415;0;0;20480;0
1690544416;0;69631.99999999999;0;28672
1690544417;0;0;0;0
1690544418;0;57343.99999999999;0;0
1690544419;0;0;0;0
1690544420;0;106495.99999999999;0;0
1690544421;0;16383.999999999998;0;0
1690544422;0;32767.999999999996;0;0
1690544423;0;24575.999999999996;0;0
1690544424;0;53247.99999999999;0;0
1690544425;0;28671.999999999996;0;0
1690544426;0;61439.99999999999;0;0
1690544427;0;45055.99999999999;0;0
1690544428;0;57343.99999999999;0;0
