Time;{instance="10.231.0.208:9100"};{instance="192.168.221.10:9100"};{instance="192.168.221.11:9100"};{instance="192.168.221.12:9100"}
1690543948;15.362041753175305;26.31254222469499;13.747791892445038;14.174212483035575
1690543949;15.362041753175305;26.31035647577793;13.747791892445038;14.174013778193729
1690543950;15.821794699447834;26.31631760918809;13.748586711812404;14.626464703065423
1690543951;16.139349853370977;26.296943925605053;13.747791892445038;14.774599162657797
1690543952;16.14134141909015;26.295851051146524;13.747791892445038;15.234302814256672
1690543953;16.73164149825489;26.29634781226404;13.746997073077683;15.275434716517733
1690543954;16.449536214133143;26.29575169892302;13.746997073077683;15.315473742148678
1690543955;16.53517354005786;26.289691213289355;13.747791892445038;15.465595250159458
1690543956;16.535073961771896;26.288598338830827;13.747791892445038;15.487949544866563
1690543957;16.535073961771896;26.288002225489805;13.753256275595671;15.57309456959538
1690543958;16.53447649205614;26.2879028732663;13.753256275595671;15.591772824728423
1690543959;16.53447649205614;26.2879028732663;13.754051094963026;15.646217951392828
1690543960;16.53447649205614;26.294559472240987;13.754051094963026;15.731959090647162
1690543961;16.53447649205614;26.292870484441444;13.754845914330394;15.755008852300701
1690543962;16.53447649205614;26.292075666653425;13.754845914330394;15.637474938351826
1690543963;16.54074992407155;26.291777609982915;13.754845914330394;15.665989083155985
1690543964;16.54074992407155;26.29118149664189;13.753256275595671;15.9017523780002
1690543965;16.54074992407155;26.290684735524383;13.753256275595671;15.910594743462115
1690543966;15.463014135137687;26.291479553312403;13.753256275595671;15.933743857536575
1690543967;15.466897688290093;26.29734133449907;13.754051094963026;16.081182850182508
1690543968;15.46500570085687;26.3019115367802;13.754051094963026;16.076016524294644
1690543969;15.450766005964745;26.302408297897706;13.753256275595671;16.246008516489518
1690543970;15.469785458582896;26.30111671899217;13.753256275595671;16.308799246511242
1690543971;15.828167709749208;26.30121607121567;13.753057570753825;16.518929616757973
1690543972;16.074922702355522;26.325458013750346;13.752262751386468;16.556286127024055
1690543973;15.913207565958166;26.33718157612367;13.75385239012119;16.53830333883746
1690543974;16.016569826783567;26.336982871676675;13.75385239012119;16.332147065427538
1690543975;15.984704775276704;26.33559194054763;13.753057570753825;16.45792723031282
1690543976;15.984704775276704;26.3344990660891;13.753057570753825;16.641828561436554
1690543977;15.983410257559239;26.34721615069745;13.752262751386468;16.633284253237402
1690543978;15.989683689574651;26.349501251838014;13.753057570753825;16.63119785239807
1690543979;15.989683689574651;26.34850772960299;13.75385239012119;16.793738413023906
1690543980;15.989484533002729;26.353872749672135;13.748884769075165;16.791453307342742
1690543981;15.989484533002729;26.328041171561424;13.747593187603202;16.972572770680706
1690543982;15.989484533002729;26.335194531653617;13.75385239012119;16.987773691081532
1690543983;15.989484533002729;26.334896474983104;13.754647209488557;17.09735941135677
1690543984;15.989484533002729;26.333604896077578;13.754647209488557;17.044603275848026
1690543985;15.989484533002729;26.334002304971584;13.75385239012119;17.0522534122589
1690543986;15.989484533002729;26.334002304971584;13.75385239012119;17.19214162091488
1690543987;16.001931818747607;26.33042562492549;13.747593187603202;17.34007737566541
1690543988;15.541083511329523;26.330922386043;13.747593187603202;17.297554539511463
1690543989;16.25296867765015;26.329829511584467;13.75385239012119;17.362729727635273
1690543990;15.78226211992213;26.323769025950806;13.75385239012119;17.32000818663948
1690543991;15.85555173838793;26.322676151492274;13.75385239012119;17.414194281672057
1690543992;15.679397750526524;26.334896474983104;13.75385239012119;17.436250519116403
1690543993;15.903747628792065;26.31582084807058;13.740539165717847;17.6792665406878
1690543994;15.903747628792065;26.31492667805906;13.747593187603202;17.565706723575737
1690543995;15.903747628792065;26.314330564718034;13.747593187603202;17.557063062955656
1690543996;15.903448893934192;26.31413186027103;13.746798368235835;17.616376458245153
1690543997;15.903448893934192;26.31949688034019;13.747593187603202;17.702614359604098
1690543998;15.909622747663644;26.321881333704244;13.747593187603202;17.701422130553055
1690543999;15.909622747663644;26.320490402575214;13.741333985085213;17.83902523352786
1690544000;15.909622747663644;26.319099471446172;13.740539165717847;17.84776824656886
1690544001;15.915697023107144;26.31820530143465;13.741333985085213;17.749111292594865
1690544002;15.915497866535222;26.33231331717204;13.741135280243377;17.748316473227497
1690544003;15.921771298550635;26.34393752732186;13.740340460876011;17.828990639014897
1690544004;15.921771298550635;26.367185947621508;13.746599663393999;17.850550114354636
1690544005;15.921771298550635;26.367185947621508;13.746599663393999;17.906982289437444
1690544006;15.921771298550635;26.39897865914239;13.747394482761365;18.008421111197215
1690544007;15.65868546704705;26.435937686285417;13.746599663393999;17.991531199640743
1690544008;15.65868546704705;26.45988157214958;13.746599663393999;18.133605161556975
1690544009;15.65261119160356;26.503596550490805;13.746599663393999;18.25143713276861
1690544010;15.64155800186211;26.522870881850334;13.746599663393999;18.275281713789514
1690544011;15.678103232809049;26.52754043635497;13.745804844026633;18.244283758462345
1690544012;15.684376664824473;26.563406589039463;13.747394482761365;18.251238427926776
1690544013;15.684277086538511;26.582184159281486;13.747394482761365;18.385761605853045
1690544014;15.681887207675494;26.61963994754203;13.752064046544621;18.405532737616216
1690544015;15.619650778951144;26.65649962246155;13.752064046544621;18.459580454596935
1690544016;15.972058332959914;26.700015896355755;13.752858865911987;18.45193031818606
1690544017;15.68059268995803;26.72525136112546;13.753653685279355;18.520384136200253
1690544018;15.932625331720162;26.749294599213137;13.753653685279355;18.651926741498915
1690544019;15.942981473459895;26.805726662162698;13.753653685279355;18.601952473775928
1690544020;15.942881895173944;26.81198585224337;13.753653685279355;18.737270471069568
1690544021;15.942881895173944;26.810296864443828;13.75444850464671;18.705179639112266
1690544022;15.942881895173944;26.822715892381677;13.760707707164698;18.7262423523474
1690544023;15.942881895173944;26.83473751142551;13.760707707164698;18.854804385018454
1690544024;15.942881895173944;26.840102531494658;13.760707707164698;18.85500308986029
1690544025;15.94258316031606;26.840897349282677;13.760707707164698;18.994692593674433
1690544026;15.94258316031606;26.83960577037714;13.759912887797332;18.9459105550025
1690544027;15.65520022703849;26.837916782577597;13.759912887797332;18.914018427887036
1690544028;15.821894277733794;26.83960577037714;13.759912887797332;18.987241162105395
1690544029;15.41890095445787;26.837022612566063;13.759118068429977;18.894446000965704
1690544030;15.816815785149885;26.837817430354093;13.759118068429977;19.174321770698587
1690544031;15.68756316997516;26.83612844255454;13.759912887797332;19.047548081604106
1690544032;15.69274124084502;26.8488455271629;13.759118068429977;19.118982472245904
1690544033;15.69184503627139;26.849143583833403;13.759118068429977;19.233337108725323
1690544034;15.69184503627139;26.855402773914083;13.759118068429977;19.26532858826171
1690544035;15.69184503627139;26.85371378611453;13.759118068429977;19.366668057600556
1690544036;15.69184503627139;26.85421054723205;13.759912887797332;19.384849550629003
1690544037;15.69184503627139;26.853614433891025;13.761502526532066;19.56428002281132
1690544038;15.691645879699468;26.861661963994756;13.761502526532066;19.37968322474114
1690544039;15.691645879699468;26.860072328418706;13.759912887797332;19.416344268060783
1690544040;15.697819733428931;26.865536700711356;13.759912887797332;19.520863014869082
1690544041;15.697819733428931;26.858383340619163;13.759714182955495;19.546396587045635
1690544042;15.697819733428931;26.853813138338033;13.760509002322863;19.63511829892759
1690544043;15.697819733428931;26.858482692842667;13.759714182955495;19.64207296839202
1690544044;15.451761788824324;26.85808528394865;13.759714182955495;19.73387460532251
1690544045;15.87267920357287;26.85589953503159;13.759714182955495;19.745796895832957
1690544046;15.913008409386254;26.856197591702102;13.760509002322863;19.711818367878177
1690544047;15.924161177413653;26.849938401621433;13.760509002322863;19.735563596478155
1690544048;15.928940935139678;26.856197591702102;13.74808994970781;19.716289226819594
1690544049;15.928940935139678;26.85510471724357;13.734677372883542;19.750565812037145
1690544050;15.156412592670044;26.84983904939793;13.734677372883542;19.250227020281805
1690544051;15.803970186261186;26.848448118268887;13.733882553516185;19.627666867358563
1690544052;15.714349728898114;26.86156261177125;13.735472192250908;19.618427092212954
1690544053;15.776486579336513;26.86156261177125;13.734677372883542;19.67028905593342
1690544054;15.650420469312465;26.860767793983232;13.734677372883542;19.2944388475914
1690544055;15.874172877862257;26.86126455510074;13.728716227628324;19.274071601302712
1690544056;15.855153425244096;26.86126455510074;13.72742464615635;19.26950138994037
1690544057;15.86142685725951;26.86126455510074;13.735273487409073;19.23442998535545
1690544058;15.86142685725951;26.85500536502007;13.735273487409073;19.313315807566276
1690544059;15.866804084701291;26.85560147836109;13.734478668041705;19.32146270608176
1690544060;15.873077516716705;26.849242936056903;13.734478668041705;19.323350402079242
1690544061;15.873077516716705;26.848448118268887;13.734279963199858;19.300101935583868
1690544062;15.873077516716705;26.853912490561537;13.733485143832503;19.33765715069179
1690544063;15.873077516716705;26.866132814052378;13.734279963199858;19.3250393932349
1690544064;15.879350948732117;26.85987362397171;13.735571544671831;19.36627064791687
1690544065;15.879350948732117;26.85878074951318;13.734379315620782;19.641079444182818
1690544066;15.578226211992208;26.859575567301196;13.733584496253414;19.547290758833924
1690544067;15.710764910603592;26.859277510630687;13.733584496253414;19.55970981144898
1690544068;15.732174242084774;26.860867146206736;13.733584496253414;19.561100745341864
1690544069;15.905440459653363;26.860072328418706;13.734379315620782;19.585839498151046
1690544070;15.905241303081452;26.860072328418706;13.734478668041705;19.568353472069056
1690544071;15.904942568223568;26.847156539363347;13.733683848674339;19.62041414063136
1690544072;15.904942568223568;26.853117672773518;13.733683848674339;19.16239948018813
1690544073;15.904942568223568;26.83980447482415;13.733683848674339;19.18127644016302
1690544074;15.910518952237274;26.83900965703613;13.734478668041705;19.176110114275158
1690544075;15.49657201750586;26.841096053729686;13.734478668041705;19.63670793766231
1690544076;15.550443870209662;26.84586496045781;13.732889029306971;19.68787443443635
1690544077;15.605908975488802;26.846163017128323;13.734478668041705;19.603524229074885
1690544078;15.935612680298938;26.851627389420972;13.734478668041705;19.485294848179567
1690544079;15.99984067474246;26.851329332750463;13.735273487409073;19.485692257863253
1690544080;15.755475560999166;26.852124150538494;13.735273487409073;19.492646927327684
1690544081;15.757367548432388;26.851329332750463;13.735273487409073;19.45439624527331
1690544082;15.757367548432388;26.856495648372615;13.735074782567224;19.495428795113444
1690544083;15.762943932446094;26.864344474029334;13.734279963199858;19.522750710866575
1690544084;15.774992905047124;26.863251599570802;13.735074782567224;19.06642504157898
1690544085;15.546062425627472;26.86404641735882;13.735074782567224;19.466219183362842
1690544086;15.559306337660006;26.863052895123797;13.734279963199858;19.3707415068583
1690544087;15.707080514023108;26.862953542900293;13.734279963199858;19.423000880262453
1690544088;15.933720692865716;26.862158725112273;13.733485143832503;19.293445323382198
1690544089;15.756770078716631;26.862158725112273;13.739744346350491;19.247246447654188
1690544090;15.756770078716631;26.862158725112273;13.740539165717847;19.295531724221526
1690544091;15.756770078716631;26.86265548622978;13.740539165717847;19.286291949075917
1690544092;15.763043510732045;26.875173866391133;13.740539165717847;19.276853469088483
1690544093;15.779872241059111;26.873782935262092;13.740539165717847;19.335372045010622
1690544094;15.274313283245455;26.873782935262092;13.739744346350491;19.294538200012322
1690544095;15.554227845076108;26.881433056471803;13.740539165717847;19.182269964372225
1690544096;15.882139140738971;26.88163176091881;13.740539165717847;19.22389862873789
1690544097;16.157174366557626;26.880538886460283;13.740539165717847;19.167367101234156
1690544098;16.16344779857304;26.880737590907287;13.734279963199858;19.206114545393127
1690544099;16.14880979053708;26.879744068672263;13.740539165717847;19.198464408982254
1690544100;16.15508322255249;26.875571275285136;13.740539165717847;18.721870845826906
1690544101;16.161356654567903;26.87348487859158;13.738949526983124;18.705676401216863
1690544102;16.161356654567903;26.867921154075425;13.746997073077683;18.713227185206826
1690544103;16.16763008658332;26.86285419067679;13.746798368235835;19.08947480323253
1690544104;16.16763008658332;26.864443826252828;13.746798368235835;19.129811886126223
1690544105;16.16763008658332;26.864145769582326;13.74600354886848;19.14988107515215
1690544106;16.185852912913813;26.862953542900293;13.74600354886848;19.33497463532694
1690544107;16.029315847386314;26.8631522473473;13.74600354886848;19.323449754500167
1690544108;15.914103770531796;26.86881532408695;13.74600354886848;19.195781893617404
1690544109;15.80098283768242;26.86861661963995;13.745804844026633;19.133388573279365
1690544110;15.80008663310879;26.86861661963995;13.745804844026633;19.215553025380572
1690544111;15.80008663310879;26.86782180185192;13.745010024659265;19.192801320989794
1690544112;15.80008663310879;26.86831856296944;13.745010024659265;19.143025758108646
1690544113;15.80008663310879;26.867523745181423;13.745804844026633;18.59201723168389
1690544114;15.91629449282289;26.871199777451015;13.745010024659265;18.63791805014913
1690544115;15.6253267412508;26.870603664110003;13.745010024659265;19.111232983414105
1690544116;15.723909244350176;26.87159718634503;13.746599663393999;18.976411748225065
1690544117;15.469885036868858;26.86583475738187;13.747195777919519;19.007707760815006
1690544118;15.496771174077784;26.87100107300401;13.747195777919519;19.01138380038906
1690544119;15.60481361434326;26.8705043118865;13.753653685279355;19.007310351131324
1690544120;16.013582478204803;26.8705043118865;13.753454980437507;18.82658829747704
1690544121;15.511409182113745;26.86941143742797;13.75266016107014;18.897923335697918
1690544122;15.66963907850254;26.883519453165363;13.75266016107014;18.97591498612047
1690544123;15.782859589637887;26.881929817589324;13.753454980437507;18.94809630826274
1690544124;15.782062963350207;26.88183046536582;13.753454980437507;18.527934920190205
1690544125;15.782062963350207;26.88242657870683;13.751865341702786;18.510250189266365
1690544126;15.782062963350207;26.88242657870683;13.751865341702786;18.505183215799413
1690544127;15.787639347363914;26.88779159877598;13.757329724853406;18.500016889911553
1690544128;15.787639347363914;26.887692246552476;13.758919363588129;18.523464061248784
1690544129;15.78654398621836;26.888487064340506;13.758919363588129;18.536081818705675
1690544130;15.786344829646449;26.887692246552476;13.758919363588129;18.527934920190205
1690544131;15.786344829646449;26.87646544529667;13.758919363588129;18.530816140396887
1690544132;15.786344829646449;26.869113380757458;13.758124544220774;18.53777080986132
1690544133;15.791921213660153;26.86831856296944;13.758124544220774;18.869607895735598
1690544134;15.629309872689156;26.86831856296944;13.758919363588129;18.90805728263181
1690544135;15.598440604041885;26.87616738862616;13.758124544220774;18.780786831432717
1690544136;15.728290688932367;26.87507451416763;13.758919363588129;18.78237647016745
1690544137;15.728888158648125;26.87646544529667;13.765178566106117;18.815858236017636
1690544138;15.726199544927233;26.87348487859158;13.760012240218256;18.82340902000759
1690544139;15.519873336420265;26.87427969637961;13.746202253710315;18.933292797545597
1690544140;15.427066373906506;26.875273218614637;13.739943051192327;18.672890102313122
1690544141;15.382355723510932;26.87318682192108;13.73914823182496;18.715313586046157
1690544142;15.388629155526345;26.87944601200175;13.740439813296934;18.70945179321184
1690544143;15.39400638296813;26.879545364225255;13.73914823182496;18.715611643308915
1690544144;15.392711865250664;26.88004212534276;13.739943051192327;18.70905438352817
1690544145;15.392711865250664;26.873782935262092;13.739943051192327;18.690376128395126
1690544146;15.392711865250664;26.86881532408695;13.739744346350491;18.29376126408072
1690544147;15.397392044690738;26.86643087072289;13.739744346350491;18.329826192874844
1690544148;15.397392044690738;26.87239200413305;13.738949526983124;18.769659360289637
1690544149;15.78734061250604;26.87239200413305;13.738949526983124;18.682924696826085
1690544150;16.075420593785317;26.87239200413305;13.739744346350491;18.66523996590225
1690544151;16.059189333174007;26.87159718634503;13.732690324465135;18.70408676248214
1690544152;15.693338710560777;26.87129912967452;13.732690324465135;18.665438670744095
1690544153;15.699014672860434;26.8848110320709;13.731895505097768;18.709650498053687
1690544154;15.698616359716599;26.884512975400387;13.731895505097768;18.709650498053687
1690544155;15.698616359716599;26.883718157612368;13.733485143832503;18.254318352975307
1690544156;15.698616359716599;26.88510908874141;13.734279963199858;18.23186470584729
1690544157;15.698616359716599;26.884711679847396;13.728020760681881;18.266339995906677
1690544158;15.698616359716599;26.88401621428288;13.728020760681881;18.283627317146834
1690544159;15.698218046572766;26.88401621428288;13.727225941314513;18.27240049358283
1690544160;15.698218046572766;26.88560584985892;13.714707536278537;18.26723416769497
1690544161;15.716540451189209;26.876664149743668;13.714707536278537;18.12774336872267
1690544162;15.716540451189209;26.870106902992486;13.717191346801549;18.60920520050312
1690544163;15.747509298122452;26.876564797520164;13.714707536278537;18.660868459381753
1690544164;15.975742729540398;26.876366093073166;13.71391271691117;18.517800973256314
1690544165;15.840017525778327;26.876862854190676;13.71391271691117;18.501308471383528
1690544166;15.840017525778327;26.876862854190676;13.713117897543814;18.564397258668
1690544167;15.845992222935868;26.87586933195565;13.727225941314513;18.546215765639563
1690544168;15.845992222935868;26.876068036402657;13.733485143832503;18.582876808959202
1690544169;15.852265654951282;26.876366093073166;13.732590972044212;18.63016856131733
1690544170;15.879052213874246;26.869014028533954;13.732590972044212;18.474582670155925
1690544171;15.805065547406727;26.869014028533954;13.732590972044212;18.456599881969325
1690544172;15.843204030929014;26.869808846321984;13.732590972044212;18.473787850788558
1690544173;15.849477462944428;26.882128522036318;13.733385791411578;18.439113855887324
1690544174;15.84957704123039;26.88183046536582;13.733385791411578;18.48491532193165
1690544175;15.85475511210026;26.882327226483326;13.741333985085213;18.482729568671395
1690544176;15.836333129197843;26.881532408695307;13.727225941314513;18.35893645220453
1690544177;15.761549836442668;26.881532408695307;13.728020760681881;18.30161010533343
1690544178;15.863119688120808;26.881929817589324;13.727921408260958;18.29912629481043
1690544179;15.844896861790314;26.881929817589324;13.727921408260958;18.3111479377418
1690544180;15.56727260053673;26.881134999801294;13.72712658889359;18.326050800879866
1690544181;15.606307288632637;26.881134999801294;13.72712658889359;17.859789889500234
1690544182;15.611883672646343;26.881929817589324;13.72712658889359;17.84230386341824
1690544183;15.611883672646343;26.887096133211465;13.727921408260958;17.851046876459243
1690544184;15.611883672646343;26.899614513372804;13.727921408260958;17.890489787564658
1690544185;15.611883672646343;26.898819695584784;13.727921408260958;17.924070905835766
1690544186;15.611883672646343;26.899117752255297;13.72712658889359;17.90708164185837
1690544187;15.611883672646343;26.899316456702305;13.72712658889359;17.89774251429185
1690544188;15.618157104661757;26.898521638914275;13.726331769526222;17.92248126710103
1690544189;15.618157104661757;26.892858562174627;13.72712658889359;17.928541764777183
1690544190;15.618157104661757;26.87547192306163;13.732590972044212;17.93629125360897
1690544191;15.618157104661757;26.8670269840639;13.732590972044212;17.901915315970506
1690544192;15.624131801819296;26.867523745181423;13.732590972044212;18.175035121080796
1690544193;15.516786409555527;26.873683583038588;13.732590972044212;18.16132448699378
1690544194;15.497667378651414;26.873683583038588;13.733385791411578;18.230573124375326
1690544195;15.56647597424905;26.873385526368075;13.734180610778946;18.187553526116773
1690544196;15.806559221696116;26.873385526368075;13.734180610778946;18.180400151810495
1690544197;15.799987054822829;26.873087469697577;13.733385791411578;18.166689517723476
1690544198;15.626123367538469;26.873087469697577;13.733385791411578;18.220141120178678
1690544199;15.523856467858621;26.879048603107737;13.734975430146301;18.214974794290818
1690544200;15.51618893983978;26.879048603107737;13.733981905937098;18.210106525665715
1690544201;15.528735803870608;26.87884989866073;13.733187086569743;17.767590842886072
1690544202;15.540685198185688;26.878750546437225;13.733187086569743;17.771862996985643
1690544203;15.540685198185688;26.87805508087271;13.733187086569743;17.7891503182258
1690544204;15.540685198185688;26.88540714541191;13.738651469720365;17.774843569613264
1690544205;15.540685198185688;26.87805508087271;13.738651469720365;17.784083344758862
1690544206;15.540685198185688;26.87805508087271;13.73944628908773;17.785672983493583
1690544207;15.540685198185688;26.877757024202197;13.738651469720365;17.80206613294546
1690544208;15.540685198185688;26.878551841990227;13.738651469720365;17.778519609187317
1690544209;15.540685198185688;26.8848110320709;13.738651469720365;17.79839009337141
1690544210;15.660776611052196;26.883718157612368;13.745109377080189;17.804351238626637
1690544211;16.017266874785285;26.882923339824348;13.745705491605708;18.00792434909262
1690544212;15.665755525350145;26.882923339824348;13.745705491605708;18.022529154967913
1690544213;15.784552420499187;26.897726821126255;13.744910672238353;18.05293099576958
1690544214;15.805563438836522;26.897925525573264;13.744910672238353;18.021038868654117
1690544215;16.042161446275028;26.897726821126255;13.745705491605708;18.02690066148842
1690544216;15.844498548646479;26.898024877796768;13.745705491605708;18.075881405002193
1690544217;15.84878041494272;26.89723006000875;13.745705491605708;18.042399639152006
1690544218;15.84878041494272;26.89723006000875;13.745705491605708;17.600778128160645
1690544219;15.84878041494272;26.89723006000875;13.745705491605708;17.618562211505406
1690544220;15.84788421036909;26.896137185550216;13.745705491605708;17.59978460395144
1690544221;15.84788421036909;26.86484123514684;13.744910672238353;17.599983308793288
1690544222;15.854157642384504;26.857787227278152;13.746500310973076;17.596605326481995
1690544223;15.853361016096834;26.8634503040178;13.74630160613124;17.610415312989936
1690544224;15.853361016096834;26.881929817589324;13.74630160613124;17.629391625385736
1690544225;15.859634448112248;26.882327226483326;13.752560808649228;17.631378673804143
1690544226;15.859634448112248;26.87477645749712;13.75176598928186;17.6399229820033
1690544227;15.774793748475203;26.87477645749712;13.750971169914495;17.64836793778154
1690544228;15.780668867346781;26.874379048603103;13.750971169914495;17.992624076270868
1690544229;15.492788042639427;26.879247307554742;13.73219356236054;17.994213715005593
1690544230;15.453454619685637;26.880340182013274;13.727225941314513;17.932714566455843
1690544231;15.471378711158245;26.88024082978977;13.72653047436807;18.02054210654951
1690544232;16.071636618918884;26.88004212534276;13.728020760681881;17.962718997573813
1690544233;15.967876044949636;26.887096133211465;13.72653047436807;17.86505556780902
1690544234;15.713951415754279;26.886897428764456;13.72653047436807;17.7696772437254
1690544235;15.713951415754279;26.885208440964913;13.732789676886059;17.82819581964754
1690544236;15.713951415754279;26.885506497635415;13.732789676886059;17.819949568711134
1690544237;15.713951415754279;26.891765687716095;13.732789676886059;17.81706834850445
1690544238;15.712756476322776;26.891765687716095;13.732789676886059;17.827102943017415
1690544239;15.712756476322776;26.89077216548106;13.732789676886059;17.383196326344887
1690544240;15.712756476322776;26.891467631045586;13.731994857518693;17.404954506526458
1690544241;15.712756476322776;26.884413623176883;13.731994857518693;17.1660119342128
1690544242;15.381260362365378;26.88461232762389;13.732789676886059;17.716026936428364
1690544243;15.983310679273277;26.896633946667727;13.732789676886059;17.676683377743863
1690544244;15.887516368180755;26.890374756587054;13.731994857518693;17.64111521105435
1690544245;15.828366866321131;26.890374756587054;13.731994857518693;17.665853963863544
1690544246;15.798194645675567;26.890176052140045;13.731994857518693;17.65532260724597
1690544247;15.798194645675567;26.89007669991654;13.734279963199858;17.69993184423925
1690544248;15.797198862815975;26.894746254421175;13.732789676886059;17.689400487621686
1690544249;15.797198862815975;26.902297023407385;13.732789676886059;17.250858901678857
1690544250;15.803472294831389;26.8956404244327;13.727027236472667;17.279969161008545
1690544251;15.803472294831389;26.87706155863768;13.725934359842551;17.268245575339936
1690544252;15.803472294831389;26.871895243015544;13.725934359842551;17.32745961820852
1690544253;16.264619337107355;26.860966498430237;13.732988381727896;17.30898006791731
1690544254;16.269896986263177;26.864642530699832;13.732988381727896;17.754873733008246
1690544255;16.168127978013114;26.86484123514684;13.732988381727896;17.755171790271017
1690544256;15.62104487495457;26.865139291817353;13.732988381727896;17.582397930290373
1690544257;15.800385367966662;26.864344474029334;13.733783201095262;17.517620151850245
1690544258;15.653109083033357;26.864344474029334;13.733783201095262;17.554380547590796
1690544259;15.706980935737159;26.858681397289676;13.733783201095262;17.580112824609195
1690544260;15.806857956554;26.70289711083734;13.732988381727896;17.620052497819216
1690544261;15.812533918853655;26.700612009696776;13.73308773414882;17.611607542040975
1690544262;15.818807350869069;26.689385208440964;13.73308773414882;17.17237048915171
1690544263;15.816517050292012;26.681039621666734;13.731696800255932;17.189558457970943
1690544264;15.816517050292012;26.69445217183961;13.7324916196233;17.1888629910245
1690544265;15.816517050292012;26.694352819616107;13.7324916196233;17.154089643702353
1690544266;15.816517050292012;26.69335929738108;13.738750822141288;17.14494922097767
1690544267;15.816517050292012;26.699916544132265;13.73795600277392;17.17266854641447
1690544268;15.816118737148177;26.69912172634423;13.73795600277392;17.62402659465603
1690544269;15.957619481495867;26.711342049835075;13.738750822141288;17.46585754055069
1690544270;15.845096018362238;26.711342049835075;13.738750822141288;17.449563743519736
1690544271;15.764736341593355;26.711342049835075;13.738750822141288;17.451848849200914
1690544272;16.08069824294115;26.712136867623094;13.73795600277392;17.44250972163439
1690544273;16.08587631381101;26.712633628740612;13.738750822141288;17.46287696792308
1690544274;16.092149745826422;26.725152008901965;13.738750822141288;17.456617765405092
1690544275;16.092149745826422;26.724357191113935;13.738750822141288;17.03367450954677
1690544276;16.092149745826422;26.724357191113935;13.73795600277392;16.994827712966888
1690544277;16.092149745826422;26.724059134443433;13.738750822141288;17.034071919230453
1690544278;16.092149745826422;26.724655247784447;13.73795600277392;17.033475804704935
1690544279;16.09205016754046;26.726145531136993;13.73795600277392;17.51930914300589
1690544280;15.707578405452905;26.72395978221993;13.744413910133746;17.506592033128076
1690544281;15.7464139369769;26.705480268648408;13.750474407809898;17.383196326344887
1690544282;15.746115202119027;26.700313953026267;13.75027570296805;17.373757846357442
1690544283;15.746115202119027;26.70468545086039;13.75027570296805;17.408729898521436
1690544284;15.752089899276566;26.696538568533168;13.75027570296805;16.95061588565728
1690544285;15.234780703719741;26.698128204109207;13.749480883600695;17.426513981866197
1690544286;15.531324839305539;26.697830147438694;13.751070522335418;17.312556755070453
1690544287;15.651814565315892;26.689683265111476;13.75027570296805;17.148227850868047
1690544288;15.499957679228471;26.697532090768195;13.749480883600695;17.1222968690078
1690544289;15.629110716117244;26.6976314429917;13.749480883600695;17.180517387667184
1690544290;16.121824075042202;26.693458649604572;13.749480883600695;17.209130884892275
1690544291;16.13357431278536;26.691074196240518;13.751865341702786;17.1606469034831
1690544292;16.13277768649768;26.691074196240518;13.751070522335418;16.726079414377093
1690544293;16.13277768649768;26.697333386321187;13.751070522335418;16.744459612247375
1690544294;15.357660308593113;26.69713468187418;13.751070522335418;16.71455453355032
1690544295;15.374289882348258;26.697830147438694;13.751070522335418;17.12726449005383
1690544296;15.528237912440812;26.696737272980165;13.75027570296805;17.128357366683954
1690544297;15.58181103028674;26.696737272980165;13.75027570296805;16.970784427104135
1690544298;15.58181103028674;26.702201645272815;13.74481131981743;16.986978871714165
1690544299;15.526644659865473;26.701903588602317;13.74481131981743;16.94236963472089
1690544300;15.827470661747501;26.70170488415531;13.74481131981743;16.77615303452099
1690544301;15.564882721673712;26.701605531931804;13.75027570296805;16.820662919093355
1690544302;15.564882721673712;26.702400349719824;13.751070522335418;16.8413282226448
1690544303;15.564882721673712;26.721177919961846;13.757329724853406;16.89279277668159
1690544304;15.564583986815839;26.72743711004252;13.757329724853406;16.876200922387874
1690544305;15.564583986815839;26.726344235583987;13.757329724853406;16.901734494564423
1690544306;15.564583986815839;26.72694034892501;13.757329724853406;16.524791409592275
1690544307;15.57663295941687;26.726145531136993;13.756336200644203;16.95051653323637
1690544308;15.752786947278274;26.7266422922545;13.75713102001156;16.96124659469578
1690544309;15.62871240297341;26.73180860787664;13.75713102001156;16.73084833058127
1690544310;15.608697167495656;26.71362715097564;13.756336200644203;16.67491291760307
1690544311;15.7813659153485;26.714123912093157;13.756336200644203;16.710779141555342
1690544312;15.885126489317736;26.707069904224458;13.758720658746293;16.807250342269086
1690544313;16.316101310948138;26.707069904224458;13.757826486958002;16.84778613000463
1690544314;16.314806793230662;26.713527798752136;13.757826486958002;16.85116411231592
1690544315;16.314806793230662;26.713229742081623;13.757826486958002;16.394441033344663
1690544316;16.314806793230662;26.713825855422645;13.757031667590647;16.37625954031622
1690544317;16.314806793230662;26.713825855422645;13.757031667590647;16.38887729777312
1690544318;16.314806793230662;26.71889281882128;13.751567284440025;16.400501531020804
1690544319;16.314806793230662;26.71968763660931;13.745804844026633;16.413119288477706
1690544320;16.3273536572615;26.7123355720701;13.744513262554669;16.435771640447562
1690544321;15.948557857473599;26.711540754282083;13.750772465072657;16.906602763189525
1690544322;15.9980482655952;26.71303103763463;13.744513262554669;16.924486198955215
1690544323;15.840017525778327;26.71750188769225;13.743718443187303;16.712368780290067
1690544324;16.03718253197708;26.717303183245246;13.737459240669313;16.746546013086704
1690544325;15.663166489915215;26.71829670548027;13.739048879404049;16.699154908307655
1690544326;15.6969235288553;26.71720383102174;13.738254060036681;16.23309270176987
1690544327;15.68925600083646;26.71720383102174;13.738254060036681;16.192954323718002
1690544328;15.69015220541009;26.71829670548027;13.737459240669313;16.176859231528894
1690544329;16.107584380150065;26.71690577435123;13.738254060036681;16.224051631466107
1690544330;16.107584380150065;26.723860429996428;13.738254060036681;16.22444904114979
1690544331;16.113758233879516;26.723860429996428;13.744513262554669;16.226734146830957
1690544332;16.113758233879516;26.718197353256766;13.744513262554669;16.14993472545946
1690544333;16.120031665894928;26.724655247784447;13.745308081922037;16.12966683159168
1690544334;16.120031665894928;26.72366172554942;13.745308081922037;16.148643143987485
1690544335;16.119832509323018;26.723363668878907;13.744513262554669;16.15033213514314
1690544336;16.119832509323018;26.723363668878907;13.738452764878517;16.125195972650264
1690544337;16.132379373353846;26.722568851090887;13.738452764878517;16.145066456834357
1690544338;16.12023082246685;26.72227079442038;13.737657945511161;16.073234656508873
1690544339;16.125707628194597;26.723065612208398;13.738452764878517;16.05336417232479
1690544340;16.125508471622673;26.723264316655403;13.738452764878517;16.053165467482945
1690544341;16.124114375619246;26.715614195445692;13.737657945511161;16.53532276620985
1690544342;15.244340219171804;26.7158128998927;13.736863126143795;16.533832479896038
1690544343;16.208258027254573;26.7088582442475;13.737657945511161;16.515849691709438
1690544344;16.223593083292254;26.71014982315304;13.736863126143795;16.519625083704415
1690544345;16.38540779797557;26.70935500536502;13.743122328661784;16.607253918956243
1690544346;15.220441430541653;26.70905694869451;13.749381531179772;16.543867074409
1690544347;15.693139553988855;26.70826213090649;13.749381531179772;16.392950747030856
1690544348;15.922269189980431;26.708063426459482;13.748586711812404;16.41530504173795
1690544349;15.711860271749146;26.709553709812027;13.736962478564719;16.431996248452585
1690544350;16.199993029519987;26.709553709812027;13.736068306776428;16.44829004548354
1690544351;16.198997246660397;26.709553709812027;13.737657945511161;16.473426207976406
1690544352;16.20527067867581;26.709454357588523;13.737657945511161;15.990573442303068
1690544353;16.20527067867581;26.70965306203553;13.739048879404049;15.947255786781756
1690544354;16.20527067867581;26.7084608353535;13.731994857518693;15.948249310990958
1690544355;16.203976160958344;26.71472002543417;13.731994857518693;15.947057081939919
1690544356;16.203976160958344;26.71442196876366;13.731796152676857;15.861613999948332
1690544357;16.203976160958344;26.71362715097564;13.725536950158867;15.778555376058845
1690544358;16.203976160958344;26.71362715097564;13.724742130791501;15.787000331837087
1690544359;16.203976160958344;26.71362715097564;13.725536950158867;15.659928585479843
1690544360;16.222796457004584;26.71422326431665;13.724742130791501;15.680494536610379
1690544361;16.22239814386075;26.713229742081623;13.737260535827478;16.00100544649972
1690544362;16.167430930011406;26.713229742081623;13.7427249189781;15.994050777035284
1690544363;15.796103501670423;26.726344235583987;13.7427249189781;16.017199891109748
1690544364;15.735161590663537;26.73151055120614;13.741930099610734;16.04104447213065
1690544365;16.004321697610624;26.73151055120614;13.743519738345466;16.031804696985052
1690544366;15.86760071098896;26.73151055120614;13.743519738345466;16.01769665321435
1690544367;16.207461400966906;26.732305368994158;13.743519738345466;16.081679612287115
1690544368;16.21373483298232;26.738465206851323;13.7427249189781;15.740702103688164
1690544369;16.211643688977183;26.73826650240433;13.743519738345466;15.747060658627065
1690544370;16.211643688977183;26.733298891229186;13.74332103350362;15.745272315050496
1690544371;16.211643688977183;26.712931685411125;13.74332103350362;15.687250501232963
1690544372;16.223891818150136;26.711640106505584;13.742526214136264;15.672943752620416
1690544373;16.223891818150136;26.699916544132265;13.744115852870987;15.656451250747628
1690544374;16.223891818150136;26.69912172634423;13.744115852870987;15.65833894674512
1690544375;16.223891818150136;26.705380916424915;13.74332103350362;15.672943752620416
1690544376;16.249184702783715;26.70528156420141;13.748785416654252;15.641647740030484
1690544377;16.24550030620323;26.70528156420141;13.748586711812404;15.579552476955206
1690544378;16.251773738218645;26.703592576401856;13.748586711812404;16.04462115928379
1690544379;16.251773738218645;26.71044787982355;13.74391714802915;16.046210798018514
1690544380;16.258047170234057;26.703294519731347;13.743122328661784;15.965139222547432
1690544381;16.258047170234057;26.703294519731347;13.743122328661784;15.95103117877673
1690544382;16.258047170234057;26.703294519731347;13.742327509294416;15.957389733715644
1690544383;16.258047170234057;26.709553709812027;13.742327509294416;15.989579918093867
1690544384;16.258047170234057;26.709553709812027;13.743122328661784;15.989480565672942
1690544385;16.258047170234057;26.70905694869451;13.743122328661784;15.989778622935702
1690544386;16.258047170234057;26.7088582442475;13.742327509294416;15.584420745580307
1690544387;16.258047170234057;26.70925565314152;13.74153268992706;15.580446648743484
1690544388;16.258047170234057;26.70389063307237;13.74153268992706;15.575379675276546
1690544389;16.26432060224947;26.696538568533168;13.743122328661784;15.573889388962737
1690544390;16.26432060224947;26.697333386321187;13.743122328661784;15.57398874138366
1690544391;16.26432060224947;26.696439216309663;13.744115852870987;15.573193922016292
1690544392;16.26432060224947;26.696240511862655;13.744115852870987;15.573193922016292
1690544393;16.26432060224947;26.697035329650674;13.74332103350362;15.580645353585332
1690544394;16.26432060224947;26.697035329650674;13.737061830985631;15.579552476955206
1690544395;16.26432060224947;26.7158128998927;13.737757297932074;15.582930459266498
1690544396;16.26432060224947;26.7158128998927;13.744016500450062;15.582135639899143
1690544397;16.26432060224947;26.71392520764615;13.743221681082707;15.581340820531775
1690544398;16.26432060224947;26.701406827484796;13.743221681082707;15.581340820531775
1690544399;16.270594034264885;26.70210229304932;13.743221681082707;15.580546001164407
1690544400;16.35553431218788;26.7084608353535;13.742426861715341;15.561172279084923
1690544401;16.363500575064606;26.701406827484796;13.74332103350362;15.556502715301669
1690544402;16.363500575064606;26.696439216309663;13.74332103350362;15.556502715301669
1690544403;16.363500575064606;26.69524698962763;13.748884769075165;15.568027596128431
1690544404;16.363301418492682;26.695147637404126;13.748884769075165;15.562662565398732
1690544405;16.363301418492682;26.6941541151691;13.748884769075165;15.5649476710799
1690544406;16.369574850508094;26.6941541151691;13.750474407809898;15.547461644997906
1690544407;16.369574850508094;26.696538568533168;13.749679588442532;15.553720847515894
1690544408;16.369574850508094;26.696538568533168;13.749679588442532;15.572299750228014
1690544409;16.369574850508094;26.695644398521633;13.74540743434295;15.496195795802958
1690544410;16.369574850508094;26.701307475261295;13.74332103350362;15.495400976435592
1690544411;16.369574850508094;26.70170488415531;13.744115852870987;15.4920229941243
1690544412;16.369574850508094;26.707765369788973;13.74332103350362;15.4920229941243
1690544413;16.369574850508094;26.706970552000953;13.742526214136264;15.491228174756932
1690544414;16.369574850508094;26.713825855422645;13.742526214136264;15.498282196642288
1690544415;16.369574850508094;26.719290227715298;13.742526214136264;15.460726981534357
1690544416;16.369574850508094;26.719190875491794;13.742327509294416;15.459932162167
1690544417;16.369574850508094;26.719190875491794;13.743122328661784;15.459137342799634
1690544418;16.369574850508094;26.718992171044786;13.743122328661784;15.459137342799634
1690544419;16.369574850508094;26.718197353256766;13.743122328661784;15.465197840475774
1690544420;16.369574850508094;26.718098001033262;13.743122328661784;15.45814381859043
1690544421;16.369574850508094;26.718694114374276;13.742327509294416;15.459733457325154
1690544422;16.369574850508094;26.717899296586257;13.743122328661784;15.458938637957786
1690544423;16.369574850508094;26.718694114374276;13.743122328661784;15.453474254807166
1690544424;16.369574850508094;26.71829670548027;13.742327509294416;15.452679435439798
1690544425;16.369574850508094;26.724655247784447;13.74153268992706;15.453474254807166
1690544426;16.369574850508094;26.723860429996428;13.74153268992706;15.453474254807166
1690544427;16.369574850508094;26.724555895560943;13.74153268992706;15.451884616072443
1690544428;16.369574850508094;26.72535071334896;13.740737870559695;15.451884616072443
