Time;{instance="10.231.0.208:9100"};{instance="192.168.221.10:9100"};{instance="192.168.221.11:9100"};{instance="192.168.221.12:9100"}
1690543948;685;14920.999999999998;558;558
1690543949;556;79906.99999999999;610;13617
1690543950;59313901;24865.999999999996;1756;6990483
1690543951;98243062;102641.99999999999;610;111254317
1690543952;92825645;19429.999999999996;5021;86053008
1690543953;105814521;63048.99999999999;610;105749571
1690543954;93227068;59818.99999999999;558;101528257
1690543955;23457203;29633.999999999996;1102;61328720
1690543956;550;114454.99999999999;743;5807
1690543957;676;31069.999999999996;610;12888
1690543958;616;88114.99999999999;558;809
1690543959;616;34469.99999999999;610;17123
1690543960;784;63544.99999999999;1417;1500
1690543961;616;73425.99999999999;610;14740
1690543962;676;18331.999999999996;4968;3545
1690543963;745;112517.99999999999;610;676
1690543964;676;10478.999999999998;558;21277
1690543965;736;106855.99999999999;610;676
1690543966;616;31534.999999999996;558;16573
1690543967;556;31542.999999999996;610;1807
1690543968;1238;91612.99999999999;558;5741
1690543969;17750;35419.99999999999;610;13174
1690543970;77430288;117997.99999999999;1473;25159153
1690543971;93954788;22794.999999999996;795;103795826
1690543972;106768255;46285.99999999999;558;106676862
1690543973;75086532;83503.99999999999;5280;104732386
1690543974;30877415;12890.999999999998;765;31467192
1690543975;724;109741.99999999999;928;12363224
1690543976;1103;78991.99999999999;558;12648
1690543977;616;88100.99999999999;775;676
1690543978;556;35383.99999999999;558;16144
1690543979;556;15496.999999999998;610;1554
1690543980;832;129176.99999999999;1443;6603
1690543981;616;9654.999999999998;610;12416
1690543982;490;103572.99999999999;760;690
1690543983;616;18391.999999999996;5007;16299
1690543984;706;91156.99999999999;6657;1589
1690543985;832;77855.99999999999;610;38364
1690543986;556;41144.99999999999;558;3428
1690543987;19110;94595.99999999999;610;8760
1690543988;7498850;35042.99999999999;723;12301
1690543989;108269637;52345.99999999999;610;66749908
1690543990;88633107;81883.99999999999;558;99270742
1690543991;100607638;18345.999999999996;1469;92438655
1690543992;101375644;106541.99999999999;558;101045829
1690543993;47826208;19052.999999999996;5076;94665694
1690543994;616;67621.99999999999;558;1594
1690543995;556;57163.99999999999;610;10441
1690543996;616;45169.99999999999;558;11328
1690543997;556;100859.99999999999;798;1786
1690543998;1178;30804.999999999996;558;16615
1690543999;832;83053.99999999999;792;1773
1690544000;616;54153.99999999999;740;17414
1690544001;556;18838.999999999996;1633;1750
1690544002;550;108379.99999999999;558;5873
1690544003;556;18576.999999999996;5008;12531
1690544004;1354;106067.99999999999;558;690
1690544005;724;20626.999999999996;610;21148
1690544006;616;121309.99999999999;558;1655
1690544007;616;60461.99999999999;610;14829
1690544008;556;33972.99999999999;558;3405
1690544009;12697;91640.99999999999;610;13670
1690544010;75067859;44418.99999999999;558;43568549
1690544011;41455492;51662.99999999999;1638;72983800
1690544012;556;76920.99999999999;558;9680
1690544013;556;9462.999999999998;5073;9175
1690544014;15629;118264.99999999999;729;855
1690544015;40490733;57024.99999999999;7347;46136
1690544016;104245754;79603.99999999999;558;97108749
1690544017;96493536;61789.99999999999;795;104306379
1690544018;26480217;28611.999999999996;558;66329556
1690544019;616;92580.99999999999;792;5991
1690544020;556;35185.99999999999;558;12332
1690544021;784;97639.99999999999;1798;1582
1690544022;556;32566.999999999996;558;16885
1690544023;1048;75147.99999999999;23828;2207
1690544024;616;81829.99999999999;558;20998
1690544025;616;18969.999999999996;610;8867
1690544026;17326;71477.99999999999;558;18247
1690544027;28314276;76570.99999999999;610;10089
1690544028;114418799;17511.999999999996;558;90988730
1690544029;97303009;108341.99999999999;610;110992872
1690544030;100639917;27211.999999999996;558;90984723
1690544031;22531968;107799.99999999999;1468;56295500
1690544032;616;18728.999999999996;743;11636908
1690544033;556;23208.999999999996;5073;1751
1690544034;616;104944.99999999999;558;5939
1690544035;616;29479.999999999996;610;12541
1690544036;1340;160740.99999999997;765;6048
1690544037;556;26610.999999999996;775;16659
1690544038;616;43713.99999999999;723;1721
1690544039;772;84735.99999999999;928;15017
1690544040;616;16978.999999999996;558;3541
1690544041;1174;119970.99999999999;610;5915
1690544042;616;12317.999999999998;1619;13491
1690544043;616;59638.99999999999;5007;808
1690544044;36216560;72790.99999999999;760;19657
1690544045;102206081;72096.99999999999;610;95804749
1690544046;1461063;64450.99999999999;7217;44029499
1690544047;616;23100.999999999996;610;5991
1690544048;1048;11535.999999999998;723;756
1690544049;490;28684.999999999996;610;808
1690544050;31326;25448.999999999996;558;1790
1690544051;97551632;36542.99999999999;610;58852619
1690544052;79010442;13230.999999999998;1417;87331249
1690544053;93078674;25156.999999999996;610;76257899
1690544054;79381609;15937.999999999998;6128;80526469
1690544055;425341;33887.99999999999;610;46461366
1690544056;892;29036.999999999996;558;6057
1690544057;556;24462.999999999996;798;742
1690544058;1178;10131.999999999998;760;756
1690544059;550;29057.999999999996;994;742
1690544060;556;14916.999999999998;810;756
1690544061;988;29176.999999999996;775;808
1690544062;616;19326.999999999996;1354;1719
1690544063;616;20743.999999999996;610;808
1690544064;6955;17751.999999999996;4969;756
1690544065;8038;37282.99999999999;610;15966
1690544066;65781589;82316.99999999999;558;16661666
1690544067;68945868;26947.999999999996;610;73961228
1690544068;98018135;8144.999999999999;558;102489391
1690544069;556;30555.999999999996;610;39703498
1690544070;616;15892.999999999998;558;1102
1690544071;616;25853.999999999996;775;1028
1690544072;556;21946.999999999996;1473;756
1690544073;556;26156.999999999996;610;1631
1690544074;1021;13259.999999999998;5021;938
1690544075;13272;41509.99999999999;1102;8119
1690544076;11631668;80512.99999999999;9009;6252
1690544077;39457915;24874.999999999996;795;11661045
1690544078;111018251;20078.999999999996;558;98622006
1690544079;24394553;20805.999999999996;610;76152775
1690544080;961;26257.999999999996;558;1117
1690544081;724;17444.999999999996;1284;808
1690544082;616;33927.99999999999;1050;1182
1690544083;616;15296.999999999998;1747;2093
1690544084;11591;24316.999999999996;4954;944
1690544085;33455852;33156.99999999999;610;12424
1690544086;1473292;39271.99999999999;558;34945766
1690544087;38281437;22201.999999999996;610;20769
1690544088;85532267;18176.999999999996;558;76156796
1690544089;39281490;17371.999999999996;610;86911003
1690544090;616;29076.999999999996;558;1051
1690544091;556;18084.999999999996;610;1010
1690544092;616;28600.999999999996;743;855
1690544093;25321;29589.999999999996;1569;4330
1690544094;5198796;17695.999999999996;5025;22216
1690544095;91844123;22991.999999999996;817;56949430
1690544096;99854605;91349.99999999999;558;96591815
1690544097;82522021;18455.999999999996;610;99307782
1690544098;1114;15886.999999999998;558;26501195
1690544099;616;17381.999999999996;775;808
1690544100;556;23562.999999999996;558;690
1690544101;616;17534.999999999996;610;742
1690544102;556;28270.999999999996;760;756
1690544103;616;22461.999999999996;1469;1667
1690544104;556;14640.999999999998;558;690
1690544105;832;23118.999999999996;5008;808
1690544106;21428;45117.99999999999;558;7677
1690544107;52321877;71882.99999999999;9158;3695974
1690544108;103750379;20359.999999999996;723;107285942
1690544109;30239130;17182.999999999996;610;75253071
1690544110;616;28040.999999999996;558;1463
1690544111;784;17397.999999999996;610;2806
1690544112;556;23435.999999999996;746;892
1690544113;616;26243.999999999996;1661;1769
1690544114;12217;23545.999999999996;810;756
1690544115;16802787;24614.999999999996;5074;13190
1690544116;64696170;41089.99999999999;558;69882376
1690544117;832;24702.999999999996;610;11655749
1690544118;9469;27776.999999999996;558;7422
1690544119;31501095;22060.999999999996;792;18325
1690544120;104555749;23856.999999999996;558;93230502
1690544121;70671449;21606.999999999996;977;72034794
1690544122;115427529;16473.999999999996;558;107125612
1690544123;15597899;34441.99999999999;1633;65273642
1690544124;616;16487.999999999996;723;1476
1690544125;556;21742.999999999996;5337;1015
1690544126;784;81748.99999999999;558;1099
1690544127;1048;29638.999999999996;610;676
1690544128;550;19908.999999999996;558;7555
1690544129;556;17674.999999999996;610;841
1690544130;616;23709.999999999996;558;788
1690544131;556;20532.999999999996;610;990
1690544132;3635;23682.999999999996;558;1728
1690544133;13699;24760.999999999996;610;18307
1690544134;32996446;28949.999999999996;1417;2946
1690544135;71743963;17464.999999999996;5073;84800444
1690544136;772;39473.99999999999;558;19991633
1690544137;616;70010.99999999999;966;913
1690544138;14569;31494.999999999996;9687;38355
1690544139;35378843;20862.999999999996;610;15986
1690544140;93510309;29599.999999999996;558;93317627
1690544141;80815238;15578.999999999998;792;94761877
1690544142;616;24331.999999999996;558;21656767
1690544143;556;19886.999999999996;1102;742
1690544144;832;31807.999999999996;1483;2163
1690544145;616;15976.999999999998;5007;742
1690544146;1174;40556.99999999999;558;855
1690544147;27447;27928.999999999996;610;742
1690544148;1334;23693.999999999996;558;28368
1690544149;78052795;15726.999999999998;610;35050442
1690544150;99013518;32204.999999999996;558;97235361
1690544151;104650278;14409.999999999998;610;103875558
1690544152;44211328;25572.999999999996;558;89749477
1690544153;988;14434.999999999998;861;742
1690544154;616;40016.99999999999;1417;1420
1690544155;556;24036.999999999996;817;1092
1690544156;1271;93862.99999999999;5021;624
1690544157;556;15692.999999999998;610;742
1690544158;616;21426.999999999996;558;690
1690544159;556;16322.999999999998;775;9062
1690544160;616;28141.999999999996;558;624
1690544161;13421;23465.999999999996;610;1977
1690544162;895;14613.999999999998;760;13979
1690544163;49788384;22008.999999999996;610;3461157
1690544164;89032697;31572.999999999996;1417;96921825
1690544165;12928819;39651.99999999999;610;51067602
1690544166;556;37223.99999999999;4955;690
1690544167;556;21742.999999999996;715;742
1690544168;3791;80342.99999999999;10274;690
1690544169;9274;16556.999999999996;676;44456
1690544170;80921021;27953.999999999996;558;31074654
1690544171;47229064;20228.999999999996;610;97065165
1690544172;556;22342.999999999996;558;624
1690544173;616;17508.999999999996;610;878
1690544174;556;29223.999999999996;558;789
1690544175;18240;31800.999999999996;1656;1539
1690544176;104506166;36403.99999999999;5021;54969218
1690544177;103771129;16350.999999999998;610;109994298
1690544178;36612362;26139.999999999996;558;79668488
1690544179;90731696;16053.999999999998;792;44912175
1690544180;72160828;25608.999999999996;558;106032457
1690544181;676;16990.999999999996;977;12055587
1690544182;1108;25363.999999999996;932;624
1690544183;676;13725.999999999998;610;676
1690544184;616;20611.999999999996;558;690
1690544185;676;32743.999999999996;1737;1636
1690544186;784;93276.99999999999;5020;690
1690544187;616;13587.999999999998;610;949
1690544188;745;26950.999999999996;558;690
1690544189;676;19207.999999999996;610;840
1690544190;616;15368.999999999998;558;8794
1690544191;832;26486.999999999996;610;924
1690544192;18598;18616.999999999996;558;19675
1690544193;28464506;32349.999999999996;610;1948
1690544194;87118881;8555.999999999998;558;87347339
1690544195;82513189;47874.99999999999;1469;84621212
1690544196;81455774;32065.999999999996;5048;66289223
1690544197;41000746;23599.999999999996;795;72115022
1690544198;103399254;17072.999999999996;729;70677802
1690544199;7022044;89429.99999999999;10848;49764272
1690544200;679;13712.999999999998;558;43182
1690544201;1336;27349.999999999996;792;676
1690544202;616;12138.999999999998;558;624
1690544203;550;27326.999999999996;1102;676
1690544204;676;10680.999999999998;558;1304
1690544205;892;42074.99999999999;610;742
1690544206;676;27567.999999999996;5791;1485
1690544207;550;32522.999999999996;676;841
1690544208;676;13239.999999999998;558;690
1690544209;676;27395.999999999996;610;676
1690544210;31030;19210.999999999996;558;9167
1690544211;490;29211.999999999996;610;31721
1690544212;43056966;17176.999999999996;558;690
1690544213;108300588;28643.999999999996;610;104476229
1690544214;67336999;10867.999999999998;743;82424333
1690544215;106934058;38924.99999999999;817;88710833
1690544216;70012753;79476.99999999999;1621;112432209
1690544217;616;28573.999999999996;5256;7695242
1690544218;616;21161.999999999996;877;690
1690544219;676;17995.999999999996;775;742
1690544220;616;24602.999999999996;558;9035
1690544221;676;14902.999999999998;610;878
1690544222;832;19047.999999999996;558;892
1690544223;556;17178.999999999996;610;1224
1690544224;616;23691.999999999996;558;690
1690544225;556;87401.99999999999;610;742
1690544226;616;42781.99999999999;8803;8931
1690544227;11425;15179.999999999998;5089;742
1690544228;1048;31772.999999999996;723;12220
1690544229;34975338;11630.999999999998;610;1812
1690544230;11550750;94544.99999999999;11276;46561460
1690544231;15205;16254.999999999998;610;47928
1690544232;83517435;25056.999999999996;558;43566850
1690544233;110325009;12742.999999999998;795;104594566
1690544234;50710086;27247.999999999996;875;96310192
1690544235;616;14542.999999999998;798;907
1690544236;676;56606.99999999999;558;1471
1690544237;616;11981.999999999998;5908;690
1690544238;1238;25022.999999999996;558;624
1690544239;616;16227.999999999998;792;676
1690544240;892;27872.999999999996;558;690
1690544241;16053;17687.999999999996;812;9446
1690544242;10080;29002.999999999996;723;16974
1690544243;83218314;12595.999999999998;610;57755103
1690544244;94299443;20897.999999999996;558;80358700
1690544245;67186223;23096.999999999996;775;67818962
1690544246;46547513;97576.99999999999;558;80605414
1690544247;784;17232.999999999996;5865;4574169
1690544248;676;15155.999999999998;743;624
1690544249;676;26282.999999999996;795;1071
1690544250;556;88045.99999999999;12081;624
1690544251;556;16656.999999999996;610;48620
1690544252;616;21010.999999999996;558;806
1690544253;556;21377.999999999996;610;742
1690544254;3495;27182.999999999996;558;4138
1690544255;12770;23943.999999999996;610;1878
1690544256;79084883;44287.99999999999;558;34969318
1690544257;100633834;23806.999999999996;5909;102799571
1690544258;104889688;16927.999999999996;558;101460372
1690544259;18196265;26763.999999999996;610;63651530
1690544260;832;25131.999999999996;558;690
1690544261;772;15653.999999999998;610;9919
1690544262;784;22793.999999999996;740;624
1690544263;616;21376.999999999996;610;676
1690544264;1048;19553.999999999996;1050;812
1690544265;556;23258.999999999996;610;1168
1690544266;676;29893.999999999996;558;789
1690544267;736;43319.99999999999;5842;1535
1690544268;15417;12025.999999999998;558;16464
1690544269;49629882;34619.99999999999;610;4029050
1690544270;104229843;16508.999999999996;558;105173420
1690544271;100226320;23512.999999999996;610;107051534
1690544272;1983083;11398.999999999998;558;39906760
1690544273;616;24365.999999999996;610;676
1690544274;676;12266.999999999998;558;809
1690544275;676;31733.999999999996;817;1046
1690544276;1535;89916.99999999999;558;977
1690544277;913;29034.999999999996;5072;1525
1690544278;12273;15293.999999999998;1697;624
1690544279;616;22604.999999999996;775;13120
1690544280;28238339;23643.999999999996;663;1054
1690544281;65062594;98044.99999999999;12700;81430393
1690544282;616;8467.999999999998;558;11890620
1690544283;676;25208.999999999996;610;1043
1690544284;3650;16183.999999999998;558;624
1690544285;23286502;34863.99999999999;610;23308856
1690544286;34710255;49478.99999999999;558;15768
1690544287;99647405;29566.999999999996;610;86197477
1690544288;63738162;11999.999999999998;6021;106272171
1690544289;23318131;21876.999999999996;610;28852481
1690544290;556;22429.999999999996;558;624
1690544291;490;25744.999999999996;610;676
1690544292;784;10738.999999999998;558;10340
1690544293;616;24618.999999999996;610;676
1690544294;3635;13686.999999999998;743;624
1690544295;8214;37324.99999999999;798;13102
1690544296;46586293;32150.999999999996;558;9641
1690544297;23390349;38657.99999999999;610;69953537
1690544298;1334;18902.999999999996;5878;624
1690544299;7275805;25639.999999999996;610;17992
1690544300;100864134;24672.999999999996;740;66192120
1690544301;89878192;26189.999999999996;812;102589175
1690544302;550;11738.999999999998;723;29178448
1690544303;556;24912.999999999996;610;1268
1690544304;616;9049.999999999998;558;1188
1690544305;685;33084.99999999999;775;676
1690544306;616;81126.99999999999;558;1391
1690544307;16477;38922.99999999999;610;17324
1690544308;15792397;13351.999999999998;5659;2637
1690544309;76539668;24200.999999999996;610;64470834
1690544310;61820733;23721.999999999996;558;63587396
1690544311;103215513;99173.99999999999;13954;82105007
1690544312;56831722;14616.999999999998;558;102608467
1690544313;616;23289.999999999996;610;1528708
1690544314;951;6439.999999999999;558;806
1690544315;1108;34699.99999999999;610;838
1690544316;772;26222.999999999996;558;624
1690544317;556;38637.99999999999;610;676
1690544318;676;13445.999999999998;5724;2019
1690544319;1288;11093.999999999998;610;676
1690544320;616;30152.999999999996;558;624
1690544321;19322;16486.999999999996;610;3812
1690544322;22836628;33079.99999999999;740;16483
1690544323;107087360;14988.999999999998;1102;79556211
1690544324;82292829;19966.999999999996;558;87767453
1690544325;74598023;15692.999999999998;610;104247608
1690544326;74191856;43876.99999999999;558;54490600
1690544327;74476185;18413.999999999996;610;70165496
1690544328;30276068;65866.99999999999;558;69526849
1690544329;892;8968.999999999998;25109;6606
1690544330;556;26720.999999999996;558;624
1690544331;1048;17399.999999999996;610;878
1690544332;556;29328.999999999996;558;11530
1690544333;616;18045.999999999996;610;676
1690544334;556;22232.999999999996;558;1215
1690544335;556;14025.999999999998;610;861
1690544336;1103;94392.99999999999;765;809
1690544337;940;9934.999999999998;610;676
1690544338;616;42367.99999999999;760;624
1690544339;550;11746.999999999998;6161;1469
1690544340;556;34408.99999999999;558;789
1690544341;11637;22239.999999999996;610;12610
1690544342;207824;103965.99999999999;13687;11821
1690544343;57946427;14602.999999999998;610;56768345
1690544344;556;27332.999999999996;558;1427480
1690544345;18258987;28581.999999999996;610;30756
1690544346;92762112;49005.99999999999;558;72970021
1690544347;87158320;17709.999999999996;1925;90160674
1690544348;54627770;31950.999999999996;905;47491833
1690544349;96910294;16978.999999999996;6238;98407020
1690544350;23160102;27339.999999999996;558;63617672
1690544351;832;18060.999999999996;610;676
1690544352;724;26018.999999999996;558;624
1690544353;556;10052.999999999998;610;11597
1690544354;616;25723.999999999996;743;624
1690544355;556;14651.999999999998;798;676
1690544356;616;46264.99999999999;558;624
1690544357;676;11003.999999999998;610;676
1690544358;1550;24684.999999999996;558;624
1690544359;550;23764.999999999996;6018;1535
1690544360;18386;32657.999999999996;740;1781
1690544361;616;20852.999999999996;610;18828
1690544362;82462363;24273.999999999996;1132;28173259
1690544363;92237723;14904.999999999998;610;111447354
1690544364;67415922;25346.999999999996;810;60340242
1690544365;104267095;17034.999999999996;610;97686455
1690544366;72685183;88516.99999999999;723;105601583
1690544367;784;16638.999999999996;610;15920534
1690544368;556;25602.999999999996;558;624
1690544369;556;19934.999999999996;5139;1534
1690544370;616;36212.99999999999;2485;788
1690544371;832;9225.999999999998;610;676
1690544372;490;100359.99999999999;14675;806
1690544373;1108;22808.999999999996;610;60122
1690544374;616;8875.999999999998;558;1464
1690544375;772;29151.999999999996;610;676
1690544376;616;25918.999999999996;558;558
1690544377;556;35226.99999999999;610;676
1690544378;616;15096.999999999998;760;4589
1690544379;616;31291.999999999996;812;1468
1690544380;988;19931.999999999996;6175;1669
1690544381;556;23979.999999999996;610;1083
1690544382;784;25991.999999999996;558;558
1690544383;556;22891.999999999996;1102;12200
1690544384;616;9385.999999999998;558;558
1690544385;556;27929.999999999996;610;798
1690544386;616;27769.999999999996;558;1215
1690544387;550;29016.999999999996;610;610
1690544388;1178;9070.999999999998;723;558
1690544389;556;34064.99999999999;610;1472
1690544390;832;16511.999999999996;6088;558
1690544391;556;25464.999999999996;792;775
1690544392;616;18998.999999999996;809;760
1690544393;556;23211.999999999996;610;12135
1690544394;616;12362.999999999998;558;558
1690544395;616;25463.999999999996;610;610
1690544396;1529;80299.99999999999;558;558
1690544397;853;21869.999999999996;610;795
1690544398;616;14806.999999999998;760;558
1690544399;616;27976.999999999996;610;610
1690544400;556;22982.999999999996;5725;1488
1690544401;556;25985.999999999996;610;775
1690544402;616;9727.999999999998;558;558
1690544403;616;100621.99999999999;14565;62637
1690544404;490;23627.999999999996;558;558
1690544405;556;15333.999999999998;610;775
1690544406;616;40082.99999999999;558;558
1690544407;616;10098.999999999998;610;610
1690544408;490;31901.999999999996;723;558
1690544409;616;11906.999999999998;792;795
1690544410;556;38181.99999999999;5895;1350
1690544411;556;9198.999999999998;610;610
1690544412;718;25355.999999999996;558;558
1690544413;616;17250.999999999996;610;610
1690544414;556;24903.999999999996;743;12065
1690544415;616;13586.999999999998;798;610
1690544416;556;40044.99999999999;558;558
1690544417;736;13726.999999999998;610;610
1690544418;1118;26507.999999999996;558;558
1690544419;616;12766.999999999998;610;610
1690544420;685;38733.99999999999;558;1349
1690544421;616;9379.999999999998;5908;610
1690544422;556;31108.999999999996;789;558
1690544423;616;19050.999999999996;610;610
1690544424;675;27665.999999999996;558;12131
1690544425;556;18503.999999999996;817;610
1690544426;616;89713.99999999999;723;765
1690544427;724;11497.999999999998;610;610
1690544428;616;28635.999999999996;1050;558
