Time;{instance="10.231.0.208:9100"};{instance="192.168.221.10:9100"};{instance="192.168.221.11:9100"};{instance="192.168.221.12:9100"}
1690543948;11859;14920.999999999998;12059;12213
1690543949;11858;79906.99999999999;12048;15702
1690543950;59325759;24865.999999999996;13083;30425
1690543951;98227323;102641.99999999999;12049;130477
1690543952;92828843;19429.999999999996;12380;83717
1690543953;105862740;63048.99999999999;12029;108851
1690543954;93238980;59818.99999999999;12018;104882
1690543955;23469043;29633.999999999996;12101;48305
1690543956;11885;114454.99999999999;12098;13842
1690543957;11907;31069.999999999996;12043;16276
1690543958;11887;88114.99999999999;12038;13866
1690543959;11889;34469.99999999999;12031;17191
1690543960;11976;63544.99999999999;12838;14731
1690543961;11888;73425.99999999999;12050;16245
1690543962;11891;18331.999999999996;12389;15325
1690543963;11887;112517.99999999999;12036;14504
1690543964;11900;18585.999999999996;12044;17943
1690543965;11923;106855.99999999999;12048;14872
1690543966;11885;31534.999999999996;12038;17359
1690543967;11896;31542.999999999996;12055;15597
1690543968;11887;91612.99999999999;12026;15464
1690543969;29623;35419.99999999999;12029;19599
1690543970;77425684;117997.99999999999;12799;44799
1690543971;93983149;22794.999999999996;12114;83030
1690543972;106763686;46285.99999999999;12043;98163
1690543973;75114903;83503.99999999999;12448;79139
1690543974;30889316;18985.999999999996;12112;24453
1690543975;11974;109741.99999999999;12372;16979
1690543976;11882;78991.99999999999;12066;18991
1690543977;11887;88100.99999999999;12107;16271
1690543978;11879;35383.99999999999;12037;18864
1690543979;11880;15496.999999999998;12038;16944
1690543980;12049;129176.99999999999;12848;17702
1690543981;11905;14334.999999999998;12037;19363
1690543982;11893;103572.99999999999;12119;17050
1690543983;11897;18391.999999999996;12378;19559
1690543984;12046;91156.99999999999;12362;17941
1690543985;12044;77855.99999999999;12056;22278
1690543986;11886;41144.99999999999;12042;18540
1690543987;30981;94595.99999999999;12035;19691
1690543988;7510732;35042.99999999999;12118;20640
1690543989;108281537;52345.99999999999;12046;78900
1690543990;88645108;81883.99999999999;12053;69717
1690543991;99967258;18345.999999999996;12848;55377
1690543992;101997843;106541.99999999999;12052;94739
1690543993;47854549;19052.999999999996;12378;70299
1690543994;11887;67621.99999999999;12054;19061
1690543995;11902;57163.99999999999;12057;19071
1690543996;11889;45169.99999999999;12045;20680
1690543997;11886;100859.99999999999;12130;19292
1690543998;11891;30804.999999999996;12043;21194
1690543999;12067;83053.99999999999;12120;19731
1690544000;11888;54153.99999999999;12121;22263
1690544001;11873;18838.999999999996;12914;19951
1690544002;11870;108379.99999999999;12025;19798
1690544003;11884;18576.999999999996;12388;22373
1690544004;12256;106067.99999999999;12034;19933
1690544005;11968;20626.999999999996;12038;22432
1690544006;11867;121309.99999999999;12032;20858
1690544007;11864;60461.99999999999;12026;22203
1690544008;11874;33972.99999999999;12035;21176
1690544009;24586;91640.99999999999;12039;23197
1690544010;74949217;44418.99999999999;12052;64283
1690544011;41597905;51662.99999999999;12919;90857
1690544012;11896;76920.99999999999;12034;22526
1690544013;11907;18356.999999999996;12368;22254
1690544014;27522;118264.99999999999;12208;20966
1690544015;40437384;57024.99999999999;12275;29386
1690544016;104322878;79603.99999999999;12032;130528
1690544017;96505439;61789.99999999999;12100;96741
1690544018;26492115;28611.999999999996;12026;55114
1690544019;11881;92580.99999999999;12093;21531
1690544020;11872;35185.99999999999;12036;24258
1690544021;11975;97639.99999999999;13239;22343
1690544022;11884;32566.999999999996;12040;24217
1690544023;12262;75147.99999999999;13722;22656
1690544024;11875;81829.99999999999;12040;24932
1690544025;11891;21530.999999999996;12019;23887
1690544026;29257;71477.99999999999;12033;25295
1690544027;28326173;76570.99999999999;12038;24518
1690544028;112189889;17511.999999999996;12043;97357
1690544029;97178238;108341.99999999999;12031;93458
1690544030;100827211;27211.999999999996;12042;81902
1690544031;22543863;107799.99999999999;12880;60874
1690544032;11903;18728.999999999996;12109;25147
1690544033;11882;23208.999999999996;12380;23424
1690544034;11899;104944.99999999999;12042;23347
1690544035;11897;29479.999999999996;12038;25848
1690544036;12009;160740.99999999997;12101;23850
1690544037;11919;26610.999999999996;12081;25809
1690544038;11899;43713.99999999999;12099;24440
1690544039;12049;84735.99999999999;12406;25893
1690544040;11869;16978.999999999996;12043;24895
1690544041;12373;119970.99999999999;12051;24360
1690544042;11873;14773.999999999998;12901;27697
1690544043;11879;59638.99999999999;12379;24474
1690544044;36228405;72790.99999999999;12090;28448
1690544045;102217991;72096.99999999999;12035;95861
1690544046;1472959;64450.99999999999;12203;45129
1690544047;11880;23100.999999999996;12027;24705
1690544048;12268;13686.999999999998;12091;24446
1690544049;11881;28684.999999999996;12047;24457
1690544050;43230;25448.999999999996;12021;25092
1690544051;96898254;36542.99999999999;12034;91602
1690544052;79687695;15226.999999999998;12867;92241
1690544053;93090563;25156.999999999996;12033;105032
1690544054;79393500;15937.999999999998;12897;83097
1690544055;437244;33887.99999999999;12035;62760
1690544056;12082;29036.999999999996;12053;24582
1690544057;11897;24462.999999999996;12101;24031
1690544058;11897;13734.999999999998;12107;24118
1690544059;11902;29057.999999999996;12176;24074
1690544060;11900;14916.999999999998;12362;24154
1690544061;12196;29176.999999999996;12109;24114
1690544062;11886;19326.999999999996;12841;25014
1690544063;11881;20743.999999999996;12032;24122
1690544064;18831;17751.999999999996;12372;24143
1690544065;19949;37282.99999999999;12031;25929
1690544066;64014545;82316.99999999999;12047;36416
1690544067;70671553;26947.999999999996;12051;95296
1690544068;98095261;13885.999999999998;12042;116150
1690544069;11886;30555.999999999996;12056;40628
1690544070;11891;15892.999999999998;12056;23873
1690544071;11872;25853.999999999996;12114;24026
1690544072;11892;21946.999999999996;12870;23763
1690544073;11888;26156.999999999996;12037;24575
1690544074;12046;18189.999999999996;12381;23817
1690544075;25140;41509.99999999999;12100;25621
1690544076;11643529;80512.99999999999;12882;24662
1690544077;39469796;24874.999999999996;12121;30528
1690544078;111030140;20078.999999999996;12043;124571
1690544079;24406447;20805.999999999996;12042;72239
1690544080;12021;26257.999999999996;12051;23240
1690544081;11972;17444.999999999996;12160;23069
1690544082;11895;33927.99999999999;12111;23075
1690544083;11894;15296.999999999998;13174;23893
1690544084;23476;24316.999999999996;12381;23667
1690544085;33467735;33156.99999999999;12033;25318
1690544086;1485229;39271.99999999999;12064;68175
1690544087;38228038;22201.999999999996;12036;24783
1690544088;85560266;18176.999999999996;12056;126817
1690544089;39322351;17371.999999999996;12038;92064
1690544090;11873;29076.999999999996;12052;22502
1690544091;11883;18084.999999999996;12039;22482
1690544092;11868;28600.999999999996;12104;22430
1690544093;37200;29589.999999999996;12920;24645
1690544094;5145462;18903.999999999996;12387;23880
1690544095;91888306;22991.999999999996;12110;101315
1690544096;99899536;91349.99999999999;12044;127641
1690544097;82533917;18455.999999999996;12044;115617
1690544098;12406;15886.999999999998;12047;25854
1690544099;11898;17381.999999999996;12118;22025
1690544100;11896;23562.999999999996;12025;21901
1690544101;11892;17534.999999999996;12063;21973
1690544102;11873;28270.999999999996;12102;22040
1690544103;11891;22461.999999999996;12846;22930
1690544104;11885;17929.999999999996;12057;21970
1690544105;12055;23118.999999999996;12375;22023
1690544106;33315;45117.99999999999;12041;23375
1690544107;52333776;71882.99999999999;12568;29156
1690544108;103762290;20359.999999999996;12118;139424
1690544109;30251026;17182.999999999996;12052;74537
1690544110;11873;28040.999999999996;12048;22073
1690544111;11962;17397.999999999996;12036;25778
1690544112;11879;23435.999999999996;12102;21685
1690544113;11896;26243.999999999996;12908;22455
1690544114;24099;23545.999999999996;12431;21590
1690544115;16814662;24614.999999999996;12371;24603
1690544116;64708100;41089.99999999999;12048;101146
1690544117;12037;24702.999999999996;12040;32227
1690544118;21350;27776.999999999996;12035;21687
1690544119;31512968;22060.999999999996;12096;23789
1690544120;104567627;23856.999999999996;12024;121556
1690544121;70650393;21606.999999999996;12154;114417
1690544122;115472365;16473.999999999996;12023;123496
1690544123;15609771;34441.99999999999;12919;59508
1690544124;11855;16487.999999999996;12107;21505
1690544125;11861;21742.999999999996;12746;20952
1690544126;11963;81748.99999999999;12029;21244
1690544127;12310;29638.999999999996;12022;20784
1690544128;11867;19908.999999999996;12028;21788
1690544129;11872;17674.999999999996;12032;20894
1690544130;11888;23709.999999999996;12029;20902
1690544131;11881;20532.999999999996;12035;21049
1690544132;15505;23682.999999999996;12037;21502
1690544133;25575;24760.999999999996;12033;22585
1690544134;33008321;28949.999999999996;12893;22674
1690544135;71755851;18784.999999999996;12379;122378
1690544136;12029;39473.99999999999;12021;24313
1690544137;11877;70010.99999999999;12256;20752
1690544138;26438;31494.999999999996;12404;27182
1690544139;35390735;20862.999999999996;12040;23063
1690544140;93522188;29599.999999999996;12047;145888
1690544141;80827227;15578.999999999998;12106;117918
1690544142;11875;24331.999999999996;12035;21372
1690544143;11891;19886.999999999996;12100;20271
1690544144;12032;31807.999999999996;12945;21123
1690544145;11883;18091.999999999996;12274;20231
1690544146;12351;40556.99999999999;12032;20265
1690544147;39328;27928.999999999996;12027;20181
1690544148;12031;23693.999999999996;12048;23599
1690544149;78064670;15726.999999999998;12049;57510
1690544150;99025340;32204.999999999996;12047;129437
1690544151;104662188;14409.999999999998;12031;115672
1690544152;44223202;25572.999999999996;12035;90474
1690544153;12197;14434.999999999998;12203;19946
1690544154;11894;40016.99999999999;12828;20687
1690544155;11882;24036.999999999996;12089;20066
1690544156;11985;93862.99999999999;12376;19843
1690544157;11877;15692.999999999998;12027;19878
1690544158;11877;21426.999999999996;12041;19871
1690544159;11882;16322.999999999998;12108;21122
1690544160;11888;28141.999999999996;12047;19885
1690544161;25310;23465.999999999996;12054;20741
1690544162;12047;14613.999999999998;12105;22087
1690544163;49761027;22008.999999999996;12022;20342
1690544164;88730104;31572.999999999996;12841;108496
1690544165;13103384;39651.99999999999;12009;68458
1690544166;11886;37223.99999999999;12375;19518
1690544167;11906;21742.999999999996;12188;19508
1690544168;15662;80342.99999999999;12356;19520
1690544169;21173;16556.999999999996;12030;28860
1690544170;79106439;27953.999999999996;12032;53907
1690544171;49067513;20228.999999999996;12029;128155
1690544172;11870;22342.999999999996;12031;19137
1690544173;11884;17508.999999999996;12030;19239
1690544174;11879;29223.999999999996;12032;19227
1690544175;30122;31800.999999999996;12911;20041
1690544176;104518098;36403.99999999999;12383;73593
1690544177;103783000;16350.999999999998;12045;114028
1690544178;36624248;26139.999999999996;12024;95789
1690544179;90743589;21631.999999999996;12091;59071
1690544180;72172728;25608.999999999996;12029;107438
1690544181;11889;16990.999999999996;12185;18804
1690544182;12254;25363.999999999996;12397;18798
1690544183;11866;13725.999999999998;12021;18805
1690544184;11867;20611.999999999996;12022;18844
1690544185;11884;32743.999999999996;12913;19666
1690544186;11986;93276.99999999999;12449;18790
1690544187;11889;13587.999999999998;12032;18861
1690544188;11882;26950.999999999996;12028;18783
1690544189;11882;21638.999999999996;12024;18770
1690544190;11897;15368.999999999998;12035;19589
1690544191;12031;26486.999999999996;12039;18921
1690544192;30471;18616.999999999996;12019;20782
1690544193;28345952;32349.999999999996;12040;19670
1690544194;87261243;13516.999999999998;12029;120238
1690544195;82525082;47874.99999999999;12856;105922
1690544196;81467621;32065.999999999996;12377;84794
1690544197;40987952;23599.999999999996;12125;98312
1690544198;103435842;17072.999999999996;12216;93891
1690544199;7033920;89429.99999999999;12302;63225
1690544200;11886;13712.999999999998;12056;25981
1690544201;12417;27349.999999999996;12114;18312
1690544202;11863;14010.999999999998;12048;18346
1690544203;11876;27326.999999999996;12127;18323
1690544204;11870;14007.999999999998;12040;18459
1690544205;12040;42074.99999999999;12061;19004
1690544206;11929;27567.999999999996;13190;18561
1690544207;11879;32522.999999999996;12036;18399
1690544208;11885;13537.999999999998;12040;18389
1690544209;11876;27395.999999999996;12051;18329
1690544210;42886;19210.999999999996;12038;18932
1690544211;11887;29211.999999999996;12039;21527
1690544212;43068835;17176.999999999996;12051;18466
1690544213;108312484;28643.999999999996;12059;139150
1690544214;67348883;13537.999999999998;12096;89008
1690544215;106945948;38924.99999999999;12107;113777
1690544216;70024755;79476.99999999999;12915;121287
1690544217;11877;28573.999999999996;12442;18133
1690544218;11877;21161.999999999996;12392;18058
1690544219;11896;17995.999999999996;12083;18058
1690544220;11909;24602.999999999996;12035;18461
1690544221;11874;14902.999999999998;12036;18048
1690544222;12034;19047.999999999996;12034;18147
1690544223;11888;17178.999999999996;12032;18327
1690544224;11869;23691.999999999996;12043;18145
1690544225;11878;87401.99999999999;12061;18063
1690544226;11875;42781.99999999999;13157;19165
1690544227;23311;16327.999999999998;12563;18056
1690544228;12179;31772.999999999996;12124;20621
1690544229;34987209;13964.999999999998;12046;18254
1690544230;11562649;94544.99999999999;12349;72993
1690544231;27185;16295.999999999998;12042;26930
1690544232;83502841;25056.999999999996;12041;79869
1690544233;110315528;14222.999999999998;12102;108707
1690544234;50769824;27247.999999999996;12352;108005
1690544235;11887;14542.999999999998;12125;17465
1690544236;11908;56606.99999999999;12037;18210
1690544237;11942;13526.999999999998;13109;17476
1690544238;11881;25022.999999999996;12030;17412
1690544239;11878;16227.999999999998;12107;17428
1690544240;12043;27872.999999999996;12051;17467
1690544241;27942;17687.999999999996;12110;18125
1690544242;21958;29002.999999999996;12121;20032
1690544243;83230193;14236.999999999998;12037;93214
1690544244;94269237;20897.999999999996;12032;117530
1690544245;67240173;23096.999999999996;12115;97995
1690544246;46559391;97576.99999999999;12047;121527
1690544247;12017;17917.999999999996;13193;17068
1690544248;11894;15155.999999999998;12102;17016
1690544249;11908;26282.999999999996;12110;17212
1690544250;11872;88045.99999999999;12655;17039
1690544251;11895;16656.999999999996;12053;26141
1690544252;11903;21010.999999999996;12056;17070
1690544253;11896;21377.999999999996;12047;17077
1690544254;15382;27182.999999999996;12052;19030
1690544255;24629;23943.999999999996;12038;17916
1690544256;79044503;44287.99999999999;12036;72750
1690544257;100676193;23806.999999999996;13193;134273
1690544258;103961629;16927.999999999996;12037;114368
1690544259;19169918;26763.999999999996;12056;85360
1690544260;12039;25131.999999999996;12058;16728
1690544261;12053;15653.999999999998;12039;17391
1690544262;11979;22793.999999999996;12109;16798
1690544263;11881;21376.999999999996;12043;16710
1690544264;12249;19553.999999999996;12105;16790
1690544265;11879;23258.999999999996;12054;16721
1690544266;11881;29893.999999999996;12065;16723
1690544267;11929;43319.99999999999;13180;17556
1690544268;27301;14728.999999999998;12030;18639
1690544269;49641771;34619.99999999999;12018;17673
1690544270;104241886;16508.999999999996;12041;138296
1690544271;99840603;23512.999999999996;12026;126362
1690544272;2392566;13530.999999999998;12040;47649
1690544273;11885;24365.999999999996;12034;16304
1690544274;11875;13724.999999999998;12040;16362
1690544275;11889;31733.999999999996;12101;16456
1690544276;12187;89916.99999999999;12031;16622
1690544277;11982;29034.999999999996;12379;17110
1690544278;24164;17899.999999999996;12924;16289
1690544279;11878;22604.999999999996;12103;19179
1690544280;28179139;23643.999999999996;12218;16558
1690544281;65128620;98044.99999999999;12490;132149
1690544282;11878;13801.999999999998;12039;16297
1690544283;11890;25208.999999999996;12032;16070
1690544284;15530;16359.999999999998;12038;15923
1690544285;23298398;34863.99999999999;12047;43930
1690544286;34722138;49478.99999999999;12038;18505
1690544287;99659301;29566.999999999996;12049;123159
1690544288;63750061;13530.999999999998;13265;120714
1690544289;23330016;21876.999999999996;12026;42038
1690544290;11885;22429.999999999996;12060;15267
1690544291;11875;25744.999999999996;12034;15360
1690544292;11954;13519.999999999998;12034;15636
1690544293;11863;24618.999999999996;12028;15283
1690544294;15514;16346.999999999998;12092;15264
1690544295;20104;37324.99999999999;12100;17287
1690544296;46598176;32150.999999999996;12033;16157
1690544297;23402276;38657.99999999999;12032;95017
1690544298;12032;18902.999999999996;13173;14954
1690544299;7222461;25639.999999999996;12033;16879
1690544300;100941259;24672.999999999996;12090;95084
1690544301;89890073;26189.999999999996;12100;137033
1690544302;11886;14372.999999999998;12101;43238
1690544303;11880;24912.999999999996;12036;14813
1690544304;11872;13532.999999999998;12029;14773
1690544305;11869;33084.99999999999;12108;14546
1690544306;11870;81126.99999999999;12034;14698
1690544307;28469;38922.99999999999;12043;16275
1690544308;15804292;19394.999999999996;13179;16060
1690544309;76551562;24200.999999999996;12022;116702
1690544310;61832630;23721.999999999996;12024;79395
1690544311;103227412;99173.99999999999;12584;104957
1690544312;56843625;14616.999999999998;12024;111498
1690544313;11898;23289.999999999996;12031;14197
1690544314;12046;13518.999999999998;12027;14228
1690544315;12265;34699.99999999999;12029;14162
1690544316;12044;26222.999999999996;12026;14174
1690544317;11888;38637.99999999999;12022;14197
1690544318;11885;18680.999999999996;13112;15360
1690544319;12322;13536.999999999998;12037;14160
1690544320;11877;30152.999999999996;12030;14172
1690544321;31209;26466.999999999996;12030;15388
1690544322;22848604;33079.99999999999;12081;15980
1690544323;107099269;14988.999999999998;12109;119929
1690544324;82304747;19966.999999999996;12019;105145
1690544325;74609898;15692.999999999998;12025;103325
1690544326;74203753;43876.99999999999;12032;68906
1690544327;74422916;18413.999999999996;12022;102679
1690544328;30297957;65866.99999999999;12041;96797
1690544329;12046;13517.999999999998;14720;14020
1690544330;11896;26720.999999999996;12048;13830
1690544331;12202;24632.999999999996;12047;13896
1690544332;11874;29328.999999999996;12045;14674
1690544333;11884;18045.999999999996;12049;13817
1690544334;11889;22232.999999999996;12028;14069
1690544335;11885;14025.999999999998;12039;13893
1690544336;11888;94392.99999999999;12099;13902
1690544337;12149;13748.999999999998;12033;13810
1690544338;11891;42367.99999999999;12108;13830
1690544339;11878;14744.999999999998;13315;14647
1690544340;11879;34408.99999999999;12029;13879
1690544341;23502;22239.999999999996;12044;16997
1690544342;203237;103965.99999999999;12230;23684
1690544343;57974789;14602.999999999998;12029;81520
1690544344;11880;27332.999999999996;12042;13582
1690544345;18270871;28581.999999999996;12027;15429
1690544346;92773992;49005.99999999999;12033;102606
1690544347;87170224;17709.999999999996;12617;97467
1690544348;54571466;31950.999999999996;12174;67253
1690544349;96634889;19162.999999999996;13503;141325
1690544350;23403736;27339.999999999996;12046;68645
1690544351;12049;18060.999999999996;12034;13105
1690544352;11990;26018.999999999996;12020;13106
1690544353;11887;13697.999999999998;12023;13865
1690544354;11882;25723.999999999996;12111;13106
1690544355;11880;14651.999999999998;12104;13091
1690544356;11875;46264.99999999999;12023;13095
1690544357;11926;13514.999999999998;12036;13088
1690544358;12271;24684.999999999996;12035;13106
1690544359;11874;23764.999999999996;13252;13894
1690544360;30261;32657.999999999996;12097;13942
1690544361;11873;20852.999999999996;12034;14944
1690544362;82420605;26111.999999999996;12249;52137
1690544363;92303261;14904.999999999998;12036;120249
1690544364;67427799;25346.999999999996;12364;69198
1690544365;104229692;17034.999999999996;12045;123497
1690544366;72746386;88516.99999999999;12115;123266
1690544367;11980;16638.999999999996;12034;19009
1690544368;11863;25602.999999999996;12045;12713
1690544369;11875;19934.999999999996;13057;13632
1690544370;11875;36212.99999999999;12696;12777
1690544371;12033;13716.999999999998;12044;12723
1690544372;11883;100359.99999999999;12663;12782
1690544373;12325;22808.999999999996;12059;24669
1690544374;11890;13537.999999999998;12051;12954
1690544375;12044;29151.999999999996;12049;12724
1690544376;11886;25918.999999999996;12034;12642
1690544377;11887;35226.99999999999;12041;12741
1690544378;11863;15096.999999999998;12114;15605
1690544379;11883;31291.999999999996;12108;13531
1690544380;12252;19931.999999999996;13384;13344
1690544381;11884;23979.999999999996;12039;12526
1690544382;11978;25991.999999999996;12045;12261
1690544383;11882;22891.999999999996;12109;12791
1690544384;11886;13707.999999999998;12050;12247
1690544385;11880;27929.999999999996;12034;12311
1690544386;11877;27769.999999999996;12024;12453
1690544387;11925;29016.999999999996;12018;12316
1690544388;11887;13688.999999999998;12093;12324
1690544389;11883;34064.99999999999;12037;13129
1690544390;12041;19395.999999999996;13551;12252
1690544391;11881;25464.999999999996;12125;12313
1690544392;11866;18998.999999999996;12397;12314
1690544393;11871;25034.999999999996;12064;13038
1690544394;11864;13526.999999999998;12047;12254
1690544395;11877;25463.999999999996;12043;12245
1690544396;12304;80299.99999999999;12058;12257
1690544397;11981;21869.999999999996;12042;12342
1690544398;11881;14806.999999999998;12112;12248
1690544399;11885;27976.999999999996;12039;12249
1690544400;11868;22982.999999999996;13265;13163
1690544401;11878;25985.999999999996;12064;12337
1690544402;11896;13722.999999999998;12036;12270
1690544403;11873;100621.99999999999;12306;24257
1690544404;11881;23627.999999999996;12036;12282
1690544405;11875;15333.999999999998;12038;12329
1690544406;11873;40082.99999999999;12037;12266
1690544407;11879;13553.999999999998;12034;12268
1690544408;11870;31901.999999999996;12082;12280
1690544409;11884;14504.999999999998;12103;12342
1690544410;11876;38181.99999999999;13353;13064
1690544411;11864;13531.999999999998;12030;12279
1690544412;11968;25355.999999999996;12064;12266
1690544413;11878;25054.999999999996;12023;12273
1690544414;11885;24903.999999999996;12103;13148
1690544415;11877;13732.999999999998;12110;12267
1690544416;11876;40044.99999999999;12062;12273
1690544417;11912;13726.999999999998;12053;12268
1690544418;11873;26507.999999999996;12050;12275
1690544419;11866;13507.999999999998;12061;12276
1690544420;11867;38733.99999999999;12047;13097
1690544421;11878;13543.999999999998;13181;12281
1690544422;11868;31108.999999999996;12204;12282
1690544423;11876;25088.999999999996;12061;12268
1690544424;11873;27665.999999999996;12039;12882
1690544425;11865;18503.999999999996;12116;12272
1690544426;11855;89713.99999999999;12109;12341
1690544427;11979;13595.999999999998;12033;12285
1690544428;11878;28635.999999999996;12119;12272
