Time;{mode="idle"};{mode="iowait"};{mode="irq"};{mode="nice"};{mode="softirq"};{mode="steal"};{mode="system"};{mode="user"}
1690543948;1.9399999999986903;0;0;0;0.010000000000000675;0;0.020000000000010232;0.009999999999990905
1690543949;1.9200000000000728;0;0;0;0;0;0.029999999999972715;0.07999999999998408
1690543950;1.360000000000582;0.05000000000000071;0;0;0.009999999999999787;0;0.20000000000001705;0.2799999999999727
1690543951;0.680000000000291;0.1399999999999988;0;0;0.05999999999999961;0.01999999999999602;0.3400000000000034;0.7100000000000364
1690543952;0.21999999999934516;0.09999999999999876;0;0;0.07000000000000117;0;0.4399999999999977;1.07000000000005
1690543953;0.22000000000116415;0.14999999999999947;0;0;0.04999999999999982;0;0.5200000000000102;1.079999999999984
1690543954;0.17999999999847205;0.11999999999999922;0;0;0.08000000000000007;0.030000000000001137;0.3299999999999841;1.2099999999999795
1690543955;0.42000000000189175;0.09000000000000163;0;0;0.04999999999999982;0;0.34000000000003183;1.0699999999999932
1690543956;0.9599999999991269;0.010000000000001563;0;0;0.009999999999999787;0;0.12999999999996703;0.8799999999999955
1690543957;0.7799999999988358;0.019999999999997797;0;0;0.009999999999999787;0;0.25;0.9300000000000068
1690543958;0.9600000000009459;0.009999999999999787;0;0;0;0;0.09000000000000341;0.9599999999999795
1690543959;0.7399999999997817;0.13000000000000256;0;0;0.020000000000000462;0.01999999999999602;0.21000000000000796;0.8400000000000318
1690543960;0.75;0.10000000000000053;0;0;0.019999999999999574;0.030000000000015348;0.2400000000000091;0.8799999999999386
1690543961;0.8800000000010186;0.009999999999999787;0;0;0.009999999999999787;0.009999999999990905;0.13999999999998636;0.9500000000000455
1690543962;0.6399999999994179;0.1999999999999975;0;0;0.010000000000000675;0.010000000000005116;0.21000000000000796;0.910000000000025
1690543963;0.9500000000007276;0;0;0;0.009999999999999787;0;0.12000000000000455;0.9499999999999886
1690543964;0.7299999999977445;0.02000000000000135;0;0;0.009999999999999787;0.01999999999999602;0.20999999999997954;0.9699999999999704
1690543965;0.9400000000023283;0.019999999999998685;0;0;0;0;0.15000000000000568;0.8900000000000432
1690543966;0.7899999999990541;0.16000000000000014;0;0;0.019999999999999574;0.009999999999990905;0.14000000000001478;0.8600000000000136
1690543967;0.7899999999990541;0.030000000000001137;0;0;0;0;0.24999999999997158;0.8899999999999864
1690543968;0.8600000000005821;0.09999999999999964;0;0;0;0.020000000000010232;0.13000000000002387;0.9399999999999409
1690543969;0.6400000000012369;0.11999999999999922;0;0;0.009999999999999787;0;0.29999999999998295;0.910000000000025
1690543970;0.6299999999991996;0.580000000000001;0;0;0.07000000000000028;0.01999999999999602;0.3100000000000023;0.3300000000000409
1690543971;0.17000000000007276;0.08999999999999897;0;0;0.07000000000000028;0;0.4300000000000068;1.2399999999999523
1690543972;0.17000000000007276;0.10000000000000231;0;0;0.040000000000000036;0.010000000000005116;0.4300000000000068;1.1800000000000068
1690543973;0.13000000000101863;0.1299999999999999;0;0;0.0699999999999994;0.029999999999986926;0.539999999999992;1.1299999999999955
1690543974;0.4499999999989086;0.5799999999999992;0;0;0.020000000000000462;0.010000000000005116;0.4099999999999966;0.48000000000007503
1690543975;0.6900000000005093;0.040000000000000924;0;0;0.020000000000000462;0;0.29999999999998295;0.9199999999999591
1690543976;0.7399999999979627;0.00999999999999801;0;0;0;0.01999999999999602;0.28000000000002956;0.8999999999999773
1690543977;0.9500000000007276;0.02000000000000135;0;0;0.009999999999999787;0;0.18999999999999773;0.8400000000000318
1690543978;0.930000000000291;0.019999999999999574;0;0;0.009999999999999787;0.010000000000005116;0.12999999999999545;0.9200000000000159
1690543979;0.7300000000013824;0.03000000000000025;0;0;0.009999999999999787;0;0.2600000000000193;0.9599999999999227
1690543980;0.9400000000005093;0.00999999999999801;0;0;0;0;0.19999999999998863;0.8100000000000023
1690543981;0.6699999999982538;0.020000000000003126;0;0;0.009999999999999787;0.010000000000005116;0.28999999999999204;0.9499999999999886
1690543982;0.7900000000008731;0.10999999999999766;0;0;0;0;0.18999999999999773;0.8700000000000614
1690543983;0.75;0.02999999999999936;0;0;0.020000000000000462;0;0.3100000000000023;0.9199999999999591
1690543984;0.8500000000003638;0.010000000000001563;0;0;0;0;0.21000000000000796;0.8500000000000227
1690543985;0.7000000000007276;0.16000000000000014;0;0;0.010000000000000675;0.01999999999999602;0.23999999999998067;0.8600000000000136
1690543986;0.7699999999967986;0.4499999999999993;0;0;0;0;0.2300000000000182;0.5699999999999932
1690543987;0.8600000000024011;0.02000000000000135;0;0;0.009999999999999787;0.009999999999990905;0.2300000000000182;0.8299999999999841
1690543988;0.049999999999272404;1.719999999999997;0;0;0.009999999999999787;0.040000000000020464;0.08999999999997499;0.09000000000003183
1690543989;0.1999999999989086;0.46000000000000085;0;0;0.07999999999999918;0.009999999999990905;0.5800000000000125;0.6399999999999864
1690543990;0.13999999999941792;0.08000000000000185;0;0;0.08000000000000096;0.010000000000005116;0.5999999999999659;1.1100000000000136
1690543991;0.10000000000218279;0.049999999999998934;0;0;0.040000000000000036;0.009999999999990905;0.7900000000000489;0.9399999999999977
1690543992;0.25;0.22000000000000064;0;0;0.04999999999999982;0.010000000000005116;0.38999999999995794;1.0500000000000114
1690543993;0.12999999999919964;0.10999999999999943;0;0;0.03999999999999915;0.010000000000005116;0.410000000000025;1.25
1690543994;0.8899999999994179;0.019999999999999574;0;0;0;0.009999999999990905;0.08999999999997499;1.009999999999991
1690543995;0.8000000000010914;0.3999999999999986;0;0;0.010000000000000675;0.030000000000001137;0.13000000000002387;0.5799999999999841
1690543996;0.27999999999883585;1.160000000000002;0;0;0;0;0.1899999999999693;0.37000000000000455
1690543997;0.7700000000004366;0.030000000000001137;0;0;0;0;0.22000000000002728;0.92999999999995
1690543998;0.7900000000008731;0.33000000000000007;0;0;0.03000000000000025;0.009999999999990905;0.12000000000000455;0.7600000000000477
1690543999;0.7399999999979627;0.019999999999997797;0;0;0;0;0.18999999999999773;0.9999999999999432
1690544000;0.8600000000005821;0.010000000000001563;0;0;0;0.020000000000010232;0.10999999999998522;1.0000000000000568
1690544001;0.7400000000016007;0.030000000000001137;0;0;0;0;0.22999999999998977;0.9499999999999886
1690544002;0.9199999999982538;0.019999999999997797;0;0;0.009999999999999787;0;0.11000000000001364;0.9600000000000364
1690544003;0.570000000001528;0.1399999999999988;0;0;0.040000000000000036;0.04000000000000625;0.3100000000000307;0.9599999999999795
1690544004;0.9400000000005093;0.7000000000000028;0;0;0;0;0.009999999999990905;0.2699999999999818
1690544005;0.8099999999994907;0.019999999999997797;0;0;0.009999999999999787;0.009999999999990905;0.1699999999999875;0.9700000000000273
1690544006;0.8499999999985448;0.009999999999999787;0;0;0;0;0.18000000000000682;0.9499999999999886
1690544007;0.9200000000018917;0.02000000000000135;0;0;0;0;0.07999999999998408;0.9600000000000364
1690544008;0.7299999999995634;0.02000000000000135;0;0;0;0;0.22999999999998977;0.9900000000000091
1690544009;0.5900000000001455;0.46999999999999886;0;0;0.010000000000000675;0.030000000000001137;0.22000000000002728;0.6899999999999977
1690544010;0.46999999999934516;0.6400000000000006;0;0;0.040000000000000036;0.030000000000001137;0.28999999999999204;0.47999999999996135
1690544011;0.27000000000043656;0.09999999999999787;0;0;0.040000000000000036;0.010000000000005116;0.30000000000001137;1.2299999999999613
1690544012;0.9099999999998545;0.009999999999999787;0;0;0;0.009999999999990905;0.09000000000000341;0.9700000000000273
1690544013;0.7299999999995634;0.020000000000003126;0;0;0.009999999999999787;0;0.21999999999997044;0.9900000000000091
1690544014;0.8799999999991996;0.009999999999999787;0;0;0.009999999999999787;0;0.11000000000001364;0.9599999999999795
1690544015;0.6300000000010186;0.6199999999999974;0;0;0.040000000000000036;0.04000000000000625;0.3199999999999932;0.3900000000000432
1690544016;0.32999999999992724;0.09000000000000163;0;0;0.05999999999999961;0.010000000000005116;0.4000000000000057;1.079999999999984
1690544017;0.1999999999989086;0.11999999999999922;0;0;0.05999999999999961;0.01999999999998181;0.3100000000000023;1.2299999999999613
1690544018;0.3999999999996362;0.049999999999998934;0;0;0.03000000000000025;0;0.3499999999999943;1.1400000000000432
1690544019;0.9200000000018917;0.02000000000000135;0;0;0.019999999999999574;0;0.06999999999999318;0.9199999999999591
1690544020;0.7199999999993452;0.019999999999999574;0;0;0;0.010000000000005116;0.21000000000000796;1.0300000000000296
1690544021;0.8500000000003638;0.02000000000000135;0;0;0.009999999999999787;0;0.14000000000001478;1.0199999999999818
1690544022;0.820000000001528;0.009999999999999787;0;0;0.010000000000000675;0.010000000000005116;0.1699999999999875;0.9300000000000068
1690544023;0.7299999999995634;0.18999999999999773;0;0;0;0;0.21000000000000796;0.8700000000000045
1690544024;0.8400000000001455;0.009999999999999787;0;0;0;0.010000000000005116;0.12999999999996703;0.9800000000000182
1690544025;0.56999999999789;0.4800000000000004;0;0;0.020000000000000462;0.01999999999999602;0.20000000000001705;0.7199999999999704
1690544026;0.7700000000004366;0.21000000000000085;0;0;0.019999999999999574;0;0.3100000000000023;0.6899999999999977
1690544027;0.819999999999709;1.0300000000000011;0;0;0;0.030000000000001137;0.0700000000000216;0.12000000000000455
1690544028;0.28000000000065484;0.15999999999999837;0;0;0.0600000000000005;0;0.3699999999999761;0.9800000000000182
1690544029;0.22999999999956344;0.14000000000000234;0;0;0.05999999999999961;0.010000000000005116;0.27000000000001023;1.2699999999999818
1690544030;0.19000000000050932;0.11999999999999922;0;0;0.07000000000000028;0.01999999999999602;0.39999999999997726;1.2300000000000182
1690544031;0.12999999999919964;0.8499999999999979;0;0;0.05999999999999961;0.01999999999999602;0.2500000000000284;0.6999999999999886
1690544032;0.8000000000010914;0.1800000000000015;0;0;0;0.010000000000005116;0.11999999999997613;0.839999999999975
1690544033;0.680000000000291;0.009999999999999787;0;0;0.009999999999999787;0.010000000000005116;0.30000000000001137;0.9700000000000273
1690544034;0.8899999999994179;0.040000000000000924;0;0;0;0.009999999999990905;0.12999999999999545;1
1690544035;0.6899999999986903;0.02000000000000135;0;0;0.010000000000000675;0;0.22000000000002728;0.9899999999999523
1690544036;0.8500000000021828;0.019999999999997797;0;0;0.009999999999999787;0;0.15999999999996817;0.980000000000075
1690544037;0.7599999999983993;0.009999999999999787;0;0;0.009999999999999787;0;0.18000000000000682;0.9999999999999432
1690544038;0.7399999999997817;0.15000000000000036;0;0;0;0.010000000000005116;0.14000000000001478;0.9400000000000546
1690544039;0.8400000000001455;0.019999999999997797;0;0;0;0.01999999999999602;0.11999999999997613;0.9499999999999318
1690544040;0.7100000000009459;0.030000000000002913;0;0;0;0;0.2600000000000193;0.9700000000000273
1690544041;0.5200000000004366;0.4800000000000004;0;0;0.009999999999999787;0.009999999999990905;0.1599999999999966;0.7400000000000091
1690544042;0.5399999999990541;0.07000000000000028;0;0;0.020000000000000462;0.010000000000005116;0.28000000000000114;1.07000000000005
1690544043;0.8400000000001455;0.8399999999999999;0;0;0;0;0.10999999999998522;0.13999999999992951
1690544044;0.819999999999709;0.7300000000000004;0;0;0.009999999999999787;0.030000000000001137;0.160000000000025;0.29000000000002046
1690544045;0.31999999999970896;0.0799999999999983;0;0;0.08000000000000007;0;0.4099999999999966;1.0200000000000387
1690544046;0.4600000000009459;0.16999999999999993;0;0;0.05999999999999961;0;0.22999999999998977;1.099999999999966
1690544047;0.8800000000010186;0.009999999999999787;0;0;0;0;0.10999999999998522;0.9700000000000273
1690544048;0.8699999999989814;0.03999999999999915;0;0;0.020000000000000462;0.010000000000005116;0.13000000000002387;0.8999999999999773
1690544049;0.8899999999994179;0.5599999999999987;0;0;0.010000000000000675;0;0.0800000000000125;0.4600000000000364
1690544050;0.8899999999994179;0.030000000000001137;0;0;0;0;0.10999999999998522;0.92999999999995
1690544051;0.38000000000101863;0.38000000000000256;0;0;0.07999999999999918;0.01999999999999602;0.46999999999999886;0.6999999999999886
1690544052;0.3000000000010914;0.21999999999999886;0;0;0.05000000000000071;0.010000000000005116;0.22999999999998977;1.1100000000000136
1690544053;0.32999999999810825;0.21999999999999886;0;0;0.04999999999999982;0.01999999999999602;0.2400000000000091;1.1399999999999864
1690544054;0.37000000000080036;0.35999999999999943;0;0;0.03999999999999915;0;0.27000000000001023;0.8400000000000318
1690544055;0.5900000000001455;0.09000000000000341;0;0;0.040000000000000924;0.010000000000005116;0.18999999999999773;1.089999999999975
1690544056;0.8999999999996362;0.1599999999999966;0;0;0;0;0.09000000000000341;0.7899999999999636
1690544057;0.8700000000008004;0.28000000000000114;0;0;0.019999999999999574;0.009999999999990905;0.14999999999997726;0.6700000000000159
1690544058;0.8800000000010186;0.11000000000000298;0;0;0;0;0.12000000000000455;0.8799999999999955
1690544059;0.8399999999983265;0.019999999999999574;0;0;0;0;0.15000000000000568;0.9800000000000182
1690544060;0.8700000000008004;0.00999999999999801;0;0;0.009999999999999787;0.010000000000005116;0.10999999999998522;0.9500000000000455
1690544061;0.9099999999980355;0.019999999999999574;0;0;0;0;0.12000000000003297;0.9499999999999886
1690544062;0.8800000000010186;0.020000000000003126;0;0;0;0;0.11999999999997613;1.0199999999999818
1690544063;0.75;0.08999999999999986;0;0;0.009999999999999787;0;0.17000000000001592;0.9300000000000637
1690544064;0.8999999999996362;0.31999999999999673;0;0;0;0;0.09999999999999432;0.6399999999999295
1690544065;0.7600000000002183;0.5500000000000007;0;0;0.020000000000000462;0.010000000000005116;0.24999999999997158;0.4300000000000068
1690544066;0.5100000000002183;1.009999999999998;0;0;0.02999999999999936;0.010000000000005116;0.18000000000000682;0.2400000000000091
1690544067;0.5300000000006548;0.25;0;0;0.07000000000000028;0.009999999999990905;0.19000000000002615;0.8500000000000227
1690544068;0.2000000000007276;0.20000000000000284;0;0;0.02999999999999936;0;0.24999999999997158;1.259999999999934
1690544069;0.5599999999976717;0.17999999999999616;0;0;0.030000000000001137;0;0.21999999999999886;1.0699999999999932
1690544070;0.8700000000026193;0.0400000000000027;0;0;0;0.010000000000005116;0.10000000000002274;0.9700000000000841
1690544071;0.8999999999978172;0.010000000000001563;0;0;0;0;0.09999999999999432;0.8999999999999204
1690544072;0.8600000000005821;0.019999999999999574;0;0;0.010000000000000675;0;0.1599999999999966;0.9900000000000091
1690544073;0.8899999999994179;0.030000000000001137;0;0;0;0;0.10999999999998522;0.9200000000000159
1690544074;0.8000000000010914;0.4499999999999993;0;0;0;0.009999999999990905;0.12000000000000455;0.6300000000000523
1690544075;0.7599999999983993;0.03999999999999915;0;0;0.009999999999999787;0.009999999999990905;0.2500000000000284;0.8899999999999295
1690544076;0.26000000000203727;1.4600000000000009;0;0;0.03999999999999915;0.020000000000010232;0.12000000000000455;0.13000000000010914
1690544077;0.6199999999989814;0.23999999999999844;0;0;0.009999999999999787;0.01999999999999602;0.3499999999999943;0.7199999999999704
1690544078;0.5500000000010914;0.0799999999999983;0;0;0.08000000000000096;0.020000000000010232;0.3400000000000034;0.9399999999999409
1690544079;0.2600000000002183;0.5200000000000031;0;0;0.05999999999999872;0.01999999999998181;0.19999999999998863;0.9200000000000728
1690544080;0.8399999999983265;0.03999999999999915;0;0;0.009999999999999787;0;0.19999999999998863;0.9199999999999022
1690544081;0.8999999999996362;0.16999999999999815;0;0;0.010000000000001563;0;0.10000000000002274;0.8199999999999932
1690544082;0.8700000000008004;0.030000000000001137;0;0;0.009999999999999787;0;0.11999999999997613;0.9300000000000637
1690544083;0.8699999999989814;0.010000000000001563;0;0;0.009999999999999787;0.010000000000005116;0.12000000000000455;0.9900000000000091
1690544084;0.8600000000005821;0.030000000000001137;0;0;0.009999999999999787;0;0.1699999999999875;0.9899999999999523
1690544085;0.5100000000002183;1.0199999999999996;0;0;0.020000000000000462;0.01999999999999602;0.22000000000002728;0.14999999999997726
1690544086;0.7999999999992724;0.09999999999999787;0;0;0.049999999999998934;0.010000000000005116;0.23999999999998067;0.7000000000000455
1690544087;0.7600000000020373;0.15000000000000213;0;0;0.019999999999999574;0.010000000000005116;0.2400000000000091;0.839999999999975
1690544088;0.5999999999985448;0.09999999999999787;0;0;0.07000000000000117;0.010000000000005116;0.29000000000002046;0.8100000000000023
1690544089;0.22999999999956344;0.23000000000000043;0;0;0.03999999999999915;0;0.22999999999996135;1.2199999999999704
1690544090;0.8900000000012369;0.010000000000001563;0;0;0.009999999999999787;0;0.14000000000001478;0.9400000000001114
1690544091;0.8899999999994179;0.019999999999999574;0;0;0.010000000000001563;0.010000000000005116;0.13000000000002387;0.9899999999999523
1690544092;0.8500000000003638;0.019999999999999574;0;0;0;0;0.10999999999998522;0.9599999999999795
1690544093;0.8099999999994907;0.030000000000001137;0;0;0.009999999999999787;0;0.1799999999999784;0.9599999999999795
1690544094;0.19000000000050932;1.4099999999999966;0;0;0.009999999999999787;0.01999999999998181;0.22000000000002728;0.160000000000025
1690544095;0.3099999999994907;0.6500000000000021;0;0;0.019999999999999574;0.010000000000005116;0.3299999999999841;0.6499999999999773
1690544096;0.32999999999992724;0.19999999999999574;0;0;0.04999999999999982;0.010000000000005116;0.22999999999998977;1.1300000000000523
1690544097;0.23000000000138243;0.1700000000000017;0;0;0.040000000000000924;0;0.29000000000002046;1.2099999999999227
1690544098;0.7299999999995634;0.13000000000000256;0;0;0.009999999999999787;0.010000000000005116;0.13999999999998636;0.9600000000000364
1690544099;0.9099999999980355;0.029999999999997584;0;0;0.009999999999999787;0.010000000000005116;0.15000000000000568;0.9399999999999409
1690544100;0.8500000000021828;0.00999999999999801;0;0;0;0;0.12000000000000455;0.9800000000001319
1690544101;0.8699999999989814;0.33000000000000185;0;0;0.019999999999999574;0;0.06999999999999318;0.6599999999999682
1690544102;0.22999999999956344;1.5600000000000023;0;0;0.009999999999999787;0.01999999999998181;0.07999999999998408;0.12000000000000455
1690544103;0.5500000000010914;0.259999999999998;0;0;0.009999999999999787;0;0.2600000000000193;0.8399999999999181
1690544104;0.8799999999991996;0;0;0;0.010000000000000675;0;0.14000000000001478;0.9100000000000819
1690544105;0.8999999999996362;0.020000000000003126;0;0;0;0;0.12999999999999545;1.0199999999999818
1690544106;0.8000000000010914;0.019999999999999574;0;0;0;0;0.20999999999997954;0.9199999999999591
1690544107;0.16999999999825377;1.399999999999995;0;0;0.009999999999999787;0.020000000000010232;0.18999999999999773;0.14000000000010004
1690544108;0.3900000000012369;0.21000000000000085;0;0;0.08000000000000007;0.010000000000005116;0.3100000000000023;1.0699999999999363
1690544109;0.3400000000001455;0.1600000000000037;0;0;0.07000000000000028;0.009999999999990905;0.21000000000003638;1.169999999999959
1690544110;0.8799999999991996;0.019999999999999574;0;0;0.009999999999999787;0;0.13999999999998636;1.0000000000001137
1690544111;0.7999999999992724;0.03999999999999915;0;0;0;0;0.10999999999998522;0.9999999999998863
1690544112;0.8900000000012369;0.010000000000001563;0;0;0.009999999999999787;0.009999999999990905;0.09000000000000341;0.9900000000000091
1690544113;0.8700000000008004;0.029999999999997584;0;0;0.03000000000000025;0;0.13999999999998636;0.9300000000000637
1690544114;0.8999999999996362;0.3500000000000014;0;0;0;0.010000000000005116;0.13000000000002387;0.6099999999999
1690544115;0.1500000000014552;1.4199999999999982;0;0;0.019999999999999574;0.030000000000001137;0.21999999999997044;0.15000000000009095
1690544116;0.3999999999978172;0.360000000000003;0;0;0.08000000000000007;0.01999999999999602;0.3200000000000216;0.7699999999999818
1690544117;0.7900000000008731;0.05000000000000071;0;0;0.009999999999999787;0;0.10999999999998522;1.0299999999999727
1690544118;0.8500000000003638;0.019999999999999574;0;0;0;0;0.13000000000002387;1
1690544119;0.6299999999991996;0.5999999999999943;0;0;0.020000000000000462;0.020000000000010232;0.21000000000000796;0.4800000000000182
1690544120;0.43000000000029104;0.1200000000000081;0;0;0.05000000000000071;0;0.32999999999995566;0.9800000000000182
1690544121;0.47999999999956344;0.28999999999999204;0;0;0.03999999999999915;0.009999999999990905;0.22000000000002728;0.9900000000000091
1690544122;0.2600000000002183;0.1600000000000037;0;0;0.07000000000000117;0;0.3100000000000023;1.1599999999999682
1690544123;0.4000000000014552;0.10999999999999588;0;0;0.02999999999999936;0.010000000000005116;0.21999999999999886;1.17999999999995
1690544124;0.8899999999975989;0.010000000000005116;0;0;0;0;0.11000000000001364;0.9800000000000182
1690544125;0.9000000000014552;0.030000000000001137;0;0;0.009999999999999787;0;0.0999999999999659;0.9500000000000455
1690544126;0.8799999999991996;0.029999999999997584;0;0;0;0.009999999999990905;0.060000000000002274;1.009999999999991
1690544127;0.8600000000005821;0.020000000000003126;0;0;0.019999999999999574;0;0.1500000000000341;0.9400000000000546
1690544128;0.9099999999998545;0.4399999999999977;0;0;0.009999999999999787;0;0.07999999999998408;0.5499999999999545
1690544129;0.9099999999998545;0.01999999999999602;0;0;0.010000000000000675;0;0.10000000000002274;0.9600000000000364
1690544130;0.8000000000010914;0.09000000000000341;0;0;0.009999999999999787;0.010000000000005116;0.11999999999997613;0.9399999999999409
1690544131;0.929999999998472;0.5799999999999983;0;0;0;0.010000000000005116;0.07999999999998408;0.44000000000005457
1690544132;0.8899999999994179;0.03000000000000469;0;0;0;0;0.10000000000002274;0.9399999999999409
1690544133;0.7900000000026921;0.42999999999999616;0;0;0.030000000000001137;0.010000000000005116;0.23999999999998067;0.4800000000000182
1690544134;0.6599999999980355;1.1300000000000026;0;0;0.009999999999999787;0.01999999999999602;0.060000000000002274;0.07999999999992724
1690544135;0.5200000000004366;0.17999999999999616;0;0;0.02999999999999936;0.009999999999990905;0.35000000000002274;0.9100000000000819
1690544136;0.6700000000000728;0.10000000000000497;0;0;0.019999999999999574;0;0.13999999999998636;1.0199999999999818
1690544137;0.8700000000008004;0.030000000000001137;0;0;0;0;0.10999999999998522;0.9700000000000273
1690544138;0.8799999999991996;0.00999999999999801;0;0;0.009999999999999787;0;0.14000000000001478;1.009999999999991
1690544139;0.2600000000002183;1.2800000000000011;0;0;0.020000000000000462;0.020000000000010232;0.1799999999999784;0.2099999999999227
1690544140;0.37999999999919964;0.10999999999999588;0;0;0.05000000000000071;0.01999999999999602;0.28000000000002956;1.0500000000000682
1690544141;0.3099999999994907;0.19000000000000128;0;0;0.05999999999999872;0.010000000000005116;0.2400000000000091;1.2099999999999227
1690544142;0.43000000000029104;0.769999999999996;0;0;0.020000000000000462;0.01999999999999602;0.11999999999997613;0.57000000000005
1690544143;0.930000000000291;0.010000000000001563;0;0;0.009999999999999787;0;0.10999999999998522;0.9700000000000273
1690544144;0.8400000000001455;0.020000000000003126;0;0;0;0;0.18000000000003524;0.92999999999995
1690544145;0.930000000000291;0.010000000000001563;0;0;0.009999999999999787;0;0.060000000000002274;0.9500000000000455
1690544146;0.9099999999998545;0.029999999999997584;0;0;0;0;0.11999999999997613;0.9200000000000728
1690544147;0.9099999999998545;0.019999999999999574;0;0;0.009999999999999787;0;0.12000000000000455;0.9499999999999318
1690544148;0.46999999999934516;0.9500000000000028;0;0;0.04000000000000181;0.01999999999999602;0.19999999999998863;0.2800000000000864
1690544149;0.5100000000020373;0.7799999999999976;0;0;0.02999999999999936;0.030000000000001137;0.22999999999998977;0.4399999999998272
1690544150;0.3099999999976717;0.15000000000000213;0;0;0.02999999999999936;0.009999999999990905;0.20000000000001705;1.220000000000141
1690544151;0.2400000000016007;0.15999999999999304;0;0;0.0600000000000005;0.020000000000010232;0.25;1.2899999999999636
1690544152;0.22000000000116415;0.18000000000000682;0;0;0.05999999999999961;0;0.2600000000000193;1.25
1690544153;0.9199999999982538;0.01999999999999602;0;0;0.009999999999999787;0;0.10999999999998522;0.9900000000000091
1690544154;0.9100000000016735;0.019999999999999574;0;0;0;0;0.09000000000000341;0.92999999999995
1690544155;0.9099999999980355;0.020000000000003126;0;0;0.009999999999999787;0;0.11000000000001364;0.92999999999995
1690544156;0.8099999999994907;0.07999999999999474;0;0;0;0.009999999999990905;0.12999999999999545;0.9900000000000091
1690544157;0.9100000000016735;0.3700000000000081;0;0;0.009999999999999787;0.010000000000005116;0.07999999999998408;0.6299999999999955
1690544158;0.8999999999996362;0.029999999999997584;0;0;0;0;0.12000000000000455;0.9400000000000546
1690544159;0.7699999999986176;0.15000000000000213;0;0;0.009999999999999787;0;0.12999999999999545;0.9400000000000546
1690544160;0.8900000000012369;0.44999999999999574;0;0;0.010000000000000675;0.010000000000005116;0.06999999999999318;0.4900000000000091
1690544161;0.8900000000012369;0.020000000000003126;0;0;0.009999999999999787;0;0.12000000000003297;0.9999999999998863
1690544162;0.31999999999970896;1.2199999999999918;0;0;0.009999999999999787;0.030000000000001137;0.1899999999999693;0.2300000000000182
1690544163;0.47999999999774445;1.0900000000000034;0;0;0.030000000000001137;0.01999999999999602;0.14000000000001478;0.17000000000007276
1690544164;0.2900000000008731;0.13000000000000256;0;0;0.03999999999999915;0;0.37000000000000455;1.0899999999999181
1690544165;0.46999999999934516;0.17999999999999972;0;0;0.02999999999999936;0.01999999999999602;0.1799999999999784;1.1499999999999773
1690544166;0.9000000000014552;0.01999999999999602;0;0;0;0;0.060000000000030695;0.9700000000000273
1690544167;0.9099999999998545;0.020000000000010232;0;0;0;0;0.13999999999998636;0.9500000000000455
1690544168;0.8799999999991996;0.00999999999999801;0;0;0;0;0.09000000000000341;0.9800000000000182
1690544169;0.43000000000029104;0.8399999999999963;0;0;0.020000000000002238;0.04000000000000625;0.19999999999998863;0.4499999999999318
1690544170;0.27000000000043656;1.1799999999999997;0;0;0.019999999999999574;0.01999999999999602;0.19999999999998863;0.2900000000000773
1690544171;0.2900000000008731;0.21000000000000085;0;0;0.05999999999999872;0;0.2300000000000182;1.1900000000000546
1690544172;0.8899999999994179;0.07000000000000028;0;0;0;0;0.12999999999999545;0.9499999999999318
1690544173;0.7700000000004366;0.17999999999999972;0;0;0;0.010000000000005116;0.13999999999998636;0.8500000000000227
1690544174;0.9099999999998545;0.5499999999999972;0;0;0;0;0.09000000000003183;0.42999999999995
1690544175;0.8799999999991996;0.020000000000003126;0;0;0;0;0.08999999999997499;0.9399999999999409
1690544176;0.5599999999994907;0.3500000000000014;0;0;0.040000000000000924;0.020000000000010232;0.37000000000000455;0.6400000000001
1690544177;0.18000000000029104;0.13999999999999346;0;0;0.04999999999999982;0.029999999999986926;0.2300000000000182;1.330000000000041
1690544178;0.21999999999934516;0.38000000000000256;0;0;0.05999999999999872;0.010000000000005116;0.25;1.0899999999999181
1690544179;0.2600000000002183;0.9200000000000017;0;0;0.02000000000000135;0.009999999999990905;0.12999999999999545;0.6100000000000136
1690544180;0.23000000000138243;0.12000000000000455;0;0;0.07999999999999918;0;0.2699999999999818;1.2799999999999727
1690544181;0.819999999999709;0.04999999999999716;0;0;0.010000000000001563;0;0.12000000000000455;1
1690544182;0.8099999999994907;0.17999999999999972;0;0;0.019999999999999574;0.010000000000005116;0.12999999999999545;0.8799999999999955
1690544183;0.9399999999986903;0.6099999999999994;0;0;0;0;0.030000000000001137;0.38000000000010914
1690544184;0.8900000000012369;0.020000000000003126;0;0;0.009999999999999787;0;0.12000000000000455;0.92999999999995
1690544185;0.9200000000000728;0.01999999999999602;0;0;0;0;0.12000000000000455;0.9300000000000637
1690544186;0.9200000000000728;0.00999999999999801;0;0;0.020000000000000462;0;0.12999999999999545;0.92999999999995
1690544187;0.8900000000012369;0.01999999999999602;0;0;0;0;0.12000000000000455;0.9900000000000091
1690544188;0.929999999998472;0.030000000000008242;0;0;0;0;0.04999999999998295;0.92999999999995
1690544189;0.8099999999994907;0.28000000000000114;0;0;0;0;0.160000000000025;0.7799999999999727
1690544190;0.8999999999996362;0.02999999999999403;0;0;0;0;0.09999999999999432;0.8999999999999773
1690544191;0.8700000000008004;0.030000000000001137;0;0;0.009999999999999787;0.010000000000005116;0.14000000000001478;0.9600000000000364
1690544192;0.3600000000005821;0.9100000000000037;0;0;0.019999999999999574;0.010000000000005116;0.1799999999999784;0.4800000000000182
1690544193;0.09999999999854481;1.7299999999999969;0;0;0;0.009999999999990905;0.04999999999998295;0.06999999999993634
1690544194;0.42000000000007276;0.259999999999998;0;0;0.049999999999998934;0.009999999999990905;0.3200000000000216;0.8800000000001091
1690544195;0.4000000000014552;0.2600000000000051;0;0;0.07000000000000117;0;0.22999999999998977;1
1690544196;0.4400000000005093;0.3500000000000014;0;0;0.049999999999998934;0.030000000000015348;0.25;0.9699999999999136
1690544197;0.3099999999976717;0.30999999999999517;0;0;0.030000000000001137;0;0.21000000000000796;1.0500000000000682
1690544198;0.4500000000025466;0.2700000000000031;0;0;0.03999999999999915;0.009999999999990905;0.1699999999999875;1.0199999999999818
1690544199;0.5799999999981083;0.10999999999999943;0;0;0.030000000000001137;0;0.18000000000000682;1.1200000000000045
1690544200;0.9100000000016735;0.01999999999999602;0;0;0.009999999999999787;0;0.09000000000000341;0.9500000000000455
1690544201;0.9200000000000728;0.030000000000001137;0;0;0;0;0.11000000000001364;0.9099999999999682
1690544202;0.8799999999991996;0.01999999999999602;0;0;0;0;0.12000000000000455;0.9499999999999318
1690544203;0.9200000000000728;0.020000000000003126;0;0;0;0;0.10999999999998522;0.9800000000000182
1690544204;0.8500000000003638;0.35999999999999943;0;0;0.020000000000000462;0.009999999999990905;0.08999999999997499;0.6399999999999864
1690544205;0.9099999999998545;0.020000000000003126;0;0;0.019999999999999574;0;0.09000000000000341;0.9500000000000455
1690544206;0.9099999999998545;0.010000000000005116;0;0;0.009999999999999787;0.010000000000005116;0.13000000000002387;1
1690544207;0.819999999999709;0.46999999999999176;0;0;0;0.020000000000010232;0.09000000000000341;0.5900000000000318
1690544208;0.9200000000000728;0.020000000000003126;0;0;0.009999999999999787;0;0.07999999999998408;0.9500000000000455
1690544209;0.8999999999996362;0.04999999999999716;0;0;0.009999999999999787;0.010000000000005116;0.0800000000000125;0.9399999999999409
1690544210;0.9000000000014552;0.2700000000000031;0;0;0.010000000000000675;0;0.12999999999999545;0.6599999999999682
1690544211;0.36999999999898137;1.0399999999999991;0;0;0.019999999999999574;0.029999999999986926;0.2699999999999818;0.30999999999994543
1690544212;0.3499999999985448;1.5300000000000011;0;0;0;0.010000000000005116;0.0800000000000125;0.06000000000005912
1690544213;0.37000000000261934;0.12999999999999545;0;0;0.08999999999999986;0.010000000000005116;0.25;1.0300000000000864
1690544214;0.2999999999992724;0.3300000000000054;0;0;0.040000000000000036;0.03999999999999204;0.21000000000000796;1.0899999999999181
1690544215;0.2999999999992724;0.3200000000000003;0;0;0.030000000000001137;0.01999999999999602;0.25;1.080000000000041
1690544216;0.2600000000002183;0.1599999999999966;0;0;0.06999999999999851;0;0.22999999999998977;1.2199999999999136
1690544217;0.8500000000003638;0.03999999999999915;0;0;0.02000000000000135;0;0.11000000000001364;1.009999999999991
1690544218;0.9099999999998545;0.010000000000005116;0;0;0;0;0.07999999999998408;0.9300000000000637
1690544219;0.9399999999986903;0.02999999999999403;0;0;0.009999999999999787;0;0.09999999999999432;0.9199999999999591
1690544220;0.8800000000010186;0.00999999999999801;0;0;0;0;0.10000000000002274;0.9800000000000182
1690544221;0.8099999999994907;0.10000000000000853;0;0;0.009999999999999787;0.010000000000005116;0.07999999999998408;0.9499999999999318
1690544222;0.9099999999998545;0.19999999999999574;0;0;0;0;0.09000000000000341;0.8300000000001546
1690544223;0.8999999999996362;0.010000000000005116;0;0;0;0;0.10999999999998522;0.9799999999999045
1690544224;0.3000000000010914;0.7299999999999969;0;0;0.02999999999999936;0.009999999999990905;0.1500000000000341;0.7099999999999227
1690544225;0.8799999999991996;0.00999999999999801;0;0;0.009999999999999787;0;0.08999999999997499;0.9900000000001228
1690544226;0.8500000000003638;0.0799999999999983;0;0;0;0.010000000000005116;0.09000000000000341;0.9499999999999318
1690544227;0.680000000000291;0.490000000000002;0;0;0.010000000000001563;0;0.09999999999999432;0.7000000000000455
1690544228;0.27000000000043656;1.2000000000000028;0;0;0.019999999999999574;0.030000000000001137;0.21000000000003638;0.2899999999999636
1690544229;0.05999999999949068;1.769999999999996;0;0;0.009999999999999787;0;0.06999999999996476;0.05000000000006821
1690544230;0.6399999999994179;0.0799999999999983;0;0;0.03999999999999915;0.010000000000005116;0.30000000000001137;0.9199999999999591
1690544231;0.8999999999996362;0.020000000000003126;0;0;0;0;0.0800000000000125;0.9500000000000455
1690544232;0.7600000000002183;0.4100000000000037;0;0;0.030000000000001137;0.010000000000005116;0.2799999999999727;0.4799999999999045
1690544233;0.17000000000007276;0.13999999999999346;0;0;0.049999999999998934;0;0.30000000000001137;1.240000000000009
1690544234;0.2999999999992724;0.1600000000000037;0;0;0.03999999999999915;0.01999999999999602;0.2400000000000091;1.240000000000009
1690544235;0.8900000000012369;0.020000000000003126;0;0;0.010000000000001563;0;0.12000000000000455;0.9500000000000455
1690544236;0.7900000000008731;0.27999999999999403;0;0;0.009999999999999787;0.01999999999999602;0.10999999999998522;0.7799999999999727
1690544237;0.8999999999996362;0.730000000000004;0;0;0;0;0.03999999999999204;0.3300000000000409
1690544238;0.9200000000000728;0.01999999999999602;0;0;0;0.010000000000005116;0.10000000000002274;0.9300000000000637
1690544239;0.9099999999998545;0.020000000000003126;0;0;0;0;0.08999999999997499;0.9699999999999136
1690544240;0.9200000000000728;0.020000000000003126;0;0;0;0;0.0700000000000216;0.9600000000000364
1690544241;0.9099999999998545;0.00999999999999801;0;0;0;0.010000000000005116;0.12000000000000455;0.9599999999999227
1690544242;0.27000000000043656;1.1499999999999986;0;0;0.009999999999999787;0;0.19999999999998863;0.2699999999999818
1690544243;0.4599999999991269;0.5600000000000023;0;0;0.05999999999999872;0.009999999999990905;0.28999999999999204;0.6100000000000136
1690544244;0.1999999999989086;0.23999999999999488;0;0;0.05000000000000249;0.010000000000005116;0.30000000000001137;1.2300000000001319
1690544245;0.5400000000008731;0.39000000000000057;0;0;0.049999999999998934;0.01999999999999602;0.18000000000000682;0.7599999999998772
1690544246;0.41000000000167347;0.29999999999999716;0;0;0.05000000000000071;0.010000000000005116;0.19999999999998863;1.0299999999999727
1690544247;0.8799999999991996;0.030000000000001137;0;0;0.009999999999999787;0;0.09000000000000341;0.9800000000001319
1690544248;0.9099999999980355;0.020000000000003126;0;0;0;0;0.14000000000001478;0.8999999999998636
1690544249;0.8900000000012369;0.01999999999999602;0;0;0.009999999999999787;0;0.15999999999996817;0.970000000000141
1690544250;0.930000000000291;0.020000000000003126;0;0;0.009999999999999787;0;0.10000000000002274;0.8899999999998727
1690544251;0.9200000000000728;0.00999999999999801;0;0;0;0;0.07999999999998408;0.9400000000000546
1690544252;0.8400000000001455;0.240000000000002;0;0;0;0.009999999999990905;0.09999999999999432;0.8000000000000682
1690544253;0.8999999999996362;0.00999999999999801;0;0;0.009999999999999787;0;0.13000000000002387;0.9199999999999591
1690544254;0.7300000000013824;0.39000000000000057;0;0;0.009999999999999787;0.010000000000005116;0.22999999999998977;0.6199999999998909
1690544255;0.7899999999990541;1.0600000000000023;0;0;0.019999999999999574;0.030000000000001137;0.06999999999999318;0.06000000000005912
1690544256;0.46999999999934516;0.8300000000000054;0;0;0.03999999999999915;0.010000000000005116;0.20000000000001705;0.36000000000001364
1690544257;0.28000000000065484;0.10999999999999233;0;0;0.02000000000000135;0.009999999999990905;0.2599999999999909;1.2899999999999636
1690544258;0.20999999999912689;0.14999999999999858;0;0;0.07000000000000028;0.010000000000005116;0.21000000000000796;1.3100000000000591
1690544259;0.4899999999997817;0.13000000000000256;0;0;0.030000000000001137;0;0.1599999999999966;1.1499999999999773
1690544260;0.9000000000014552;0.020000000000003126;0;0;0.009999999999999787;0;0.10999999999998522;0.9900000000000091
1690544261;0.9199999999982538;0.01999999999999602;0;0;0;0.010000000000005116;0.09000000000000341;0.9500000000000455
1690544262;0.8300000000017462;0.030000000000001137;0;0;0;0;0.13000000000002387;0.9499999999999318
1690544263;0.7799999999988358;0.2600000000000051;0;0;0;0.009999999999990905;0.11999999999997613;0.7999999999999545
1690544264;0.9400000000005093;0.29999999999999716;0;0;0.009999999999999787;0;0.09000000000000341;0.6900000000000546
1690544265;0.9100000000016735;0.00999999999999801;0;0;0.009999999999999787;0;0.09000000000000341;0.9499999999999318
1690544266;0.9199999999982538;0.03999999999999915;0;0;0;0;0.12000000000000455;0.9200000000000728
1690544267;0.8299999999999272;0.8200000000000003;0;0;0;0;0.06999999999999318;0.2900000000000773
1690544268;0.5599999999994907;0.6300000000000026;0;0;0.009999999999999787;0.020000000000010232;0.21999999999999886;0.4699999999999136
1690544269;0.15999999999985448;1.499999999999993;0;0;0.019999999999999574;0;0.11000000000001364;0.21000000000003638
1690544270;0.33000000000174623;0.12000000000000455;0;0;0.07000000000000028;0.01999999999998181;0.23999999999998067;1.17999999999995
1690544271;0.22999999999956344;0.14000000000000057;0;0;0.03999999999999915;0;0.19000000000002615;1.2999999999999545
1690544272;0.5799999999999272;0.17999999999999972;0;0;0.019999999999999574;0.010000000000005116;0.19999999999998863;0.9800000000000182
1690544273;0.930000000000291;0.020000000000003126;0;0;0;0;0.09999999999999432;0.9100000000000819
1690544274;0.9200000000000728;0.01999999999999602;0;0;0;0;0.09000000000000341;0.9600000000000364
1690544275;0.9099999999980355;0.030000000000001137;0;0;0.009999999999999787;0;0.14000000000001478;0.9099999999999682
1690544276;0.8500000000003638;0.07000000000000028;0;0;0.019999999999999574;0.010000000000005116;0.07999999999995566;0.9800000000000182
1690544277;0.9000000000014552;0.23999999999999488;0;0;0;0;0.10000000000002274;0.7599999999999909
1690544278;0.8999999999978172;0.020000000000003126;0;0;0.02000000000000135;0;0.11000000000001364;0.9399999999999409
1690544279;0.32000000000152795;1.2100000000000009;0;0;0.02000000000000135;0.01999999999999602;0.22999999999998977;0.25
1690544280;0.05999999999949068;1.6499999999999986;0;0;0.009999999999999787;0.030000000000001137;0.09000000000000341;0.06999999999993634
1690544281;0.4000000000014552;0.240000000000002;0;0;0.049999999999998934;0.010000000000005116;0.3199999999999932;0.9200000000000728
1690544282;0.8299999999981083;0.05000000000000426;0;0;0.009999999999999787;0.010000000000005116;0.11000000000001364;1.0500000000000682
1690544283;0.9100000000016735;0.00999999999999801;0;0;0;0;0.09000000000000341;0.9099999999998545
1690544284;0.8099999999994907;0.4299999999999997;0;0;0.010000000000001563;0;0.12000000000000455;0.6300000000001091
1690544285;0.7999999999992724;0.37000000000000455;0;0;0.019999999999999574;0.009999999999990905;0.28999999999999204;0.4900000000000091
1690544286;0.6599999999998545;0.10999999999999233;0;0;0.009999999999999787;0;0.2799999999999727;0.8400000000000318
1690544287;0.570000000001528;0.13000000000000256;0;0;0.06999999999999851;0.010000000000005116;0.29000000000002046;0.8899999999999864
1690544288;0.1999999999989086;0.1600000000000037;0;0;0.040000000000000924;0.01999999999999602;0.2400000000000091;1.3600000000000136
1690544289;0.6999999999989086;0.46999999999999886;0;0;0.02999999999999936;0.010000000000005116;0.11000000000001364;0.6499999999998636
1690544290;0.9200000000018917;0.01999999999999602;0;0;0;0;0.14999999999997726;0.9300000000000637
1690544291;0.8599999999987631;0.00999999999999801;0;0;0.009999999999999787;0;0.14000000000001478;0.9200000000000728
1690544292;0.9000000000014552;0.030000000000008242;0;0;0;0;0.11999999999997613;0.9499999999999318
1690544293;0.9199999999982538;0.01999999999999602;0;0;0;0;0.10000000000002274;0.9600000000000364
1690544294;0.9500000000025466;0.020000000000003126;0;0;0;0;0.06999999999996476;0.9600000000000364
1690544295;0.499999999998181;0.789999999999992;0;0;0.02000000000000135;0.01999999999999602;0.2400000000000091;0.4399999999999409
1690544296;0.5400000000008731;1.240000000000002;0;0;0.009999999999999787;0.029999999999986926;0.09000000000003183;0.07000000000005002
1690544297;0.5999999999985448;0.12000000000000455;0;0;0.0600000000000005;0.010000000000005116;0.19999999999998863;0.9699999999999136
1690544298;0.8999999999996362;0.01999999999999602;0;0;0.009999999999999787;0;0.08999999999997499;0.9700000000000273
1690544299;0.7300000000013824;0.35999999999999943;0;0;0.03999999999999915;0;0.21000000000000796;0.6699999999999591
1690544300;0.3899999999994179;0.5700000000000003;0;0;0.0600000000000005;0.020000000000010232;0.2400000000000091;0.7000000000000455
1690544301;0.3000000000010914;0.14000000000000057;0;0;0.03999999999999915;0;0.20999999999997954;1.240000000000009
1690544302;0.6700000000000728;0.14000000000000057;0;0;0.019999999999999574;0;0.13000000000002387;1.0299999999999727
1690544303;0.8799999999991996;0.07000000000000028;0;0;0;0;0.10999999999998522;0.9700000000000273
1690544304;0.9400000000005093;0.020000000000003126;0;0;0.009999999999999787;0;0.07999999999998408;0.8999999999999773
1690544305;0.930000000000291;0.01999999999999602;0;0;0;0.009999999999990905;0.160000000000025;0.8700000000000045
1690544306;0.930000000000291;0.01999999999999602;0;0;0;0;0.05000000000001137;0.9800000000000182
1690544307;0.6399999999994179;0.5300000000000082;0;0;0.009999999999999787;0;0.23999999999998067;0.5099999999999909
1690544308;0;1.8399999999999892;0;0;0.010000000000001563;0.04000000000000625;0.06999999999999318;0.04000000000007731
1690544309;0.5599999999994907;0.37000000000000455;0;0;0.040000000000000924;0;0.3100000000000023;0.67999999999995
1690544310;0.2600000000002183;0.6199999999999974;0;0;0.03999999999999915;0.010000000000005116;0.19000000000002615;0.8299999999999272
1690544311;0.32999999999810825;0.3100000000000023;0;0;0.0600000000000005;0.01999999999998181;0.19999999999998863;1.0199999999999818
1690544312;0.1900000000023283;0.1599999999999966;0;0;0.07000000000000028;0;0.2400000000000091;1.3000000000000682
1690544313;0.8400000000001455;0.0800000000000054;0;0;0.009999999999999787;0;0.11000000000001364;0.9700000000000273
1690544314;0.9499999999989086;0.020000000000003126;0;0;0;0;0.09999999999999432;0.8999999999999773
1690544315;0.8800000000010186;0.020000000000003126;0;0;0.019999999999999574;0;0.10999999999998522;0.9599999999999227
1690544316;0.9399999999986903;0.019999999999988916;0;0;0;0;0.10999999999998522;0.9300000000000637
1690544317;0.8500000000003638;0.2700000000000031;0;0;0.009999999999999787;0.010000000000005116;0.09000000000000341;0.82000000000005
1690544318;0.8800000000010186;0.020000000000010232;0;0;0;0;0.13999999999998636;0.9199999999999591
1690544319;0.9200000000000728;0.01999999999999602;0;0;0.009999999999999787;0;0.10000000000002274;0.9100000000000819
1690544320;0.819999999999709;0.6699999999999946;0;0;0.009999999999999787;0.010000000000005116;0.11000000000001364;0.3999999999998636
1690544321;0.7199999999993452;0.3200000000000003;0;0;0.009999999999999787;0.009999999999990905;0.21999999999999886;0.7000000000000455
1690544322;0.5399999999990541;0.8900000000000006;0;0;0.019999999999999574;0.020000000000010232;0.13999999999998636;0.3300000000000409
1690544323;0.5100000000020373;0.29999999999999716;0;0;0.07000000000000028;0.010000000000005116;0.2600000000000193;0.7400000000000091
1690544324;0.3499999999985448;0.1600000000000037;0;0;0.03999999999999915;0.009999999999990905;0.24999999999997158;1.169999999999959
1690544325;0.23999999999978172;0.1799999999999926;0;0;0.09000000000000163;0.009999999999990905;0.3400000000000034;1.1200000000000045
1690544326;0.5900000000001455;0.5200000000000102;0;0;0.030000000000001137;0.010000000000005116;0.17000000000001592;0.6499999999999773
1690544327;0.43000000000211;0.20000000000000284;0;0;0.049999999999998934;0.010000000000005116;0.18999999999999773;1.0900000000000318
1690544328;0.32999999999810825;0.29999999999999716;0;0;0.02999999999999936;0.010000000000005116;0.12999999999999545;1.1200000000000045
1690544329;0.9400000000005093;0.11999999999999034;0;0;0.010000000000001563;0.010000000000005116;0.09000000000000341;0.8099999999999454
1690544330;0.9200000000000728;0.20000000000000284;0;0;0.02999999999999936;0.009999999999990905;0.12999999999996703;0.7599999999999909
1690544331;0.930000000000291;0.15000000000000568;0;0;0.009999999999999787;0.010000000000005116;0.12000000000003297;0.7599999999999909
1690544332;0.8999999999978172;0.17999999999999972;0;0;0;0;0.05000000000001137;0.8100000000000591
1690544333;0.7800000000006548;0.5100000000000051;0;0;0;0;0.0999999999999659;0.6099999999999
1690544334;0.930000000000291;0.030000000000001137;0;0;0.009999999999999787;0;0.11000000000001364;0.9400000000001683
1690544335;0.9100000000016735;0.01999999999999602;0;0;0.009999999999999787;0;0.12000000000000455;0.8899999999998727
1690544336;0.9400000000005093;0.01999999999999602;0;0;0;0;0.11999999999997613;0.9100000000000819
1690544337;0.9499999999989086;0.01999999999999602;0;0;0;0;0.09000000000003183;0.9799999999999045
1690544338;0.8799999999991996;0.020000000000010232;0;0;0.009999999999999787;0.010000000000005116;0.0999999999999659;0.9500000000000455
1690544339;0.819999999999709;0.29999999999999005;0;0;0;0;0.11000000000004206;0.7800000000000864
1690544340;0.8500000000003638;0.04999999999999716;0;0;0.019999999999999574;0;0.11999999999997613;0.9199999999999591
1690544341;0.6200000000008004;0.5400000000000063;0;0;0;0.009999999999990905;0.18999999999999773;0.6499999999999773
1690544342;0.3400000000001455;1.4499999999999957;0;0;0.010000000000001563;0.009999999999990905;0.05000000000001137;0.06999999999993634
1690544343;0.7000000000007276;0.36000000000000654;0;0;0.02999999999999936;0.030000000000015348;0.2599999999999909;0.5800000000000409
1690544344;0.9099999999980355;0.04999999999999716;0;0;0.009999999999999787;0;0.10999999999998522;0.9400000000000546
1690544345;0.7800000000006548;0.14000000000000057;0;0;0.02999999999999936;0;0.21000000000000796;0.7999999999999545
1690544346;0.5200000000004366;0.4399999999999977;0;0;0.07000000000000028;0.01999999999999602;0.30000000000001137;0.6600000000000819
1690544347;0.27000000000043656;0.25;0;0;0.049999999999998934;0.009999999999990905;0.29999999999998295;1.099999999999909
1690544348;0.6200000000008004;0.44000000000000483;0;0;0.05000000000000249;0.020000000000010232;0.15000000000000568;0.7100000000000364
1690544349;0.249999999998181;0.1599999999999966;0;0;0.019999999999999574;0;0.25;1.2799999999999727
1690544350;0.4499999999989086;0.1599999999999966;0;0;0.05000000000000071;0.010000000000005116;0.18000000000000682;1.1399999999999864
1690544351;0.9400000000005093;0.01999999999999602;0;0;0;0;0.09000000000000341;0.9600000000000364
1690544352;0.9099999999998545;0.030000000000008242;0;0;0;0;0.0800000000000125;0.92999999999995
1690544353;0.9000000000014552;0.020000000000003126;0;0;0;0;0.12000000000000455;0.9600000000000364
1690544354;0.9200000000000728;0.00999999999999801;0;0;0;0;0.09999999999999432;0.9700000000000273
1690544355;0.8099999999994907;0.28000000000000114;0;0;0;0;0.09999999999999432;0.7399999999998954
1690544356;0.8999999999996362;0.020000000000003126;0;0;0.009999999999999787;0;0.15000000000000568;0.9300000000000637
1690544357;0.6300000000010186;0.45999999999999375;0;0;0;0.010000000000005116;0.06999999999999318;0.8100000000000591
1690544358;0.8099999999994907;0.44000000000000483;0;0;0.009999999999999787;0.009999999999990905;0.06999999999999318;0.6499999999998636
1690544359;0.9699999999993452;0.01999999999999602;0;0;0.009999999999999787;0;0.10999999999998522;0.8800000000001091
1690544360;0.6000000000003638;0.46000000000000085;0;0;0;0.01999999999999602;0.1400000000000432;0.7799999999999727
1690544361;0.7100000000009459;0.9399999999999977;0;0;0.009999999999999787;0.01999999999999602;0.1799999999999784;0.13999999999998636
1690544362;0.2999999999992724;1.1499999999999986;0;0;0.019999999999999574;0.01999999999999602;0.1599999999999966;0.2700000000000955
1690544363;0.23999999999978172;0.14000000000000057;0;0;0.049999999999998934;0;0.27000000000001023;1.3299999999999272
1690544364;0.37999999999919964;0.5300000000000082;0;0;0.030000000000001137;0.010000000000005116;0.14999999999997726;0.8199999999999363
1690544365;0.2900000000008731;0.10999999999999233;0;0;0.049999999999998934;0.009999999999990905;0.22000000000002728;1.3000000000000682
1690544366;0.2900000000008731;0.1700000000000088;0;0;0.030000000000001137;0.020000000000010232;0.19999999999998863;1.2199999999999136
1690544367;0.7600000000002183;0.07999999999999119;0;0;0.040000000000000924;0.010000000000005116;0.12999999999999545;1.0100000000001046
1690544368;0.9099999999998545;0.030000000000008242;0;0;0;0;0.11000000000001364;0.9400000000000546
1690544369;0.9099999999980355;0.019999999999988916;0;0;0;0;0.10999999999998522;0.9599999999999227
1690544370;0.8999999999996362;0.04000000000000625;0;0;0.009999999999999787;0;0.06999999999999318;0.9699999999999136
1690544371;0.8400000000001455;0.35999999999999943;0;0;0;0;0.0800000000000125;0.6700000000000728
1690544372;0.93000000000211;0.01999999999999602;0;0;0;0;0.08999999999997499;0.9200000000000728
1690544373;0.8399999999983265;0.12000000000000455;0;0;0.009999999999999787;0.010000000000005116;0.11000000000004206;0.9199999999999591
1690544374;0.9600000000009459;0.5399999999999991;0;0;0;0.009999999999990905;0.04999999999998295;0.42999999999995
1690544375;0.9099999999998545;0.020000000000003126;0;0;0;0;0.14000000000001478;0.9100000000000819
1690544376;0.8999999999996362;0.02999999999999403;0;0;0.019999999999999574;0;0.06999999999999318;0.9499999999999318
1690544377;0.8900000000012369;0.23000000000001108;0;0;0.009999999999999787;0;0.06999999999999318;0.7700000000000955
1690544378;0.8399999999983265;0.269999999999996;0;0;0.019999999999999574;0.01999999999999602;0.25;0.5799999999999272
1690544379;0.9700000000011642;1;0;0;0;0;0.010000000000019327;0.05000000000006821
1690544380;1.0099999999983993;0.6199999999999974;0;0;0.009999999999999787;0;0.11999999999997613;0.15999999999985448
1690544381;1.8100000000013097;0.07000000000000739;0;0;0;0.010000000000005116;0.03999999999999204;0.060000000000172804
1690544382;1.930000000000291;0;0;0;0;0;0.030000000000001137;0.049999999999954525
1690544383;1.819999999999709;0;0;0;0.009999999999999787;0.010000000000005116;0.03999999999999204;0.11999999999989086
1690544384;1.930000000000291;0;0;0;0;0;0.030000000000001137;0.029999999999972715
1690544385;1.8999999999996362;0;0;0;0;0;0.020000000000010232;0.029999999999972715
1690544386;1.9599999999991269;0.03999999999999204;0;0;0.009999999999999787;0;0.03999999999999204;0.060000000000172804
1690544387;1.8400000000001455;0;0;0;0;0;0.020000000000010232;0.03999999999996362
1690544388;1.9100000000016735;0;0;0;0;0;0.030000000000001137;0.049999999999954525
1690544389;1.9499999999989086;0;0;0;0;0;0.009999999999990905;0.029999999999972715
1690544390;1.9400000000005093;0;0;0;0;0;0.010000000000019327;0.030000000000086402
1690544391;1.9200000000000728;0;0;0;0;0;0.029999999999972715;0.009999999999990905
1690544392;1.9199999999982538;0;0;0;0;0;0.020000000000038654;0.06999999999993634
1690544393;1.9000000000014552;0;0;0;0;0;0.04999999999998295;0.05000000000006821
1690544394;1.930000000000291;0;0;0;0;0;0.03999999999999204;0.01999999999998181
1690544395;1.9199999999982538;0;0;0;0;0;0.020000000000010232;0.029999999999972715
1690544396;1.9000000000014552;0;0;0;0;0;0.030000000000001137;0.03999999999996362
1690544397;1.9500000000007276;0;0;0;0;0;0.01999999999998181;0.029999999999972715
1690544398;1.889999999997599;0;0;0;0;0;0.03999999999999204;0.03999999999996362
1690544399;1.9800000000013824;0;0;0;0;0;0;0.030000000000086402
1690544400;1.8800000000010186;0.009999999999990905;0;0;0;0;0.060000000000030695;0.05000000000006821
1690544401;1.9199999999982538;0.020000000000010232;0;0;0;0;0.03999999999996362;0.03999999999996362
1690544402;1.8700000000008004;0;0;0;0;0;0.020000000000038654;0.06999999999993634
1690544403;1.8999999999996362;0.009999999999990905;0;0;0.009999999999999787;0.009999999999990905;0.029999999999972715;0.04000000000007731
1690544404;1.9400000000005093;0;0;0;0;0;0.010000000000019327;0.01999999999998181
1690544405;1.930000000000291;0;0;0;0;0;0.030000000000001137;0.03999999999996362
1690544406;1.7399999999997817;0.010000000000005116;0;0;0;0;0.08999999999997499;0.14999999999997726
1690544407;1.9399999999986903;0;0;0;0;0;0;0
1690544408;1.93000000000211;0;0;0;0;0;0.040000000000020464;0.04000000000007731
1690544409;1.9199999999982538;0;0;0;0;0;0.020000000000010232;0.029999999999972715
1690544410;1.9400000000023283;0;0;0;0;0;0.03999999999996362;0.029999999999972715
1690544411;1.8799999999973807;0.010000000000005116;0;0;0;0;0.03000000000002956;0.07000000000005002
1690544412;1.9200000000018917;0;0;0;0;0.010000000000005116;0.009999999999990905;0.05999999999994543
1690544413;1.929999999998472;0;0;0;0;0;0;0.01999999999998181
1690544414;1.890000000001237;0;0;0;0;0;0.030000000000001137;0.05000000000006821
1690544415;1.9200000000000728;0;0;0;0.009999999999999787;0;0.020000000000010232;0.04000000000007731
1690544416;1.9399999999986903;0;0;0;0;0;0.01999999999998181;0.05999999999994543
1690544417;1.9600000000009459;0;0;0;0;0;0.030000000000001137;0.01999999999998181
1690544418;1.9200000000000728;0;0;0;0;0;0;0.029999999999972715
1690544419;1.9099999999998545;0;0;0;0;0;0.040000000000020464;0.029999999999972715
1690544420;1.930000000000291;0;0;0;0;0;0.030000000000001137;0.029999999999972715
1690544421;1.929999999998472;0;0;0;0;0;0.030000000000001137;0.05000000000006821
1690544422;1.9400000000005093;0;0;0;0;0;0.009999999999990905;0.05999999999994543
1690544423;1.9400000000005093;0;0;0;0;0;0.01999999999998181;0.04000000000007731
1690544424;1.8799999999991996;0;0;0;0;0;0.03000000000002956;0.03999999999996362
1690544425;1.8999999999996362;0;0;0;0;0;0.01999999999998181;0.06000000000005912
1690544426;1.93000000000211;0;0;0;0;0.010000000000005116;0.030000000000001137;0.05999999999994543
1690544427;1.9399999999986903;0;0;0;0;0;0;0.01999999999998181
1690544428;1.9400000000005093;0;0;0;0;0;0.009999999999990905;0.01999999999998181
