Time;{instance="10.164.0.10:9100"};{instance="10.164.0.11:9100"};{instance="10.164.0.12:9100"};{instance="10.164.0.3:9100"};{instance="10.164.0.4:9100"};{instance="10.164.0.5:9100"};{instance="10.164.0.6:9100"};{instance="10.164.0.7:9100"};{instance="10.164.0.8:9100"};{instance="10.164.0.9:9100"}
1753797420;0;0;0;0;0;0;0;0;0;0
1753797421;0;0;0;0;0;0;0;0;0;0
1753797422;0;0;0;0;0;0;0;0;0;0
1753797423;0;0;0;0;0;0;0;0;0;0
1753797424;0;0;0;0;0;0;0;0;0;0
1753797425;0;0;0;0;0;0;0;0;0;0
1753797426;0;0;0;0;0;65536;0;0;0;0
1753797427;0;0;0;0;0;0;0;0;0;0
1753797428;0;0;0;0;0;0;0;0;0;0
1753797429;0;0;0;0;0;0;0;0;0;0
1753797430;0;0;0;0;0;0;0;0;0;0
1753797431;0;0;0;0;0;0;0;0;0;0
1753797432;0;0;0;0;0;0;0;0;0;0
1753797433;0;0;0;0;0;0;0;0;0;0
1753797434;0;0;0;0;0;0;0;0;0;0
1753797435;110592;0;0;0;0;0;0;0;0;0
1753797436;0;0;0;0;0;0;0;0;0;0
1753797437;0;0;0;0;0;0;0;0;0;0
1753797438;0;0;0;0;0;0;0;0;0;0
1753797439;0;0;0;0;0;0;0;0;0;0
1753797440;0;0;0;0;0;0;0;0;0;0
1753797441;0;0;0;0;0;0;0;0;0;0
1753797442;0;0;0;0;0;0;0;0;0;0
1753797443;0;0;0;0;0;0;0;0;0;0
1753797444;0;0;0;0;0;0;0;0;0;0
1753797445;0;0;0;0;0;0;0;0;0;0
1753797446;0;0;0;0;0;0;0;0;0;0
1753797447;0;0;0;0;0;0;0;0;0;0
1753797448;0;0;0;0;0;0;0;0;0;0
1753797449;0;0;0;0;0;0;0;0;0;0
1753797450;0;0;0;0;0;0;0;0;0;0
1753797451;0;0;0;0;0;0;0;0;0;0
1753797452;0;0;0;0;0;0;0;0;0;0
1753797453;0;0;0;0;0;0;0;0;0;0
1753797454;0;0;0;0;0;0;0;0;0;0
1753797455;0;0;0;0;0;0;0;0;0;0
1753797456;0;0;0;0;0;0;0;0;0;0
1753797457;0;0;0;0;0;0;0;0;0;0
1753797458;0;0;0;0;0;0;0;0;0;0
1753797459;0;0;0;0;0;0;0;0;0;0
1753797460;0;0;0;0;0;0;0;0;0;0
1753797461;0;0;0;0;0;0;0;0;0;0
1753797462;0;0;0;0;0;0;0;0;0;0
1753797463;0;0;0;0;0;0;0;0;0;0
1753797464;0;0;0;0;0;0;0;0;0;0
1753797465;0;0;0;0;0;0;0;0;0;0
1753797466;0;0;0;0;0;0;0;0;0;0
1753797467;0;0;0;0;0;0;0;0;0;0
1753797468;0;0;0;0;0;0;0;0;0;0
1753797469;0;0;0;0;0;0;0;0;0;0
1753797470;0;0;0;0;0;0;0;0;0;0
1753797471;0;0;0;0;0;0;0;0;0;0
1753797472;0;0;0;0;0;0;0;0;0;0
1753797473;0;0;0;0;0;0;0;0;0;0
1753797474;0;0;0;0;0;0;0;0;0;0
1753797475;0;0;0;0;0;0;0;0;0;0
1753797476;0;0;0;0;0;0;0;0;0;0
1753797477;0;0;0;0;0;0;0;0;0;0
1753797478;0;0;0;0;0;0;0;0;0;0
1753797479;0;0;0;0;0;0;0;0;0;0
1753797480;0;0;0;0;0;0;0;0;0;0
1753797481;0;0;1503232;434176;0;0;0;192512;0;4096
1753797482;8192;65536;2142208;5922816;4096;12288;6115328;0;4075520;4931584
1753797483;5521408;0;196608;618496;6303744;6582272;0;0;192512;507904
1753797484;581632;0;0;0;679936;192512;716800;0;0;192512
1753797485;0;0;0;0;0;131072;0;0;0;0
1753797486;0;0;0;8192;0;0;0;0;73728;0
1753797487;0;0;77824;0;0;0;0;0;0;0
1753797488;0;0;0;0;131072;0;0;0;0;0
1753797489;0;0;0;4096;0;0;12288;0;53248;0
1753797490;0;0;24576;28672;0;0;0;0;16384;0
1753797491;20480;0;0;0;0;24576;0;0;0;0
1753797492;0;0;0;0;0;8192;0;0;0;0
1753797493;0;0;4096;0;0;0;0;0;0;0
1753797494;0;0;0;0;0;0;0;0;0;0
1753797495;0;0;0;0;0;0;0;0;0;0
1753797496;0;0;0;0;65536;0;0;0;0;0
1753797497;0;0;0;0;0;0;0;0;4096;73728
1753797498;0;0;0;0;0;4096;0;0;0;0
1753797499;0;0;0;0;0;0;0;0;0;0
1753797500;0;0;0;0;0;0;0;0;0;0
1753797501;0;0;0;0;0;0;0;0;0;20480
1753797502;0;2945024;0;0;0;0;0;5967872;0;0
1753797503;0;192512;0;0;0;0;0;655360;102400;0
1753797504;0;679936;0;0;0;0;0;192512;0;0
1753797505;0;0;4096;0;0;0;0;0;0;0
1753797506;0;0;0;0;0;0;0;0;0;0
1753797507;0;0;0;0;0;0;0;0;0;0
1753797508;0;0;0;0;0;0;0;0;0;0
1753797509;0;0;69632;0;0;0;0;0;0;0
1753797510;0;0;0;0;0;0;0;0;0;0
1753797511;0;0;0;0;0;0;0;0;0;0
1753797512;0;20480;0;0;0;0;0;0;0;0
1753797513;0;0;0;0;118784;0;0;0;0;0
1753797514;0;0;0;65536;0;0;0;0;0;0
1753797515;0;0;0;0;0;0;0;4096;8192;0
1753797516;0;0;0;0;0;0;0;0;16384;0
1753797517;0;0;0;0;0;4096;0;0;69632;0
1753797518;0;0;0;8192;0;0;0;0;0;0
1753797519;0;4096;0;0;0;0;0;0;0;0
1753797520;0;0;0;0;0;4096;0;0;0;0
1753797521;0;0;0;0;0;0;0;0;0;0
1753797522;0;0;0;8192;0;0;0;0;0;0
1753797523;0;0;0;0;0;0;0;0;0;0
1753797524;0;0;0;0;0;0;0;0;0;0
1753797525;0;0;0;0;0;0;0;65536;0;0
1753797526;0;0;0;0;0;0;0;0;73728;0
1753797527;0;0;0;0;0;0;0;0;53248;0
1753797528;0;0;0;32768;0;0;0;8192;0;0
1753797529;0;0;0;266240;0;0;8192;0;0;0
1753797530;24576;0;0;0;0;0;8192;0;118784;0
1753797531;0;0;0;73728;4096;102400;450560;69632;204800;0
1753797532;8192;0;0;16384;0;131072;221184;0;118784;0
1753797533;57344;0;0;8192;98304;0;12288;0;0;0
1753797534;425984;0;98304;0;135168;212992;0;0;0;131072
1753797535;12288;0;0;376832;24576;0;0;0;4096;0
1753797536;0;0;45056;303104;385024;0;303104;0;229376;0
1753797537;0;0;0;94208;0;12288;114688;0;622592;90112
1753797538;0;0;4096;851968;0;0;4096;0;0;0
1753797539;131072;0;81920;159744;53248;0;0;0;0;4096
1753797540;196608;8192;385024;0;237568;0;131072;0;0;0
1753797541;0;0;0;135168;229376;380928;442368;0;135168;180224
1753797542;0;0;0;0;4096;98304;86016;0;0;0
1753797543;434176;0;0;0;417792;0;0;0;0;0
1753797544;204800;0;0;0;139264;593920;0;0;0;176128
1753797545;0;4096;0;0;0;0;0;0;0;98304
1753797546;0;0;196608;155648;49152;0;262144;0;0;0
1753797547;0;0;0;4096;0;131072;12288;0;0;507904
1753797548;0;0;0;20480;0;0;0;0;0;16384
1753797549;4096;8192;413696;16384;8192;69632;0;8192;0;0
1753797550;4096;0;237568;0;0;0;0;0;0;0
1753797551;0;4096;4096;0;0;28672;61440;0;106496;131072
1753797552;0;0;4096;4096;0;49152;4096;73728;4096;0
1753797553;8192;0;0;4096;8192;0;0;4096;0;4096
1753797554;0;32768;122880;0;0;24576;0;0;0;0
1753797555;81920;0;2080768;3411968;81920;0;2809856;0;2088960;1208320
1753797556;2318336;0;86016;0;3145728;2752512;0;0;32768;77824
1753797557;647168;0;0;0;0;0;0;0;0;118784
1753797558;4096;0;0;0;40960;0;0;32768;221184;0
1753797559;0;0;4096;0;36864;0;0;0;0;36864
1753797560;0;0;0;221184;0;0;0;0;73728;0
1753797561;0;0;385024;319488;0;0;0;65536;0;65536
1753797562;0;0;0;3866624;0;0;0;0;0;0
1753797563;0;655360;4096;5390336;0;4096;589824;995328;0;4096
1753797564;0;0;4096;23371776;3735552;0;4456448;0;0;0
1753797565;0;0;0;6283264;14102528;4784128;5832704;0;6983680;679936
1753797566;3346432;0;73728;9363456;12533760;13041664;24391680;0;11878400;352256
1753797567;21295104;0;200704;5783552;13578240;17317888;4116480;0;27705344;3080192
1753797568;3833856;0;6709248;2420736;2924544;17432576;2605056;208896;10055680;16121856
1753797569;2699264;204800;5365760;4616192;8060928;4341760;8597504;405504;8294400;19390464
1753797570;7712768;7733248;9187328;8388608;2138112;9019392;3809280;1753088;8482816;13955072
1753797571;3846144;1691648;12603392;10616832;3153920;6189056;5799936;1978368;6266880;25538560
1753797572;3854336;716800;2961408;11010048;10055680;12587008;18182144;8450048;17039360;6488064
1753797573;6524928;7163904;3698688;14848000;10223616;18481152;8105984;1462272;20316160;5013504
1753797574;8400896;872448;5148672;12746752;10182656;14024704;4632576;192512;21889024;10739712
1753797575;9306112;2457600;27656192;10223616;12058624;26738688;7479296;1159168;23330816;6164480
1753797576;11403264;1781760;14716928;9437184;12189696;12017664;5767168;7397376;25296896;17563648
1753797577;12951552;974848;21438464;17563648;14680064;8232960;5898240;5898240;5505024;14680064
1753797578;14675968;794624;13398016;41418752;13762560;15728640;4849664;3735552;6160384;15466496
1753797579;9437184;90112;10092544;46661632;10747904;14024704;4849664;839680;4063232;21102592
1753797580;10223616;5099520;6299648;49938432;10784768;9977856;12120064;2142208;4718592;21450752
1753797581;13631488;172032;14684160;40488960;13369344;18874368;28979200;212992;10178560;28012544
1753797582;39837696;4096;12845056;43646976;33771520;18743296;47841280;401408;13283328;14553088
1753797583;35782656;69632;15978496;37470208;41340928;17563648;46923776;172032;18087936;24379392
1753797584;44564480;176128;20316160;28180480;39845888;16121856;41549824;163840;6815744;14970880
1753797585;42336256;241664;11534336;25690112;41156608;14680064;42688512;21962752;393216;14221312
1753797586;39845888;0;13893632;31395840;41680896;17825792;45481984;4775936;1310720;20840448
1753797587;45219840;90112;20316160;9961472;34865152;31592448;33034240;0;19791872;13500416
1753797588;44433408;139264;43782144;6684672;40878080;42074112;47054848;0;24248320;16777216
1753797589;43253760;0;38535168;10485760;43700224;41025536;28450816;126976;21626880;16777216
1753797590;21102592;6266880;38928384;12189696;35786752;28311552;7864320;483328;25427968;16908288
1753797591;7213056;16543744;28835840;17694720;7475200;23728128;4194304;176128;18087936;23068672
1753797592;8650752;0;27525120;5898240;4980736;28770304;4456448;335872;16646144;43515904
1753797593;7995392;20480;30670848;262144;3801088;39321600;10747904;0;7487488;42336256
1753797594;11665408;0;41156608;1413120;9830400;37355520;10985472;12288;23330816;37748736
1753797595;9043968;12288;42991616;26869760;11141120;43515904;17039360;106496;43515904;40894464
1753797596;10485760;118784;44302336;22806528;11534336;40894464;5636096;0;40239104;34734080
1753797597;3276800;0;15597568;20451328;15204352;11653120;262144;0;35917824;29753344
1753797598;262144;4096;7471104;17174528;1441792;7856128;3932160;0;45875200;41680896
1753797599;577536;172032;9568256;15990784;262144;11796480;24739840;0;26345472;42336256
1753797600;18612224;0;9830400;16551936;9699328;12845056;22421504;0;31330304;32768000
1753797601;18743296;0;10498048;12906496;27394048;17432576;15466496;0;32641024;5767168
1753797602;23199744;991232;6823936;20582400;20713472;5505024;13762560;0;28966912;5189632
1753797603;11276288;8192;13643776;45219840;13635584;262144;20451328;212992;39714816;6164480
1753797604;12713984;106496;655360;42467328;12984320;262144;23461888;0;50724864;7471104
1753797605;15728640;0;262144;45563904;16646144;6361088;10616832;0;49938432;11665408
1753797606;23986176;0;17432576;49283072;15204352;22679552;30101504;4096;47054848;12320768
1753797607;9961472;4096;22667264;36339712;13631488;16003072;45481984;86016;41684992;13893632
1753797608;21495808;8192;21102592;22118400;16785408;15335424;43646976;4096;53346304;1310720
1753797609;44314624;0;13238272;21106688;28839936;21635072;47841280;0;62050304;393216
1753797610;39583744;4096;19927040;29360128;41156608;21233664;46792704;851968;31801344;3145728
1753797611;40116224;126976;22413312;39845888;39780352;22675456;39583744;12288;20185088;29229056
1753797612;33554432;65536;11927552;47841280;50200576;9437184;34471936;0;40509440;25690112
1753797613;18612224;0;15597568;42860544;41287680;25034752;42860544;0;17170432;23724032
1753797614;34340864;126976;37224448;44040192;32768000;32964608;38666240;0;19267584;22806528
1753797615;40853504;0;40361984;47648768;42467328;35651584;34496512;0;39346176;27287552
1753797616;45297664;6815744;35651584;51122176;44548096;39743488;24117248;6819840;25427968;9179136
1753797617;42987520;0;46796800;55574528;44171264;41553920;23199744;0;22024192;11407360
1753797618;44433408;32768;44171264;40501248;41943040;42336256;24772608;24576;27394048;38273024
1753797619;40779776;24576;33198080;10457088;40710144;39456768;48693248;0;27291648;35651584
1753797620;27922432;0;23990272;23068672;40873984;22409216;52035584;0;12005376;31981568
1753797621;18137088;167936;21102592;42545152;27811840;21889024;49020928;0;15597568;28016640
1753797622;37060608;86016;18214912;13201408;30670848;23855104;48889856;12288;26083328;24903680
1753797623;40243200;90112;26607616;15466496;25337856;19234816;26079232;77824;4042752;33685504
1753797624;43909120;0;19398656;21757952;17440768;22806528;46792704;0;1626112;37261312
1753797625;7823360;4096;42213376;26214400;46186496;44433408;17657856;0;4849664;38141952
1753797626;5570560;4096;44257280;33480704;41472000;44490752;17391616;0;3407872;30408704
1753797627;6397952;4096;42635264;21233664;35356672;43122688;26210304;0;17956864;28573696
1753797628;27066368;4096;40763392;23592960;33685504;47972352;22282240;176128;2883584;42598400
1753797629;40239104;0;38010880;17424384;7262208;46530560;31649792;4096;3117056;42598400
1753797630;28835840;0;37617664;18219008;16121856;32899072;11796480;4096;229376;6955008
1753797631;22413312;0;48406528;25812992;23138304;29601792;13053952;0;12288;23855104
1753797632;21364736;45056;41943040;2670592;17092608;32235520;11796480;0;5464064;31326208
1753797633;9568256;0;29884416;1572864;15728640;41922560;13635584;0;679936;41762816
1753797634;15859712;0;38264832;4337664;24248320;25952256;18604032;0;24395776;40669184
1753797635;23404544;4096;11534336;1794048;14548992;11272192;17596416;0;233472;20709376
1753797636;23990272;4096;14548992;4194304;26480640;17354752;23810048;0;6057984;23711744
1753797637;18219008;0;16392192;19632128;18214912;25165824;1835008;0;4096;21233664
1753797638;12115968;0;16445440;6877184;18612224;24248320;1048576;0;0;36806656
1753797639;13123584;0;20840448;188416;15892480;29622272;4325376;0;425984;21233664
1753797640;28966912;0;32325632;712704;17813504;13434880;917504;0;0;45613056
1753797641;17276928;0;13955072;0;1966080;26214400;11784192;0;1794048;21225472
1753797642;18219008;20480;6684672;237568;917504;18481152;12648448;0;0;12451840
1753797643;10977280;0;18087936;5734400;4587520;10354688;2490368;0;307200;18874368
1753797644;31285248;0;22147072;20770816;835584;6553600;0;0;491520;31617024
1753797645;2334720;94208;14024704;1937408;4399104;8093696;0;16384;0;21745664
1753797646;1572864;0;15990784;204800;21098496;20054016;3903488;4096;3829760;22724608
1753797647;3846144;4096;20316160;126976;2359296;8724480;2662400;32768;98304;15990784
1753797648;2031616;0;8388608;4096;282624;1966080;65536;8192;0;19529728
1753797649;4038656;0;1572864;0;0;2621440;4694016;16384;405504;15642624
1753797650;20054016;122880;393216;0;16384;2490368;2064384;200704;0;8880128
1753797651;3190784;118784;4587520;0;11534336;4280320;36864;4096;0;12439552
1753797652;98304;0;524288;4096;106496;20447232;;20480;0;5365760
1753797653;7856128;0;14290944;0;200704;737280;;0;630784;19791872
1753797654;131072;0;9981952;0;26648576;2441216;812633.266533066;0;0;7974912
1753797655;4583424;24576;1179648;0;4943872;548864;0;0;212992;3395584
1753797656;1323008;122880;1343488;0;978944;0;0;237568;0;2621440
1753797657;49152;4096;0;3334144;475136;12288;217088;0;0;2490368
1753797658;1724416;0;8192;0;0;12578816;0;94208;0;1966080
1753797659;20922368;69632;741376;0;1175552;28545024;24576;0;212992;16617472
1753797660;4009984;1146880;7782400;0;0;163840;192512;0;0;7602176
1753797661;643072;4096;26263552;0;0;503808;344064;0;0;2097152
1753797662;0;7946240;5869568;1511424;4206592;0;0;0;0;253952
1753797663;446464;0;0;229376;114688;0;0;77824;0;16384
1753797664;0;0;348160;0;0;0;176128;36864;0;9478144
1753797665;933888;602112;65536;430080;0;0;0;122880;0;5701632
1753797666;0;172032;0;0;1257472;0;0;184320;0;1196032
1753797667;155648;0;745472;40960;163840;57344;303104;4096;233472;32219136
1753797668;61440;319488;0;32768;0;503808;0;4096;0;10031104
1753797669;4096;0;4096;0;0;147456;77824;0;0;184320
1753797670;65536;0;688128;0;131072;2015232;0;0;0;110592
1753797671;319488;0;0;110592;0;4100096;184320;106496;0;0
1753797672;0;12288;0;0;266240;266240;36864;12214272;0;131072
1753797673;0;8192;0;0;0;114688;0;1249280;0;352256
1753797674;0;0;425984;4096;0;28672;0;262144;0;0
1753797675;266240;729088;5189632;1187840;0;0;77824;24576;118784;249856
1753797676;0;1941504;114688;110592;1196032;1130496;0;860160;0;0
1753797677;4096;1118208;114688;0;0;0;0;0;0;16384
1753797678;0;6475776;0;0;0;0;0;0;0;0
1753797679;0;0;0;0;0;0;49152;0;630784;0
1753797680;0;0;0;90112;0;0;0;4096;507904;0
1753797681;36864;4501504;565248;258048;217088;40960;73728;69632;24576;0
1753797682;479232;1138688;0;425984;323584;856064;4096;32768;225280;86016
1753797683;806912;0;0;4096;16384;1310720;0;0;827392;0
1753797684;0;0;0;0;90112;323584;8192;;0;61440
1753797685;0;1929216;0;0;262144;458752;0;;0;0
1753797686;0;4849664;0;0;294912;0;0;0;0;94208
1753797687;126976;8962048;0;126976;131072;0;0;0;4096;12288
1753797688;118784;274432;0;217088;0;0;0;139264;0;0
1753797689;32768;0;20480;65536;155648;0;974848;0;1097728;0
1753797690;0;0;0;0;0;0;4096;716800;262144;0
1753797691;253952;0;593920;135168;200704;1347584;516096;5537792;221184;86016
1753797692;0;69632;0;0;0;622592;4096;217088;61440;94208
1753797693;0;0;356352;131072;0;0;0;3469312;0;73728
1753797694;0;565248;0;102400;0;12288;0;4173824;0;892928
1753797695;0;61440;4096;159744;0;0;122880;1880064;4096;2039808
1753797696;0;106496;0;0;376832;4096;0;4096;0;143360
1753797697;0;438272;81920;0;0;0;610304;0;73728;106496
1753797698;0;0;4096;0;131072;0;233472;0;0;20480
1753797699;241664;8192;0;0;0;0;126976;0;0;0
1753797700;0;0;1191936;24576;65536;126976;0;49152;0;0
1753797701;0;4096;0;69632;73728;0;28672;380928;204800;69632
1753797702;569344;0;0;4096;0;0;0;0;12288;0
1753797703;0;0;106496;1155072;0;0;0;372736;0;0
1753797704;0;8192;0;1110016;0;0;36864;24576;126976;0
1753797705;0;24576;0;204800;290816;4096;282624;0;0;0
1753797706;0;479232;0;0;0;0;1802240;0;12288;557056
1753797707;196608;0;0;0;0;4096;532480;176128;106496;0
1753797708;4096;0;0;0;1167360;0;0;0;0;114688
1753797709;499712;0;4096;0;184320;2084864;143360;0;0;110592
1753797710;0;20480;0;0;212992;0;106496;20480;126976;4096
1753797711;0;114688;69632;286720;327680;32768;0;0;45056;610304
1753797712;98304;1163264;0;368640;0;131072;294912;1335296;4096;1200128
1753797713;36864;0;0;0;0;81920;0;0;90112;0
1753797714;0;0;892928;4096;0;0;98304;36864;0;0
1753797715;28672;0;856064;0;0;0;0;0;12115968;249856
1753797716;0;0;45056;4096;0;0;0;0;16515072;0
1753797717;0;94208;528384;544768;0;0;0;0;15339520;0
1753797718;0;0;0;0;0;0;0;0;17170432;110592
1753797719;0;0;0;0;0;0;6131712;0;10747904;0
1753797720;0;0;0;4096;49152;0;217088;323584;9830400;0
1753797721;774144;0;1630208;0;0;4096;282624;0;5509120;0
1753797722;0;352256;0;0;0;0;0;0;11796480;0
1753797723;77824;0;0;413696;0;0;0;323584;12058624;0
1753797724;0;0;0;0;0;0;0;20480;10698752;61440
1753797725;131072;237568;0;450560;139264;0;184320;57344;32301056;0
1753797726;0;0;0;0;327680;94208;0;110592;94208;94208
1753797727;0;0;1228800;8192;0;0;0;0;98304;282624
1753797728;0;0;0;131072;0;0;0;0;4096;516096
1753797729;0;0;0;12288;69632;245760;0;0;49152;991232
1753797730;65536;0;0;32768;0;245760;0;0;10268672;40960
1753797731;0;0;0;0;0;0;143360;0;0;4096
1753797732;131072;0;188416;0;0;380928;16384;20480;143360;0
1753797733;0;0;0;0;86016;0;0;114688;61440;192512
1753797734;0;167936;8192;4096;0;0;106496;20480;0;12288
1753797735;0;815104;0;131072;327680;0;0;0;487424;36864
1753797736;90112;4096;0;1028096;0;221184;24576;0;180224;696320
1753797737;0;81920;0;3354624;0;0;4096;0;0;12288
1753797738;0;294912;0;688128;0;0;0;0;45056;14336000
1753797739;0;671744;0;0;0;0;0;0;0;29179904
1753797740;0;380928;0;0;0;0;208896;331776;147456;18612224
1753797741;0;0;0;0;0;0;0;0;0;21311488
1753797742;348160;0;0;0;0;0;1449984;0;90112;25350144
1753797743;249856;0;131072;0;0;0;225280;0;77824;19730432
1753797744;0;110592;0;0;106496;0;466944;98304;323584;18059264
1753797745;0;24576;90112;126976;151552;0;32768;0;262144;24535040
1753797746;0;204800;0;0;131072;0;258048;4096;0;14708736
1753797747;0;0;122880;0;200704;0;0;0;598016;15593472
1753797748;4096;131072;0;0;0;258048;0;544768;0;13271040
1753797749;0;0;0;86016;188416;0;356352;0;4096;29446144
1753797750;0;24576;0;0;0;106496;0;0;0;22151168
1753797751;0;16384;49152;0;0;0;0;0;4096;24649728
1753797752;0;45056;0;0;0;0;4096;0;4096;25104384
1753797753;0;0;69632;0;0;0;0;0;4096;17039360
1753797754;0;114688;0;8192;0;0;0;507904;4096;19701760
1753797755;0;0;0;901120;0;0;0;0;0;23592960
1753797756;0;0;0;147456;0;94208;0;77824;0;23592960
1753797757;0;0;;36864;0;0;0;0;110592;9326592
1753797758;0;0;0;24576;0;0;0;0;0;11268096
1753797759;126976;4096;0;0;0;0;167936;4096;0;19922944
1753797760;0;0;0;0;0;0;0;81920;147456;22020096
1753797761;0;0;0;110592;0;0;36864;315392;995328;26292224
1753797762;0;20480;0;0;0;0;12288;0;0;21508096
1753797763;0;765952;0;204800;0;126976;0;0;0;20553728
1753797764;0;0;1228800;1175552;610304;0;0;0;131072;23502848
1753797765;0;4096;0;172032;204800;0;0;0;0;11288576
1753797766;0;3993600;0;4096;0;0;1114112;0;524288;7880704
1753797767;0;0;0;0;0;0;45056;0;0;8519680
1753797768;0;0;0;0;0;0;0;204800;0;15851520
1753797769;0;0;0;4096;0;0;4096;0;0;31764480
1753797770;0;0;0;0;102400;0;0;0;8192;29728768
1753797771;0;0;0;0;94208;0;106496;0;4096;15351808
1753797772;167936;0;0;0;0;0;4096;0;65536;21172224
1753797773;0;4096;0;0;0;0;0;0;118784;25153536
1753797774;0;249856;0;544768;0;0;81920;0;0;21860352
1753797775;0;0;0;0;0;0;0;630784;8192;23797760
1753797776;0;0;0;4096;0;0;0;0;0;23928832
1753797777;0;53248;0;12288;0;0;36864;0;0;16564224
1753797778;0;131072;0;12288;0;0;0;0;4096;19795968
1753797779;0;286720;28672;4096;0;0;122880;0;81920;24076288
1753797780;0;0;0;192512;0;0;0;0;0;33406976
1753797781;0;0;352256;4096;0;0;4096;0;315392;18219008
1753797782;0;184320;643072;184320;0;0;0;0;0;16629760
1753797783;0;217088;0;90112;0;0;0;69632;0;14053376
1753797784;0;0;0;0;0;0;0;180224;65536;3932160
1753797785;0;0;0;94208;0;0;0;0;0;8912896
1753797786;0;0;0;0;0;0;0;61440;0;20971520
1753797787;0;0;102400;0;0;0;81920;102400;0;24141824
1753797788;0;0;0;0;90112;0;0;155648;0;23654400
1753797789;0;0;0;0;0;0;0;0;0;24571904
1753797790;0;73728;204800;163840;0;0;0;0;0;17039360
1753797791;73728;45056;0;0;0;0;8192;122880;98304;16101376
1753797792;184320;0;61440;0;0;0;4096;110592;0;15888384
1753797793;0;12288;0;0;0;0;0;0;0;15859712
1753797794;0;0;0;0;0;0;200704;442368;0;14548992
1753797795;40960;81920;0;299008;0;0;155648;352256;110592;12386304
1753797796;0;8192;0;258048;167936;131072;0;483328;0;19005440
1753797797;0;0;0;98304;0;0;0;61440;290816;16277504
1753797798;0;208896;0;0;0;0;0;0;0;17825792
1753797799;0;0;77824;0;0;0;0;0;90112;26099712
1753797800;0;77824;0;0;0;487424;0;630784;57344;28835840
1753797801;0;0;0;8192;131072;94208;8192;0;0;25952256
1753797802;0;212992;0;0;0;0;4096;0;0;23724032
1753797803;0;0;81920;0;0;0;0;0;630784;6279168
1753797804;0;0;0;69632;0;0;0;20480;0;11882496
1753797805;0;16384;0;16384;0;0;0;0;0;33685504
1753797806;0;110592;0;110592;0;0;4096;0;0;14286848
1753797807;892928;98304;0;0;0;0;0;0;0;16224256
1753797808;0;57344;77824;49152;0;0;4096;212992;0;28442624
1753797809;0;126976;49152;0;0;0;315392;90112;0;9306112
1753797810;0;0;0;4096;0;0;24576;0;0;9830400
1753797811;0;106496;0;4096;0;0;1085440;4096;1425408;9961472
1753797812;0;339968;0;0;0;139264;0;188416;0;11796480
1753797813;0;0;0;8192;0;0;0;0;0;11665408
1753797814;0;1122304;122880;4096;0;4096;0;61440;0;9646080
1753797815;0;16384;0;0;0;0;0;0;0;13918208
1753797816;0;0;0;471040;0;131072;45056;421888;0;13778944
1753797817;49152;0;335872;4096;0;0;307200;0;65536;24379392
1753797818;0;0;0;221184;0;0;4096;77824;16384;16904192
1753797819;0;0;0;233472;94208;0;331776;0;114688;14688256
1753797820;0;0;118784;8192;0;73728;8192;0;0;18350080
1753797821;86016;0;12288;0;131072;0;4096;299008;610304;20135936
1753797822;0;4096;0;6180864;0;618496;0;0;0;49414144
1753797823;0;0;0;0;0;0;0;0;0;80838656
1753797824;0;688128;0;0;0;0;4096;761856;0;14233600
1753797825;0;6553600;0;4096;0;0;0;0;0;34185216
1753797826;0;294912;0;0;69632;0;8192;4096;487424;20971520
1753797827;0;122880;0;0;0;0;131072;0;172032;18350080
1753797828;0;679936;0;0;0;524288;90112;0;0;15335424
1753797829;28672;0;0;0;86016;0;4096;0;204800;75628544
1753797830;0;0;0;0;0;0;0;0;81920;77721600
1753797831;0;1454080;0;0;0;81920;643072;4096;0;74932224
1753797832;0;28672;0;4096;0;3936256;0;176128;8192;73269248
1753797833;69632;122880;172032;4096;0;303104;0;0;6197248;41680896
1753797834;0;0;118784;0;0;0;212992;8192;0;4063232
1753797835;0;4096;0;0;0;0;73728;0;0;14942208
1753797836;0;0;81920;0;0;40960;4096;0;0;8867840
1753797837;0;561152;0;86016;0;2351104;0;4096;40960;10092544
1753797838;0;12308480;40960;12288;0;0;16384;0;0;16252928
1753797839;106496;27394048;0;0;0;106496;114688;4096;0;7602176
1753797840;0;25034752;421888;4096;0;0;0;139264;0;1708032
1753797841;73728;29097984;86016;233472;0;274432;32768;0;0;4194304
1753797842;0;22478848;90112;0;512000;131072;0;0;0;9297920
1753797843;61440;25952256;0;323584;0;172032;0;114688;282624;16515072
1753797844;544768;16908288;0;311296;0;962560;0;671744;0;18018304
1753797845;28672;13893632;0;40960;0;0;0;1052672;0;12582912
1753797846;0;15859712;0;0;0;0;0;21757952;0;14090240
1753797847;0;19271680;249856;0;1036288;0;0;27000832;16384;8388608
1753797848;0;21573632;0;0;0;598016;73728;25952256;0;12058624
1753797849;0;21184512;0;0;0;0;319488;28573696;0;19791872
1753797850;0;19267584;0;0;0;339968;0;23592960;0;5767168
1753797851;0;21688320;0;0;0;307200;1110016;23031808;4096;262144
1753797852;0;26738688;0;0;0;0;8192;16297984;0;917504
1753797853;0;29622272;0;0;0;0;0;12976128;0;16384000
1753797854;0;25952256;4096;0;0;0;0;9863168;0;24813568
1753797855;0;13500416;0;258048;0;0;0;7733248;0;24170496
1753797856;0;16613376;0;0;524288;0;8192;22048768;0;24903680
1753797857;0;18219008;0;0;0;0;0;14409728;0;17567744
1753797858;0;15728640;0;0;0;0;4096;22937600;0;5447680
1753797859;0;11538432;0;4096;0;0;98304;25952256;1200128;16646144
1753797860;0;9830400;0;4096;0;98304;0;26607616;475136;23609344
1753797861;204800;18432000;0;4096;0;0;0;25034752;0;23138304
1753797862;2269184;25427968;0;0;155648;0;0;14249984;0;82108416
1753797863;0;22544384;4096;0;0;225280;126976;15384576;446464;35893248
1753797864;0;24379392;1077248;0;0;0;49152;5513216;0;47710208
1753797865;0;17088512;0;126976;0;0;40960;14548992;2375680;47169536
1753797866;1150976;21237760;86016;0;942080;131072;0;7348224;20971520;42614784
1753797867;0;9613312;0;0;0;0;0;17694720;26083328;48205824
1753797868;49152;19697664;0;90112;0;0;0;14761984;21626880;80347136
1753797869;0;18612224;8192;94208;122880;143360;0;19632128;29229056;86638592
1753797870;0;34603008;258048;0;0;0;237568;24772608;31174656;12025856
1753797871;122880;19193856;0;0;114688;0;577536;23330816;24903680;11272192
1753797872;0;15200256;0;860160;131072;110592;0;20594688;18350080;27942912
1753797873;131072;30146560;0;0;0;2617344;0;15335424;18087936;19275776
1753797874;0;7462912;0;110592;0;0;0;8458240;20971520;12021760
1753797875;32768;12455936;0;245760;266240;0;1511424;24686592;16908288;38141952
1753797876;0;11272192;0;2609152;0;0;0;27656192;9961472;917504
1753797877;0;11796480;147456;151552;0;172032;8192;24379392;16646144;724992
1753797878;0;12496896;0;13864960;0;0;9003008;29229056;28786688;720896
1753797879;0;10747904;0;35389440;0;0;25944064;18087936;23711744;1245184
1753797880;0;11272192;0;31588352;0;110592;15863808;14258176;30863360;593920
1753797881;0;14286848;0;33034240;0;126976;19537920;24141824;15597568;692224
1753797882;0;24215552;0;28835840;53248;0;32243712;6684672;9568256;659456
1753797883;0;11251712;110592;28966912;0;0;33423360;11018240;31195136;8781824
1753797884;0;25165824;0;17608704;0;0;30310400;10530816;25845760;38195200
1753797885;110592;25559040;0;19533824;45056;0;26476544;13475840;38404096;12550144
1753797886;0;57741312;0;13107200;0;0;26660864;8916992;22056960;9306112
1753797887;110592;65708032;65536;12849152;0;0;23146496;4980736;23199744;577536
1753797888;0;18210816;0;14422016;0;0;14811136;13500416;19922944;516096
1753797889;131072;37167104;0;8781824;274432;45056;2756608;23724032;10358784;180224
1753797890;0;38174720;0;2883584;229376;24576;3354624;24248320;14024704;4300800
1753797891;0;48107520;0;18620416;143360;0;22102016;11235328;17039360;630784
1753797892;81920;48496640;0;14561280;0;122880;9347072;20447232;11403264;393216
1753797893;0;45797376;0;2519040;0;0;8192;13762560;19533824;131072
1753797894;0;52305920;0;40960;0;0;1863680;11993088;16953344;262144
1753797895;499712;48762880;0;0;0;0;0;13881344;30801920;1847296
1753797896;217088;45522944;110592;36864;0;540672;430080;80084992;17965056;0
1753797897;0;65011712;45056;12288;143360;0;0;44564480;25227264;12288
1753797898;20480;7192576;4096;0;0;0;131072;39845888;54001664;204800
1753797899;0;11141120;0;0;0;0;110592;37879808;85721088;9666560
1753797900;0;11272192;0;0;0;0;69632;38928384;9830400;27787264
1753797901;0;10878976;630784;0;245760;0;0;75235328;41943040;21962752
1753797902;0;14712832;409600;65536;0;0;0;77467648;39976960;17825792
1753797903;49152;9650176;0;1925120;0;118784;0;71831552;77987840;33087488
1753797904;0;9809920;86016;524288;0;0;0;64360448;85725184;21053440
1753797905;155648;10747904;0;0;0;438272;0;29806592;47714304;33980416
1753797906;86016;15204352;0;0;167936;32768;20480;4452352;53018624;21016576
1753797907;1585152;16777216;2887680;860160;69632;831488;0;11010048;57675776;22945792
1753797908;114688;15159296;73728;196608;0;0;0;6606848;26607616;10993664
1753797909;0;11796480;712704;0;0;0;0;4456448;3346432;10657792
1753797910;0;12554240;0;0;483328;610304;0;3932160;9568256;4358144
1753797911;204800;16121856;0;0;0;0;389120;14200832;13500416;577536
1753797912;0;11730944;0;0;258048;0;0;17207296;13107200;0
1753797913;0;3575808;0;0;0;0;454656;8126464;17301504;90112
1753797914;0;811008;0;0;0;0;671744;10289152;11571200;0
1753797915;0;1007616;0;1175552;0;0;0;8978432;15216640;0
1753797916;0;1228800;0;1126400;0;0;0;16506880;21102592;3964928
1753797917;282624;18481152;0;176128;4096;0;0;15331328;15859712;0
1753797918;0;27656192;0;0;36864;0;0;13500416;16646144;512000
1753797919;0;31719424;0;0;0;0;0;11534336;12582912;0
1753797920;0;24641536;0;20480;0;1585152;4096;10567680;14151680;0
1753797921;0;12922880;0;245760;0;921600;2084864;11403264;21364736;0
1753797922;2117632;17956864;0;0;0;0;0;16646144;1966080;0
1753797923;0;20709376;0;0;0;0;0;6848512;3817472;1073152
1753797924;0;28180480;0;0;2060288;0;0;262144;9043968;0
1753797925;0;80674816;90112;0;368640;0;0;262144;30756864;12288
1753797926;0;49188864;0;86016;1503232;0;1171456;2621440;22814720;36864
1753797927;94208;68161536;0;0;0;0;77824;17039360;14925824;331776
1753797928;0;72400896;0;0;0;0;0;14766080;16048128;0
1753797929;0;89772032;0;0;462848;0;1503232;12939264;19660800;0
1753797930;0;82968576;0;0;0;0;1671168;25690112;21889024;0
1753797931;0;22413312;0;0;0;0;794624;22413312;26730496;0
1753797932;0;6160384;0;0;0;0;0;16179200;68681728;81920
1753797933;0;5767168;0;0;0;184320;0;16515072;102891520;0
1753797934;0;12935168;0;0;0;0;0;16646144;111116288;110592
1753797935;0;16236544;0;0;0;0;0;15134720;111673344;131072
1753797936;0;7733248;0;77824;0;0;0;34209792;85327872;327680
1753797937;2035712;11796480;0;61440;745472;0;163840;79691776;6717440;0
1753797938;0;41287680;0;25714688;0;0;0;81264640;3932160;0
1753797939;61440;917504;0;6983680;0;0;483328;72744960;3149824;0
1753797940;0;1191936;0;753664;0;212992;0;57081856;15859712;0
1753797941;0;524288;471040;0;0;0;0;62554112;20971520;0
1753797942;0;786432;0;0;0;0;0;46628864;11927552;0
1753797943;0;524288;0;0;0;32768;0;45744128;44302336;0
1753797944;0;655360;0;602112;376832;69632;0;7602176;1048576;0
1753797945;0;14155776;0;1126400;0;0;0;2097152;655360;0
1753797946;0;29360128;0;147456;0;0;0;7471104;2465792;0
1753797947;0;13893632;0;0;0;0;913408;22724608;638976;0
1753797948;0;11337728;0;0;0;0;8998912;16121856;524288;0
1753797949;0;786432;0;208896;0;0;21958656;9437184;663552;0
1753797950;0;225280;0;0;0;143360;10326016;43077632;18612224;0
1753797951;0;131072;0;0;122880;0;98693120;2617344;30601216;0
1753797952;0;258048;0;8192;1732608;0;26009600;647168;21356544;0
1753797953;0;393216;0;307200;0;0;8171520;913408;1110016;0
1753797954;0;1417216;0;0;0;0;229376;901120;131072;0
1753797955;679936;1585152;0;0;0;0;3776512;262144;131072;110592
1753797956;0;24576;1286144;4096;598016;0;2060288;786432;131072;0
1753797957;0;0;0;2650112;180224;0;6832128;2985984;393216;0
1753797958;0;6434816;0;126976;0;0;1896448;524288;262144;0
1753797959;98304;23855104;0;0;0;0;6623232;25178112;1548288;0
1753797960;65536;21217280;0;0;159744;0;7184384;21868544;16384;0
1753797961;0;22040576;327680;0;0;0;630784;21778432;6127616;0
1753797962;0;11894784;0;0;0;1437696;401408;917504;24510464;0
1753797963;0;36429824;0;303104;0;0;6148096;200704;24219648;0
1753797964;0;9928704;0;0;0;167936;131072;0;22433792;0
1753797965;0;0;0;118784;0;0;0;131072;36831232;0
1753797966;0;32768;40960;0;118784;122880;733184;0;14794752;0
1753797967;4096;225280;0;0;0;0;6983680;131072;0;131072
1753797968;131072;0;0;0;0;0;2097152;393216;0;1585152
1753797969;0;57344;0;4096;36864;0;2670592;2818048;0;0
1753797970;0;4096;0;942080;0;237568;401408;1675264;0;0
1753797971;0;0;0;118784;245760;0;61440;65536;4096;0
1753797972;0;0;0;0;0;147456;0;1810432;0;0
1753797973;0;0;94208;0;20480;0;0;4952064;4096;143360
1753797974;0;249856;0;0;0;0;847872;16760832;520192;249856
1753797975;0;0;0;131072;0;0;0;26439680;0;172032
1753797976;8192;65536;0;0;0;0;0;20533248;0;0
1753797977;0;270336;61440;0;0;0;90112;12353536;126976;0
1753797978;0;0;1236992;0;0;430080;249856;20582400;0;65536
1753797979;0;0;0;0;0;0;0;26804224;0;86016
1753797980;0;983040;106496;0;135168;1077248;0;21680128;0;0
1753797981;0;155648;0;0;0;368640;0;29372416;0;0
1753797982;0;0;131072;0;0;1060864;77824;18444288;0;0
1753797983;0;53248;0;0;0;0;0;13651968;794624;376832
1753797984;0;81920;0;8192;0;0;1564672;8228864;0;147456
1753797985;131072;0;0;12288;0;0;106496;6426624;385024;0
1753797986;0;0;122880;12288;0;0;0;614400;0;163840
1753797987;0;0;0;0;0;196608;77824;0;0;0
1753797988;4096;0;0;57344;114688;180224;0;122880;0;0
1753797989;0;0;69632;114688;0;0;110592;0;0;0
1753797990;0;0;0;0;0;0;0;0;0;0
1753797991;0;385024;0;0;0;212992;0;2650112;0;0
1753797992;0;0;0;61440;0;0;0;0;0;241664
1753797993;0;4096;0;0;0;4096;0;0;0;0
1753797994;0;126976;0;167936;0;0;0;0;0;114688
1753797995;73728;0;0;221184;0;0;0;0;4096;0
1753797996;262144;0;0;0;0;245760;0;0;0;0
1753797997;0;0;0;0;0;0;0;0;335872;94208
1753797998;0;0;0;110592;126976;0;36864;0;69632;122880
1753797999;0;0;0;45056;0;0;0;118784;0;0
1753798000;0;0;212992;0;0;0;0;0;0;0
1753798001;200704;0;0;0;0;0;1376256;0;0;0
1753798002;0;0;0;0;0;0;53248;778240;0;0
1753798003;36864;0;0;0;4096;0;49152;0;606208;0
1753798004;0;0;0;0;0;0;122880;0;0;0
1753798005;0;0;0;266240;0;0;0;0;0;0
1753798006;0;0;0;0;0;0;290816;0;0;0
1753798007;0;0;0;0;0;0;0;0;0;0
1753798008;0;0;0;0;0;0;0;0;61440;0
1753798009;0;0;0;0;0;258048;0;0;0;0
1753798010;0;0;0;0;0;233472;98304;0;86016;126976
1753798011;0;0;122880;0;131072;0;0;0;0;151552
1753798012;172032;0;0;10964992;0;0;73728;0;0;0
1753798013;0;0;0;9572352;0;0;0;0;0;0
1753798014;0;0;0;5111808;0;126976;151552;0;0;0
1753798015;106496;0;0;6209536;0;0;126976;1449984;237568;0
1753798016;0;0;0;20054016;0;94208;0;0;2015232;0
1753798017;0;0;196608;33390592;0;0;0;249856;0;0
1753798018;0;0;0;22016000;0;0;270336;0;0;0
1753798019;0;0;0;25427968;0;0;167936;0;61440;0
1753798020;4096;0;0;25305088;0;0;0;81920;12288;2899968
1753798021;0;0;131072;24248320;0;4096;208896;204800;0;0
1753798022;0;438272;40960;25034752;4096;8192;0;0;45056;0
1753798023;0;77824;0;26214400;0;0;0;16384;0;2916352
1753798024;0;28444.444444444445;0;19791872;0;20480;0;0;188416;0
1753798025;106496;0;2088960;29220864;0;13959168;0;106496;0;0
1753798026;0;0;0;23773184;0;2887680;0;4096;0;0
1753798027;0;0;0;20840448;360448;3543040;0;110592;188416;0
1753798028;0;532480;0;11288576;0;7864320;0;0;0;0
1753798029;0;0;0;14155776;0;9306112;0;0;90112;0
1753798030;0;0;409600;11173888;0;8650752;0;0;200704;0
1753798031;0;114688;311296;16117760;131072;14585856;188416;0;618496;610304
1753798032;258048;888832;0;27394048;0;17412096;0;974848;0;0
1753798033;163840;0;0;28573696;0;16515072;1638400;0;0;0
1753798034;4096;0;0;9830400;77824;11927552;32768;0;0;0
1753798035;0;122880;0;10747904;0;5505024;2097152;225280;0;94208
1753798036;0;208896;0;23724032;262144;10616832;110592;0;0;98304
1753798037;126976;0;0;29097984;0;14417920;0;73728;0;0
1753798038;4096;0;0;25432064;0;9175040;0;0;0;0
1753798039;4096;143360;0;26214400;77824;7471104;0;163840;86016;0
1753798040;4096;0;86016;28442624;0;5505024;0;0;192512;0
1753798041;4096;0;0;19267584;0;1310720;364544;0;0;0
1753798042;0;0;0;15466496;0;1048576;0;0;0;0
1753798043;200704;0;77824;19529728;0;8257536;0;0;421888;0
1753798044;8192;0;0;22675456;0;1703936;0;0;0;32768
1753798045;0;0;0;33947648;0;3276800;0;0;0;475136
1753798046;0;0;0;27525120;4096;25845760;0;0;0;147456
1753798047;4096;0;0;27394048;0;917504;1220608;36864;0;0
1753798048;0;167936;0;20328448;0;2195456;40960;245760;0;0
1753798049;4096;0;0;15466496;0;0;40960;0;114688;0
1753798050;0;0;0;11796480;0;3350528;438272;0;184320;0
1753798051;4096;0;0;18087936;0;16515072;0;0;0;0
1753798052;8192;0;151552;30277632;0;6946816;86016;0;0;0
1753798053;8192;0;0;31588352;0;2732032;77824;73728;0;0
1753798054;0;0;0;31064064;65536;10158080;0;0;0;0
1753798055;0;0;0;26677248;0;15728640;32768;0;0;0
1753798056;0;200704;77824;27394048;90112;29851648;4096;0;0;212992
1753798057;0;0;0;24903680;0;20709376;90112;0;69632;0
1753798058;8192;0;0;18366464;0;23724032;0;0;0;0
1753798059;4096;0;0;20447232;0;23461888;1040384;0;4096;0
1753798060;0;65536;0;21364736;0;22896640;0;118784;0;0
1753798061;4096;0;0;25034752;0;25690112;102400;0;0;0
1753798062;0;0;24576;23199744;0;15466496;0;0;0;0
1753798063;94208;0;0;16121856;0;26345472;0;0;49152;0
1753798064;4096;114688;0;10096640;90112;17039360;102400;0;0;32768
1753798065;0;0;0;19406848;102400;24903680;122880;0;0;0
1753798066;0;401408;0;15728640;0;27000832;0;0;491520;0
1753798067;0;0;0;18219008;0;13893632;143360;0;0;0
1753798068;0;0;0;20152320;0;18874368;0;0;0;0
1753798069;0;0;0;17494016;0;18751488;0;0;0;0
1753798070;0;0;4096;15990784;0;20185088;0;0;0;0
1753798071;155648;0;0;30277632;0;27000832;0;258048;0;0
1753798072;434176;0;0;18087936;0;25034752;0;0;0;0
1753798073;0;221184;0;32243712;69632;6029312;0;0;131072;0
1753798074;0;0;0;28037120;0;2359296;0;0;0;0
1753798075;0;0;0;21405696;0;3538944;0;0;4096;0
1753798076;0;0;86016;16777216;0;15728640;0;0;0;0
1753798077;0;0;0;9596928;192512;26083328;0;0;0;0
1753798078;4096;0;0;10629120;0;26214400;0;0;270336;196608
1753798079;0;0;0;34275328;0;27131904;0;0;0;0
1753798080;0;0;0;19660800;0;23986176;0;0;0;0
1753798081;552960;0;409600;18612224;86016;25821184;45056;0;0;40960
1753798082;0;344064;0;28540928;110592;17043456;0;0;4096;0
1753798083;0;2117632;0;6553600;0;14024704;0;0;0;0
1753798084;0;4096;0;13369344;0;15335424;0;0;0;0
1753798085;131072;0;0;14155776;0;19263488;0;0;0;0
1753798086;36864;0;0;12845056;4096;19009536;0;0;0;188416
1753798087;0;16384;4096;10747904;4096;22544384;0;0;49152;241664
1753798088;0;102400;0;18087936;8192;23461888;0;0;0;0
1753798089;0;126976;0;25690112;0;20316160;0;172032;57344;0
1753798090;0;0;4096;15073280;12288;26083328;0;0;102400;0
1753798091;0;0;0;8519680;0;26849280;196608;0;0;0
1753798092;0;0;0;23068672;0;21757952;0;53248;0;0
1753798093;0;0;0;23855104;221184;26083328;0;0;0;0
1753798094;0;126976;0;58195968;8192;27844608;0;73728;8192;0
1753798095;0;4096;0;75173888;8192;26214400;131072;0;110592;0
1753798096;339968;0;0;21831680;0;27262976;0;0;4096;0
1753798097;86016;0;4096;44171264;0;11534336;0;0;0;0
1753798098;0;0;4096;25821184;4096;13500416;0;0;0;0
1753798099;0;4096;0;79826944;0;16990208;49152;0;0;0
1753798100;0;0;0;76914688;8192;14024704;0;0;0;0
1753798101;102400;126976;0;41811968;0;16728064;0;184320;20480;0
1753798102;0;122880;4096;35127296;4096;20054016;0;0;4096;0
1753798103;0;0;0;45481984;0;15728640;0;0;770048;0
1753798104;0;69632;0;45658112;126976;18345984;0;0;0;0
1753798105;458752;0;4096;27656192;0;22937600;0;0;0;352256
1753798106;745472;307200;8192;4063232;69632;24760320;0;0;0;118784
1753798107;917504;0;118784;16252928;126976;25690112;98304;229376;0;0
1753798108;978944;0;4096;7733248;450560;18874368;0;0;0;0
1753798109;5722112;0;131072;15044608;176128;12058624;0;0;0;0
1753798110;4194304;0;86016;13369344;0;14024704;839680;0;0;0
1753798111;8609792;0;0;9998336;0;18702336;61440;77824;0;0
1753798112;16384;0;0;9961472;0;8257536;4096;0;4096;0
1753798113;0;0;0;18612224;0;6160384;0;0;0;0
1753798114;3907584;4096;0;14995456;0;9650176;0;0;0;0
1753798115;17563648;0;0;9318400;0;17416192;90112;405504;0;0
1753798116;28966912;0;0;7716864;4096;18472960;0;0;0;24576
1753798117;28966912;0;0;11534336;86016;23986176;0;0;0;0
1753798118;33329152;0;4096;10940416;12288;17432576;0;0;73728;0
1753798119;28049408;40960;73728;12320768;0;28278784;155648;0;135168;0
1753798120;28704768;0;12288;19136512;0;21622784;200704;86016;0;24576
1753798121;21102592;0;4096;1441792;0;20795392;262144;81920;1880064;0
1753798122;24379392;0;4096;262144;0;20799488;0;0;0;0
1753798123;19169280;0;4096;6934528;643072;18612224;0;0;0;65536
1753798124;15335424;0;0;31850496;3735552;20316160;0;0;4096;65536
1753798125;7081984;0;0;27197440;7827456;20840448;0;45056;0;0
1753798126;856064;143360;0;27918336;8323072;17039360;0;0;0;0
1753798127;2363392;53248;0;17567744;8781824;14417920;114688;294912;0;0
1753798128;7344128;0;4096;13631488;3538944;28442624;0;94208;0;0
1753798129;18812928;131072;0;8388608;19484672;7811072;0;0;0;0
1753798130;8134656;0;24576;12582912;7311360;8781824;0;0;106496;0
1753798131;675840;0;0;17563648;16506880;10358784;45056;0;0;0
1753798132;0;0;0;69619712;9834496;12976128;0;0;0;0
1753798133;139264;0;32768;103022592;4505600;13180928;0;0;258048;0
1753798134;0;0;0;101187584;4063232;7471104;0;0;606208;0
1753798135;0;0;0;105512960;1572864;12976128;0;0;36864;0
1753798136;0;0;0;86470656;1835008;14299136;40960;0;0;0
1753798137;0;0;0;16908288;4583424;26476544;0;0;0;0
1753798138;0;122880;0;8781824;4325376;15450112;65536;0;0;0
1753798139;0;53248;0;21495808;5505024;16670720;0;0;589824;0
1753798140;0;0;0;17301504;3014656;17170432;0;0;27099136;0
1753798141;0;0;0;11010048;1179648;10747904;81920;53248;20971520;0
1753798142;258048;204800;4096;42860544;1478656;11534336;0;0;31719424;0
1753798143;0;131072;0;655360;2490368;37355520;0;122880;32899072;0
1753798144;0;0;0;393216;2752512;77463552;0;0;28049408;0
1753798145;0;40960;0;393216;2887680;22319104;0;0;25034752;0
1753798146;0;0;0;786432;3276800;41549824;0;0;35389440;241664
1753798147;0;0;20480;262144;1179648;34996224;0;12288;14942208;69632
1753798148;0;0;0;524288;3407872;51904512;0;0;19623936;0
1753798149;0;0;0;393216;3932160;59564032;0;0;31981568;0
1753798150;0;0;1900544;786432;6201344;72228864;0;0;8781824;0
1753798151;176128;0;21495808;1048576;6029312;75030528;0;176128;13164544;0
1753798152;0;0;8482816;42860544;4173824;73240576;0;90112;14954496;0
1753798153;0;102400;6160384;13369344;5111808;21757952;0;0;14680064;0
1753798154;0;0;4567040;11272192;5373952;3416064;0;1744896;15073280;0
1753798155;0;0;5423104;204800;7602176;11423744;0;0;27131904;0
1753798156;0;0;3219456;0;7462912;5152768;0;0;23855104;0
1753798157;0;12288;3973120;131072;11841536;4456448;0;0;9326592;0
1753798158;106496;126976;3538944;131072;3756032;7491584;0;0;22151168;0
1753798159;0;0;925696;0;7864320;15679488;0;0;26042368;0
1753798160;0;0;462848;524288;13783040;9515008;0;0;71528448;0
1753798161;0;0;262144;131072;13631488;9699328;0;245760;64417792;126976
1753798162;0;49152;917504;1613824;4927488;8937472;0;0;33030144;0
1753798163;24576;0;1703936;16384;4915200;15990784;0;0;14700544;0
1753798164;0;0;2490368;20377600;2228224;17080320;0;0;27918336;0
1753798165;0;0;3014656;3252224;9158656;10072064;0;0;21233664;0
1753798166;0;4096;3538944;17346560;8269824;14417920;15212544;0;100007936;0
1753798167;5599232;0;1441792;59449344;11300864;10080256;4186112;0;46428160;0
1753798168;15904768;0;4734976;8982528;16863232;10330112;20123648;131072;55451648;0
1753798169;909312;0;6000640;17182720;32329728;18391040;352256;3624960;67203072;0
1753798170;0;19820544;1855488;10678272;225280;38387712;86016;21614592;127504384;655360
1753798171;98304;3518464;15003648;4980736;1220608;42270720;0;25092096;48496640;8138752
1753798172;8192;4096;16740352;3145728;65536;8937472;0;36261888;8847360;19841024
1753798173;0;61366272;2310144;2043904;270336;2555904;122880;0;2723840;76124160
1753798174;0;6066176;3526656;2600960;8192;835584;0;0;2752512;8192
1753798175;0;94208;5111808;4751360;184320;745472;0;114688;1024000;0
1753798176;0;20480;1904640;1851392;540672;602112;0;0;495616;61440
1753798177;0;0;1118208;2805760;225280;548864;0;0;2568192;421888
1753798178;233472;49152;1048576;5341184;131072;0;245760;0;4063232;0
1753798179;299008;0;917504;2371584;110592;139264;49152;126976;6033408;0
1753798180;0;0;1110016;12214272;0;57344;0;131072;4976640;73728
1753798181;208896;0;917504;29200384;0;405504;143360;413696;5783552;0
1753798182;0;24576;262144;18657280;6516736;131072;0;0;9830400;90112
1753798183;532480;5804032;1126400;34017280;15466496;131072;0;0;14942208;0
1753798184;57344;5373952;2330624;32559104;23875584;131072;8790016;225280;9437184;86016
1753798185;94208;6922240;393216;15634432;20594688;6164480;122880;126976;9375744;0
1753798186;0;19718144;1716224;9662464;31326208;21495808;155648;0;10248192;0
1753798187;0;20316160;3014656;5820416;31350784;19968000;397312;0;12320768;98304
1753798188;233472;22282240;5505024;741376;26025984;22282240;126976;0;17825792;0
1753798189;114688;15204352;3932160;0;22937600;20848640;81920;0;10616832;94208
1753798190;1245184;5636096;3407872;0;21495808;18350080;4096;32768;13500416;0
1753798191;1732608;12976128;1511424;49152;21815296;7733248;0;0;11223040;0
1753798192;1863680;17301504;2056192;0;21233664;15335424;0;0;12058624;0
1753798193;1564672;23461888;7208960;0;14024704;14286848;0;0;16109568;0
1753798194;2600960;24117248;8220672;0;1572864;14680064;397312;4096;10502144;0
1753798195;2752512;21078016;1966080;0;2752512;20815872;0;0;262144;0
1753798196;4587520;21929984;2621440;122880;17829888;42074112;454656;53248;266240;0
1753798197;4718592;9572352;1265664;0;11927552;38010880;102400;0;790528;0
1753798198;5242880;10964992;1024000;0;3928064;32768000;122880;0;13107200;0
1753798199;6152192;0;5373952;0;4096;34996224;892928;0;25034752;0
1753798200;4194304;0;2621440;622592;229376;47579136;4096;0;24772608;0
1753798201;3112960;0;2355200;49152;438272;59449344;729088;0;24117248;0
1753798202;5308416;593920;3145728;0;0;58195968;0;0;20971520;0
1753798203;3424256;0;10747904;0;0;60030976;0;0;8912896;0
1753798204;4194304;0;8781824;0;0;49938432;40960;0;15466496;151552
1753798205;5660672;0;3371008;0;0;36196352;0;360448;19271680;0
1753798206;7733248;0;3801088;0;0;7372800;0;0;23068672;147456
1753798207;5767168;0;4780032;0;0;7733248;0;0;67502080;0
1753798208;4063232;0;655360;778240;0;22798336;0;0;83230720;0
1753798209;5767168;0;917504;0;0;13230080;4096;0;73269248;0
1753798210;6553600;0;786432;0;0;8544256;4096;0;57335808;0
1753798211;10584064;0;262144;4096;868352;27394048;0;53248;49512448;0
1753798212;4849664;45056;311296;0;0;21233664;0;634880;49295360;0
1753798213;12734464;4096;1495040;0;0;655360;49152;94208;58982400;0
1753798214;14286848;245760;8134656;122880;892928;262144;0;0;30277632;0
1753798215;9834496;0;5357568;0;0;659456;0;131072;12369920;0
1753798216;8323072;0;7602176;3883008;0;262144;0;0;23986176;704512
1753798217;2715648;12718080;5115904;0;0;618496;0;0;15175680;0
1753798218;1048576;12386304;5693440;0;0;397312;20480;0;16150528;0
1753798219;917504;14811136;69632;0;626688;262144;4096;0;44150784;585728
1753798220;524288;21512192;0;0;0;524288;0;0;9428992;163840
1753798221;262144;27013120;16384;0;4096;917504;102400;0;851968;0
1753798222;2650112;25296896;81920;0;0;37224448;0;0;524288;0
1753798223;475136;24641536;0;0;0;10092544;0;0;835584;0
1753798224;14970880;14680064;0;0;0;18743296;0;0;655360;0
1753798225;12189696;16433152;20480;0;0;839680;0;73728;655360;0
1753798226;4980736;19042304;2977792;0;0;786432;143360;0;20316160;331776
1753798227;14417920;14024704;6537216;122880;102400;258048;184320;0;26083328;0
1753798228;11010048;14618624;11665408;0;0;131072;49152;0;15728640;0
1753798229;10354688;6684672;7340032;237568;0;0;122880;0;6537216;0
1753798230;11010048;17117184;20549632;0;0;397312;20480;0;479232;495616
1753798231;5992448;25088000;12570624;0;0;262144;1265664;0;131072;0
1753798232;5898240;8392704;18219008;577536;135168;262144;991232;0;131072;0
1753798233;2621440;29937664;18743296;0;0;1482752;7208960;0;262144;0
1753798234;8126464;15618048;19136512;0;0;0;9437184;0;585728;339968
1753798235;8503296;17735680;15466496;49152;0;12288;9043968;0;1613824;0
1753798236;12189696;15405056;13500416;0;0;36864;12582912;0;4096;0
1753798237;14417920;24854528;12845056;0;0;12787712;10125312;0;1708032;0
1753798238;8126464;24748032;4333568;0;0;25550848;10924032;69632;8912896;131072
1753798239;5505024;8859648;21889024;0;0;18718720;14811136;0;25440256;0
1753798240;3817472;17301504;20283392;0;0;19337216;13500416;0;23044096;0
1753798241;512000;19005440;20316160;131072;65536;18087936;4747264;135168;18448384;176128
1753798242;655360;21319680;15466496;188416;0;34349056;0;0;11665408;0
1753798243;884736;7471104;13893632;0;0;22745088;0;0;20316160;0
1753798244;10747904;11931648;2097152;131072;331776;28291072;53248;0;31625216;20480
1753798245;9965568;11407360;2359296;2052096;167936;21270528;0;0;29220864;0
1753798246;9830400;3567616;2949120;0;0;11739136;0;0;41275392;0
1753798247;10645504;0;20774912;0;0;7086080;1302528;0;12120064;65536
1753798248;10354688;4198400;10612736;0;118784;7688192;0;0;11661312;0
1753798249;4083712;18022400;3706880;106496;0;413696;204800;0;2097152;0
1753798250;8519680;20164608;22388736;0;0;200704;0;0;798720;0
1753798251;16809984;3866624;60559360;0;0;86016;7467008;0;0;0
1753798252;15466496;20328448;68825088;0;0;0;7303168;0;0;61440
1753798253;13848576;22675456;51404800;0;73728;229376;2359296;131072;4096;0
1753798254;13488128;48795648;44462080;0;0;0;462848;0;286720;0
1753798255;12181504;58015744;49807360;0;0;0;0;0;0;0
1753798256;19271680;33124352;43413504;0;0;0;10690560;0;5148672;0
1753798257;19922944;29360128;83918848;933888;184320;57344;6684672;0;0;0
1753798258;14819328;39665664;76730368;0;32768;0;8400896;65536;0;0
1753798259;17825792;35401728;58118144;0;0;0;3960832;0;0;0
1753798260;14827520;80740352;73846784;0;0;0;24858624;0;0;0
1753798261;15814656;72749056;70254592;0;0;0;31371264;0;0;0
1753798262;9203712;64638976;76546048;0;1282048;0;23465984;0;0;0
1753798263;4980736;65204224;5017600;0;0;0;24346624;0;0;0
1753798264;9306112;61108224;15073280;0;0;421888;0;0;0;184320
1753798265;10579968;6819840;21889024;73728;0;0;0;126976;0;0
1753798266;13238272;5914624;27525120;0;57344;0;2613248;0;0;0
1753798267;18669568;8519680;21544960;0;0;0;31404032;0;0;0
1753798268;20070400;5861376;25296896;0;0;0;22634496;0;106496;188416
1753798269;16543744;4980736;24846336;0;0;65536;22986752;0;0;0
1753798270;27656192;13238272;23597056;0;0;32768;27131904;53248;0;0
1753798271;24903680;15806464;30408704;176128;0;1540096;11423744;90112;0;0
1753798272;25051136;10354688;39059456;0;0;0;25034752;655360;0;0
1753798273;22032384;10223616;45350912;0;0;0;22806528;0;0;0
1753798274;27881472;18481152;46243840;0;0;0;28229632;221184;0;0
1753798275;25690112;17199104;42024960;303104;0;0;22020096;0;638976;0
1753798276;23875584;12099584;43655168;0;0;0;12587008;0;0;0
1753798277;20475904;13762560;38141952;0;0;0;4718592;90112;0;0
1753798278;13963264;12320768;46006272;0;0;0;2490368;0;0;0
1753798279;23855104;16908288;32636928;0;0;1507328;15597568;0;0;77824
1753798280;25731072;14446592;42860544;0;0;90112;26869760;0;450560;0
1753798281;23855104;851968;28180480;0;0;0;31182848;663552;0;159744
1753798282;23379968;368640;19488768;0;0;221184;29753344;0;0;0
1753798283;22712320;15228928;20316160;0;0;0;25165824;0;954368;0
1753798284;30932992;27336704;39059456;0;0;0;26869760;0;0;0
1753798285;20058112;18616320;24772608;0;0;0;15204352;0;61440;0
1753798286;40239104;12095488;32477184;110592;73728;65536;18350080;0;118784;143360
1753798287;57200640;21135360;42467328;0;413696;0;20316160;0;90112;0
1753798288;45080576;17301504;37486592;4096;0;0;33898496;0;0;0
1753798289;7897088;17694720;30363648;196608;356352;0;22528000;0;606208;0
1753798290;1265664;21270528;42467328;0;98304;0;26259456;0;0;0
1753798291;1318912;18743296;37240832;0;274432;0;27136000;0;1507328;131072
1753798292;1179648;84664320;43778048;0;0;0;23199744;0;0;0
1753798293;5767168;90308608;37761024;0;303104;0;27787264;0;0;0
1753798294;5505024;92360704;25559040;0;12288;0;26624000;12288;0;0
1753798295;9080832;90705920;33894400;0;0;0;28180480;0;0;12288
1753798296;32940032;63275008;24117248;245760;0;0;17170432;0;0;0
1753798297;44564480;52625408;22675456;0;0;0;31236096;0;0;0
1753798298;87519232;7782400;25952256;122880;0;0;27586560;372736;0;0
1753798299;79847424;6438912;36962304;0;0;0;25931776;94208;0;0
1753798300;83759104;8257536;45326336;0;0;0;28123136;0;0;0
1753798301;18563072;20054016;36679680;77824;0;0;19222528;0;212992;208896
1753798302;10354688;13602816;37617664;0;0;315392;21606400;0;0;0
1753798303;10072064;10747904;44503040;0;28672;0;22806528;0;0;0
1753798304;11010048;42860544;36999168;0;8192;122880;26558464;0;0;0
1753798305;14024704;921600;42467328;0;4096;0;29229056;65536;0;0
1753798306;10092544;192512;37289984;0;0;0;20697088;0;0;0
1753798307;10620928;991232;44912640;0;0;0;12468224;0;0;626688
1753798308;11534336;286720;46661632;0;12288;0;10354688;0;0;0
1753798309;8626176;917504;46522368;0;114688;0;16908288;0;0;0
1753798310;13504512;1159168;30715904;0;0;0;20926464;0;0;0
1753798311;13107200;8912896;25034752;0;4096;0;19087360;212992;364544;0
1753798312;9461760;38576128;20221952;0;53248;0;15478784;0;0;0
1753798313;4718592;20504576;27623424;0;0;0;24903680;0;0;0
1753798314;16146432;2420736;23592960;0;0;0;23027712;0;0;0
1753798315;5767168;1679360;25034752;0;0;0;25952256;0;155648;0
1753798316;24854528;4096;23068672;0;4096;0;1626112;0;0;0
1753798317;12091392;139264;20578304;0;86016;0;4730880;0;0;0
1753798318;5373952;643072;19791872;626688;0;0;31125504;548864;0;0
1753798319;6029312;393216;30150656;0;0;0;15880192;0;106496;0
1753798320;7733248;262144;42598400;0;20480;0;13500416;0;0;0
1753798321;1978368;1617920;32514048;0;3866624;0;12320768;0;0;0
1753798322;1048576;638976;18616320;40960;17960960;0;17121280;0;0;0
1753798323;3186688;290816;3407872;0;14913536;0;25034752;0;163840;0
1753798324;4718592;14983168;3588096;0;17825792;0;28184576;0;0;0
1753798325;4354048;27631616;28180480;0;17170432;0;18726912;0;0;0
1753798326;1048576;22667264;36044800;0;7278592;0;18350080;0;0;0
1753798327;11272192;15724544;24596480;73728;3538944;0;22429696;0;0;81920
1753798328;12713984;21368832;24379392;0;22282240;0;6422528;0;1236992;53248
1753798329;9306112;25653248;20447232;0;25427968;155648;12972032;0;0;0
1753798330;8257536;1486848;21495808;0;21495808;1163264;10878976;0;0;0
1753798331;6504448;12959744;28454912;0;28049408;0;13606912;0;0;0
1753798332;10678272;28786688;42340352;0;23941120;0;11264000;0;0;0
1753798333;2621440;34074624;42598400;0;25501696;0;12713984;20480;0;0
1753798334;3538944;10108928;47063040;0;25690112;32768;7208960;0;0;0
1753798335;1310720;9003008;47046656;0;22151168;0;13631488;344064;0;0
1753798336;12648448;9789440;26869760;0;22634496;0;23986176;0;0;0
1753798337;19734528;3051520;36306944;0;24772608;0;13500416;0;0;0
1753798338;5373952;589824;49020928;0;26742784;0;20840448;0;0;0
1753798339;8650752;0;40787968;110592;22151168;0;22020096;0;77824;0
1753798340;2490368;40960;37490688;0;20967424;393216;44646400;0;0;0
1753798341;9461760;212992;29097984;0;15052800;0;67866624;0;0;0
1753798342;10092544;24576;22806528;0;12230656;8192;30015488;0;0;0
1753798343;7864320;49152;36093952;204800;22224896;0;40370176;0;131072;106496
1753798344;3432448;3764224;33947648;0;25247744;0;37801984;0;0;0
1753798345;16384;0;44040192;0;26673152;0;35913728;0;0;0
1753798346;0;0;34603008;0;21409792;0;65847296;0;0;253952
1753798347;19677184;0;24379392;0;24612864;0;41549824;0;0;0
1753798348;24567808;401408;41549824;90112;26378240;0;52953088;0;0;0
1753798349;28573696;0;28454912;0;14487552;0;70680576;0;0;0
1753798350;32034816;0;40632320;0;37011456;0;64872448;0;0;0
1753798351;29716480;0;40042496;0;58720256;323584;33386496;0;0;0
1753798352;27394048;188416;40501248;0;37494784;274432;4063232;0;0;0
1753798353;25055232;0;43384832;0;15056896;0;15335424;0;0;0
1753798354;24928256;98304;46792704;0;1179648;0;8654848;36864;0;32768
1753798355;21065728;0;46399488;0;1310720;0;11796480;0;0;0
1753798356;11005952;0;44302336;0;2752512;0;15466496;0;0;1314816
1753798357;12451840;45056;38404096;0;5898240;0;9039872;0;0;0
1753798358;2228224;0;42729472;0;5234688;0;11141120;0;0;0
1753798359;2883584;0;28049408;0;24510464;24576;6770688;0;0;0
1753798360;18485248;0;24670208;0;27262976;0;9961472;0;0;0
1753798361;13369344;106496;20578304;0;70516736;122880;9306112;86016;0;57344
1753798362;29347840;0;19005440;0;81657856;0;12976128;0;0;0
1753798363;44068864;0;38797312;0;73564160;0;15859712;0;0;0
1753798364;93061120;0;28807168;0;56442880;0;10485760;0;0;0
1753798365;80977920;352256;29360128;0;16986112;0;12845056;0;0;0
1753798366;93454336;217088;25186304;0;13111296;0;15851520;0;49152;0
1753798367;86929408;0;27131904;0;14155776;0;13774848;0;0;0
1753798368;67461120;0;1507328;0;11411456;0;786432;0;0;217088
1753798369;56754176;0;786432;163840;12537856;0;262144;204800;69632;0
1753798370;31850496;0;659456;0;12148736;0;9830400;0;143360;0
1753798371;20840448;0;790528;0;10092544;0;23465984;0;0;0
1753798372;18759680;0;18874368;0;8388608;0;14548992;0;0;0
1753798373;54480896;380928;12582912;0;9539584;0;20582400;0;0;0
1753798374;79429632;0;19529728;0;9961472;94208;16728064;0;0;0
1753798375;84520960;0;17956864;0;12713984;249856;13631488;0;0;0
1753798376;37130240;36864;27525120;0;10747904;0;11038720;0;0;0
1753798377;18087936;0;9568256;126976;16850944;0;4587520;0;0;0
1753798378;17956864;45056;10354688;0;7868416;0;18485248;0;0;0
1753798379;27131904;0;9043968;0;20447232;0;17563648;0;0;0
1753798380;22937600;0;3145728;0;10461184;0;31322112;0;0;0
1753798381;34566144;118784;3985408;0;9117696;0;75440128;0;0;0
1753798382;23461888;663552;5509120;0;6086656;0;58195968;0;0;0
1753798383;16777216;94208;5242880;0;6422528;0;89915392;0;0;0
1753798384;19529728;0;51904512;0;5021696;0;90701824;0;0;0
1753798385;41943040;0;14942208;0;2555904;0;79818752;0;0;0
1753798386;47185920;0;6766592;0;1048576;0;65536000;0;0;0
1753798387;47185920;0;7405568;77824;2490368;0;9814016;0;0;0
1753798388;45613056;241664;10797056;0;5898240;0;7864320;0;450560;0
1753798389;46268416;0;1048576;0;4325376;286720;14417920;315392;0;0
1753798390;45481984;0;1454080;0;1138688;126976;12713984;0;0;0
1753798391;42659840;0;3538944;0;11411456;0;5795840;0;0;0
1753798392;39714816;0;8126464;0;13471744;0;8167424;0;0;0
1753798393;39976960;0;6430720;0;8536064;0;16252928;0;0;0
1753798394;39714816;0;8519680;0;5664768;0;33816576;262144;0;0
1753798395;44171264;221184;8523776;28672;3280896;0;1011712;106496;61440;0
1753798396;23724032;90112;10092544;0;9437184;98304;720896;0;0;0
1753798397;16846848;0;10354688;0;6688768;0;2359296;0;0;0
1753798398;15597568;65536;6688768;0;3145728;0;524288;0;0;0
1753798399;41680896;0;10620928;0;3411968;139264;524288;61440;0;0
1753798400;37355520;0;6815744;0;6684672;20480;655360;0;131072;0
1753798401;40435712;610304;3018752;0;8126464;0;212992;0;663552;0
1753798402;40239104;0;524288;0;20709376;0;23592960;0;0;0
1753798403;42336256;69632;14811136;0;4399104;118784;22675456;98304;118784;1265664
1753798404;47841280;65536;24072192;0;5509120;0;21364736;0;0;0
1753798405;44957696;0;6815744;0;2424832;0;786432;0;0;0
1753798406;37490688;0;13631488;0;8519680;0;131072;0;0;229376
1753798407;47579136;102400;21495808;0;9920512;0;131072;0;0;0
1753798408;34598912;65536;18219008;0;10092544;0;131072;0;0;0
1753798409;37748736;0;41943040;90112;3346432;0;0;0;954368;0
1753798410;35258368;0;22413312;0;12288;0;618496;0;0;0
1753798411;27738112;0;38526976;0;36864;69632;307200;0;0;0
1753798412;23388160;118784;51806208;0;30097408;0;1531904;0;0;0
1753798413;38739968;262144;40579072;0;28585984;188416;0;0;0;0
1753798414;50069504;0;52428800;192512;35717120;0;114688;0;0;0
1753798415;36352000;0;41029632;0;31723520;0;3657728;0;0;0
1753798416;48762880;0;41549824;270336;17461248;0;17850368;536576;0;0
1753798417;42729472;69632;11395072;0;18219008;0;24641536;0;143360;0
1753798418;50724864;65536;16384;0;17756160;0;21463040;0;0;0
1753798419;49020928;0;24576;0;13762560;0;11046912;196608;73728;0
1753798420;46137344;0;413696;0;23752704;0;33234944;106496;0;0
1753798421;37892096;0;0;360448;22753280;0;30482432;0;0;0
1753798422;27918336;131072;0;0;13762560;0;40292352;0;0;0
1753798423;23339008;0;126976;528384;6459392;0;26075136;0;0;0
1753798424;14548992;0;4096;0;5914624;0;11829248;12288;0;196608
1753798425;15335424;0;102400;0;13656064;0;10424320;0;0;0
1753798426;22323200;446464;45056;0;22392832;0;2023424;0;208896;0
1753798427;24653824;5541888;0;0;12320768;20480;757760;0;0;0
1753798428;32112640;266240;0;0;54583296;0;0;0;0;0
1753798429;41811968;0;0;0;93249536;0;0;0;1044480;0
1753798430;43646976;0;0;0;81342464;0;0;0;0;1077248
1753798431;22654976;1388544;1241088;0;82210816;1011712;1163264;0;0;0
1753798432;32415744;0;0;0;72351744;0;0;0;0;0
1753798433;40652800;0;0;0;65691648;135168;122880;184320;0;0
1753798434;32112640;0;0;106496;52695040;0;368640;0;16384;0
1753798435;23543808;0;0;0;41418752;0;0;0;348160;0
1753798436;25165824;0;0;0;44564480;0;0;0;0;0
1753798437;16908288;0;0;20480;81080320;0;0;0;0;0
1753798438;37879808;0;0;0;83492864;0;0;0;0;0
1753798439;49807360;0;0;0;89391104;0;0;0;0;0
1753798440;48889856;0;0;0;31354880;0;0;0;0;0
1753798441;45744128;0;0;0;17969152;0;245760;0;0;0
1753798442;47841280;434176;0;0;18743296;0;0;0;0;0
1753798443;19660800;0;49152;0;22544384;0;540672;0;0;0
1753798444;18481152;0;33124352;0;20918272;0;0;0;217088;0
1753798445;30932992;0;63229952;0;30801920;0;0;0;0;0
1753798446;39272448;0;14548992;0;38055936;0;0;0;0;204800
1753798447;41549824;0;18976768;86016;19664896;0;0;0;0;0
1753798448;33292288;0;5607424;0;34144256;0;98304;0;0;0
1753798449;32550912;1908736;65536;0;26329088;0;0;0;0;0
1753798450;33685504;0;0;65536;19615744;94208;0;0;73728;0
1753798451;36569088;0;0;0;30932992;0;0;196608;0;0
1753798452;38535168;0;0;0;44040192;0;0;94208;0;0
1753798453;39714816;0;69632;0;38060032;0;0;0;0;0
1753798454;44171264;0;0;0;39063552;0;0;126976;0;0
1753798455;42860544;0;0;49152;41418752;0;0;0;0;0
1753798456;42655744;0;0;0;39186432;0;0;0;450560;0
1753798457;28311552;12288;0;0;24506368;0;647168;0;0;0
1753798458;22675456;0;0;0;31326208;0;0;0;0;0
1753798459;22675456;0;131072;0;36175872;0;0;0;147456;0
1753798460;13762560;0;0;0;37490688;57344;102400;0;0;0
1753798461;39583744;73728;0;0;36786176;0;0;0;0;0
1753798462;41807872;57344;0;0;23986176;0;81920;0;0;0
1753798463;44302336;53248;135168;0;15265792;0;0;0;204800;0
1753798464;47054848;200704;0;0;12713984;0;196608;0;0;0
1753798465;43253760;229376;0;0;10223616;0;0;0;0;131072
1753798466;43732992;0;0;0;33816576;0;0;0;0;98304
1753798467;46792704;81920;0;0;35692544;0;0;0;0;0
1753798468;35913728;12288;598016;0;35782656;0;0;24576;0;0
1753798469;43679744;0;405504;0;29982720;0;0;0;352256;0
1753798470;38928384;335872;65536;0;39415808;0;53248;0;0;0
1753798471;31158272;0;106496;0;45133824;122880;0;0;131072;0
1753798472;26083328;0;0;0;41496576;0;0;0;0;0
1753798473;23068672;192512;479232;0;39436288;0;0;0;0;159744
1753798474;1474560;684032;0;0;36569088;0;114688;0;0;0
1753798475;720896;0;0;0;44302336;0;0;0;0;0
1753798476;880640;0;0;0;40972288;0;0;0;0;0
1753798477;1048576;0;0;0;18677760;102400;0;0;196608;0
1753798478;13893632;0;0;0;19660800;122880;0;0;24576;0
1753798479;14942208;0;12288;0;21626880;0;385024;0;0;0
1753798480;2490368;0;229376;0;32931840;0;122880;0;0;0
1753798481;20582400;0;0;204800;36306944;0;0;0;0;0
1753798482;27918336;0;0;745472;35794944;0;4096;0;0;0
1753798483;18350080;0;16384;0;29540352;0;0;0;0;0
1753798484;8585216;0;0;0;37842944;0;0;0;0;0
1753798485;10280960;1466368;0;0;41254912;0;0;0;0;0
1753798486;9007104;0;0;0;41795584;0;0;0;0;0
1753798487;3915776;49152;0;0;40665088;0;0;0;0;0
1753798488;11141120;1110016;0;0;41967616;0;0;0;0;0
1753798489;21254144;0;0;0;41594880;0;0;0;0;0
1753798490;44302336;0;0;0;43028480;0;0;0;516096;0
1753798491;2752512;0;0;0;37748736;0;0;200704;0;0
1753798492;2547712;0;32768;102400;9961472;0;0;0;0;0
1753798493;5799936;0;8192;110592;13991936;0;0;0;0;548864
1753798494;5603328;163840;0;0;11685888;0;225280;0;180224;0
1753798495;12451840;610304;3690496;0;15204352;0;0;0;0;0
1753798496;1048576;0;761856;0;22114304;0;0;0;0;0
1753798497;1048576;0;0;45056;20942848;0;0;0;0;0
1753798498;3538944;0;0;0;19927040;0;0;0;4096;0
1753798499;8126464;0;0;0;20054016;0;0;0;0;0
1753798500;6897664;0;4096;0;23994368;0;0;0;0;0
1753798501;6946816;303104;258048;0;26157056;0;0;0;0;0
1753798502;9830400;229376;0;0;42942464;0;0;0;0;0
1753798503;7471104;0;0;0;36335616;0;0;0;0;0
1753798504;6946816;552960;0;311296;13369344;0;0;0;77824;0
1753798505;11149312;0;0;126976;28667904;0;0;0;0;0
1753798506;9830400;0;0;0;22085632;0;417792;0;4096;1982464
1753798507;12865536;0;5341184;532480;20324352;20480;0;0;69632;0
1753798508;1179648;0;0;212992;17956864;114688;0;0;0;28672
1753798509;37617664;0;192512;0;24117248;0;0;0;0;0
1753798510;3538944;0;0;0;20992000;0;319488;0;0;0
1753798511;5296128;0;0;0;21364736;0;90112;1978368;0;0
1753798512;26476544;0;385024;0;21233664;0;0;0;0;0
1753798513;8388608;0;0;0;31014912;0;0;0;0;0
1753798514;17678336;0;0;0;43757568;57344;622592;122880;0;0
1753798515;42205184;8192;0;417792;44998656;0;106496;0;0;0
1753798516;28049408;49152;0;1998848;44515328;0;0;0;0;0
1753798517;47972352;94208;139264;0;46891008;0;0;0;126976;0
1753798518;48627712;0;61440;0;33468416;520192;0;0;942080;180224
1753798519;53870592;0;0;0;23240704;0;0;0;0;81920
1753798520;59244544;0;7933952;0;23801856;393216;0;0;0;0
1753798521;47710208;0;13889536;0;21446656;2035712;229376;0;0;0
1753798522;16076800;249856;4194304;0;35094528;0;0;0;0;962560
1753798523;360448;0;3670016;0;35340288;0;208896;323584;1781760;0
1753798524;0;0;10141696;352256;32129024;176128;0;0;0;0
1753798525;3399680;0;28180480;0;29032448;0;0;0;40960;0
1753798526;2060288;679936;22921216;495616;27078656;36864;0;0;0;0
1753798527;495616;0;21495808;16384;36323328;0;0;0;352256;0
1753798528;57344;2142208;25427968;0;29806592;0;0;118784;0;0
1753798529;37806080;0;14864384;102400;30986240;0;798720;0;0;0
1753798530;14524416;32768;22937600;0;39936000;0;3469312;0;0;0
1753798531;458752;0;23068672;0;42029056;0;4071424;57344;0;0
1753798532;405504;90112;17698816;8192;44007424;0;0;106496;0;270336
1753798533;0;0;28815360;0;35110912;0;0;0;0;0
1753798534;0;0;15204352;0;26742784;0;0;0;0;163840
1753798535;61440;0;20840448;65536;19578880;0;0;0;0;0
1753798536;0;0;11796480;0;23031808;0;0;0;0;0
1753798537;0;0;27451392;0;28704768;0;671744;0;69632;548864
1753798538;184320;0;19267584;0;43048960;0;98304;0;0;0
1753798539;0;0;20070400;0;42844160;0;225280;0;0;0
1753798540;4096;0;20787200;0;43302912;57344;0;0;69632;0
1753798541;188416;0;14286848;172032;42074112;0;139264;0;0;0
1753798542;32768;0;14286848;0;41025536;0;0;0;0;0
1753798543;4096;0;13881344;0;38338560;0;0;16384;0;0
1753798544;0;0;21102592;106496;44011520;0;0;118784;0;0
1753798545;0;0;5636096;0;41250816;0;0;0;0;0
1753798546;0;0;14942208;0;41914368;0;90112;0;0;0
1753798547;0;0;23568384;0;42098688;0;13381632;0;0;0
1753798548;4096;315392;20709376;0;29241344;0;0;0;0;0
1753798549;2179072;0;16121856;98304;25780224;0;69632;0;0;86016
1753798550;24576;0;15077376;0;20041728;0;0;0;0;0
1753798551;114688;0;23068672;0;23130112;0;0;114688;0;0
1753798552;102400;0;24903680;0;1441792;0;0;0;0;0
1753798553;1523712;0;17170432;0;724992;0;0;0;0;0
1753798554;0;0;13762560;0;937984;0;1142784;0;0;0
1753798555;0;0;15335424;0;978944;0;0;0;0;0
1753798556;0;0;13893632;0;974848;0;0;0;0;0
1753798557;0;0;27660288;0;5595136;0;0;0;0;0
1753798558;0;12288;26738688;0;14086144;0;0;0;0;0
1753798559;0;0;19795968;0;10833920;0;0;0;0;0
1753798560;0;0;17301504;0;15572992;0;0;0;0;0
1753798561;86016;0;20107264;0;19095552;0;0;0;0;126976
1753798562;0;1843200;12451840;0;32911360;0;0;0;0;114688
1753798563;0;196608;10747904;0;16277504;0;0;0;0;0
1753798564;0;0;15728640;0;8077312;0;0;0;24576;0
1753798565;0;0;22020096;143360;10272768;0;81920;0;0;0
1753798566;0;0;26345472;0;8814592;0;0;0;0;0
1753798567;0;0;25952256;0;4055040;0;0;0;0;0
1753798568;126976;0;26345472;0;9175040;0;0;0;0;106496
1753798569;413696;0;24903680;0;6242304;81920;0;0;0;180224
1753798570;0;0;21233664;45056;48492544;0;0;0;0;0
1753798571;0;0;30277632;0;17956864;0;61440;0;303104;0
1753798572;0;0;18554880;0;6815744;0;0;65536;0;0
1753798573;0;0;15093760;0;6815744;0;176128;81920;0;0
1753798574;0;0;24403968;0;11259904;0;188416;0;0;0
1753798575;0;0;14548992;0;917504;0;0;0;0;0
1753798576;0;0;9252864;0;1130496;0;0;0;0;0
1753798577;0;69632;23797760;0;3670016;0;0;221184;0;0
1753798578;0;0;25952256;0;5111808;0;0;0;0;0
1753798579;0;0;23199744;90112;7790592;0;0;0;0;196608
1753798580;0;16384;23031808;0;5111808;0;0;0;450560;0
1753798581;0;159744;12976128;0;11898880;159744;0;0;0;0
1753798582;0;282624;16158720;0;3776512;0;0;0;0;0
1753798583;69632;0;14811136;0;10616832;0;0;0;65536;0
1753798584;0;69632;14155776;0;4812800;0;0;0;0;0
1753798585;0;0;15728640;0;5971968;0;0;98304;69632;0
1753798586;0;122880;7512064;0;4718592;0;0;0;0;77824
1753798587;303104;0;11927552;0;7110656;0;0;0;0;102400
1753798588;0;0;23330816;0;14389248;0;36864;0;0;0
1753798589;0;0;14774272;835584;1466368;0;520192;0;0;0
1753798590;0;0;24514560;0;21102592;0;0;0;20480;0
1753798591;0;0;16760832;0;19398656;0;65536;0;0;0
1753798592;0;0;14155776;0;5697536;126976;0;0;0;0
1753798593;0;0;14987264;0;16658432;0;0;20480;0;0
1753798594;0;110592;17088512;0;17862656;0;0;0;0;122880
1753798595;0;0;26607616;0;18219008;0;0;0;0;0
1753798596;0;0;16969728;0;52453376;106496;0;69632;0;0
1753798597;0;0;29249536;0;53739520;0;0;0;0;0
1753798598;356352;0;22806528;65536;50855936;0;0;0;0;0
1753798599;65536;0;17461248;0;45383680;0;618496;0;0;0
1753798600;720896;0;16334848;0;56758272;86016;49152;532480;0;0
1753798601;155648;0;25305088;0;40812544;0;0;57344;0;278528
1753798602;98304;90112;5644288;176128;36831232;151552;0;0;0;0
1753798603;98304;0;11382784;0;6770688;0;0;0;0;0
1753798604;0;0;9568256;0;856064;0;0;0;0;0
1753798605;45056;1187840;8257536;0;339968;0;0;98304;163840;0
1753798606;0;278528;7761920;0;18575360;0;0;0;0;0
1753798607;0;0;12603392;0;45432832;0;69632;0;0;0
1753798608;0;0;11796480;0;52142080;0;0;0;0;0
1753798609;0;0;16515072;0;5984256;0;0;0;0;0
1753798610;0;0;27394048;0;6127616;0;0;0;0;0
1753798611;0;0;17100800;0;57634816;0;0;0;0;86016
1753798612;0;0;6160384;0;294912;0;0;0;0;0
1753798613;106496;4096;22806528;233472;0;0;0;0;0;0
1753798614;0;0;19267584;0;57344;0;217088;0;8192;0
1753798615;0;0;49152000;0;675840;90112;0;0;0;0
1753798616;0;0;58982400;0;0;393216;0;0;0;0
1753798617;0;0;29622272;0;356352;0;0;0;0;0
1753798618;0;0;23068672;0;0;0;0;0;0;0
1753798619;0;0;29491200;0;0;0;0;0;0;0
1753798620;0;0;32768000;0;0;0;0;0;0;0
1753798621;0;278528;50921472;0;0;0;90112;0;0;0
1753798622;0;65536;73138176;0;0;0;0;0;0;0
1753798623;126976;0;49815552;0;0;0;0;0;0;0
1753798624;0;0;46239744;0;0;0;0;0;0;118784
1753798625;200704;0;40632320;196608;0;77824;0;983040;0;0
1753798626;0;0;38928384;0;98304;0;0;0;0;98304
1753798627;0;0;50204672;0;0;0;0;0;0;0
1753798628;0;61440;12845056;0;0;0;0;0;0;0
1753798629;0;0;3059712;0;0;0;0;0;0;0
1753798630;0;0;15204352;126976;8192;0;0;0;0;0
1753798631;0;0;7340032;32768;0;0;0;0;0;0
1753798632;0;0;10878976;0;0;0;0;102400;0;0
1753798633;0;0;15593472;0;0;0;0;0;0;0
1753798634;0;0;8081408;0;0;0;0;0;0;0
1753798635;0;0;8519680;0;0;0;4096;0;65536;0
1753798636;0;53248;10616832;0;0;0;0;0;0;0
1753798637;0;0;16384000;0;0;0;0;0;0;53248
1753798638;94208;0;15056896;241664;0;0;0;0;0;0
1753798639;0;0;12976128;0;0;0;73728;0;36864;0
1753798640;0;0;9961472;0;28672;0;0;0;0;0
1753798641;0;151552;10223616;0;114688;0;0;65536;0;0
1753798642;77824;0;10772480;0;4096;0;0;0;0;0
1753798643;0;0;14811136;0;0;0;0;0;0;0
1753798644;0;0;8388608;0;0;0;0;0;0;0
1753798645;0;0;3117056;0;0;0;0;0;0;0
1753798646;0;0;241664;0;0;0;0;0;81920;98304
1753798647;0;0;299008;0;0;0;0;0;0;0
1753798648;262144;0;970752;0;0;0;0;139264;0;0
1753798649;0;0;6045696;110592;1417216;0;0;0;0;0
1753798650;0;0;17563648;0;0;36864;212992;0;0;0
1753798651;0;0;20054016;0;0;0;0;0;0;0
1753798652;0;393216;23461888;0;0;0;0;0;0;0
1753798653;0;0;20054016;0;0;0;0;0;0;0
1753798654;0;0;21495808;0;0;0;0;0;0;0
1753798655;0;0;9043968;0;0;0;0;57344;0;0
1753798656;90112;0;14155776;77824;0;0;0;0;0;0
1753798657;0;4096;12902400;0;0;0;0;0;24576;0
1753798658;0;0;14942208;0;188416;0;53248;0;0;0
1753798659;0;0;6365184;0;0;0;49152;32768;0;0
1753798660;0;0;12906496;0;0;0;0;0;0;0
1753798661;0;0;69861376;0;0;0;0;0;0;0
1753798662;0;0;69730304;0;0;0;0;0;0;0
1753798663;610304;16384;71958528;0;0;0;0;0;0;0
1753798664;0;0;74158080;0;0;65536;0;0;0;0
1753798665;0;0;76283904;0;253952;0;0;0;122880;0
1753798666;0;69632;78680064;0;0;0;0;0;204800;0
1753798667;0;0;26738688;0;0;0;0;0;0;0
1753798668;0;937984;8781824;0;0;0;0;0;0;0
1753798669;0;0;17580032;0;1601536;0;0;0;114688;122880
1753798670;0;0;15908864;0;200704;0;0;0;106496;0
1753798671;0;0;9961472;0;147456;0;0;0;0;0
1753798672;0;0;7602176;0;0;0;0;0;73728;0
1753798673;0;0;39190528;0;0;0;0;0;110592;0
1753798674;0;0;3538944;0;73728;0;352256;0;0;0
1753798675;0;0;434176;0;0;77824;0;0;0;0
1753798676;0;0;655360;0;0;0;0;0;0;0
1753798677;0;0;524288;16384;0;0;0;0;0;0
1753798678;0;0;393216;0;0;0;0;0;0;0
1753798679;0;0;393216;0;0;0;0;0;0;0
1753798680;0;81920;655360;0;0;0;0;0;0;0
1753798681;0;0;425984;0;0;0;0;65536;0;0
1753798682;0;0;524288;0;376832;0;0;0;0;0
1753798683;0;61440;8912896;0;106496;0;0;0;0;0
1753798684;0;0;35389440;0;0;131072;0;0;131072;0
1753798685;0;0;11534336;0;0;0;634880;61440;0;69632
1753798686;0;0;12107776;0;0;0;0;0;0;0
1753798687;0;0;786432;0;90112;0;0;0;0;0
1753798688;0;0;131072;0;0;0;0;0;0;0
1753798689;0;0;131072;0;0;0;0;0;0;0
1753798690;233472;0;0;0;40960;0;0;0;0;0
1753798691;0;0;98304;24576;0;0;0;0;0;0
1753798692;0;0;479232;0;0;0;0;0;0;0
1753798693;0;0;393216;0;0;0;0;0;0;0
1753798694;0;0;905216;0;0;0;0;0;0;0
1753798695;0;0;1613824;331776;155648;0;0;0;0;0
1753798696;0;0;32768;12288;0;0;0;0;0;0
1753798697;0;0;16384;0;0;0;0;0;0;0
1753798698;0;0;4689920;0;0;0;0;0;0;0
1753798699;0;0;15990784;0;0;0;0;0;0;0
1753798700;0;0;24772608;0;0;0;0;0;0;0
1753798701;0;122880;19161088;0;0;0;0;0;286720;0
1753798702;0;0;12423168;0;0;36864;0;49152;0;0
1753798703;0;0;25559040;0;0;0;0;0;155648;0
1753798704;0;0;26996736;0;0;0;0;94208;0;0
1753798705;0;0;29872128;0;0;0;0;0;0;0
1753798706;110592;192512;23916544;0;0;0;110592;0;0;110592
1753798707;0;0;21876736;0;118784;0;0;0;0;0
1753798708;0;0;9883648;0;65536;0;0;0;0;0
1753798709;0;0;5427200;0;253952;0;0;0;0;0
1753798710;0;102400;8892416;77824;0;0;0;0;0;0
1753798711;258048;0;815104;0;0;0;0;0;0;0
1753798712;0;0;471040;0;0;0;0;0;0;0
1753798713;0;0;118784;0;0;0;0;0;0;0
1753798714;0;0;77824;0;122880;0;0;0;0;131072
1753798715;0;0;0;0;0;4096;0;110592;0;0
1753798716;0;0;0;0;0;307200;0;0;0;0
1753798717;0;0;196608;0;0;0;0;0;0;0
1753798718;0;0;106496;0;0;0;98304;0;0;0
1753798719;0;0;65536;0;0;0;262144;0;131072;0
1753798720;0;0;0;0;49152;0;0;0;0;0
1753798721;0;0;0;0;0;0;0;0;0;0
1753798722;0;0;0;221184;0;0;0;0;0;0
1753798723;0;0;0;0;0;0;0;0;0;0
1753798724;0;0;0;233472;0;0;0;0;0;155648
1753798725;0;0;0;0;24576;0;0;0;0;503808
1753798726;0;0;0;0;0;0;102400;0;258048;0
1753798727;335872;700416;0;0;0;0;0;0;0;0
1753798728;0;0;0;0;0;0;0;0;0;0
1753798729;0;0;0;0;0;0;0;0;0;0
1753798730;61440;0;0;0;0;126976;0;0;90112;0
1753798731;389120;0;0;0;0;0;0;0;0;172032
1753798732;0;65536;0;0;0;114688;0;0;0;0
1753798733;131072;0;245760;0;0;0;0;24576;0;0
1753798734;0;0;110592;0;0;2265088;307200;0;0;0
1753798735;614400;0;0;0;0;0;0;0;389120;0
1753798736;0;0;0;0;0;0;0;0;0;0
1753798737;0;8192;0;0;0;0;0;0;0;0
1753798738;0;0;143360;0;0;0;0;0;0;0
1753798739;0;0;0;0;0;0;0;0;0;0
1753798740;0;0;0;0;0;0;45056;0;0;0
1753798741;0;446464;348160;143360;0;0;0;0;0;0
1753798742;0;180224;0;0;0;0;0;0;0;0
1753798743;0;0;0;0;0;184320;0;36864;0;0
1753798744;0;0;0;0;0;0;0;0;0;0
1753798745;73728;0;0;188416;0;0;0;131072;0;0
1753798746;0;0;0;0;0;0;0;65536;0;36864
1753798747;0;0;0;0;0;0;0;0;0;0
1753798748;0;0;0;0;0;0;0;0;0;0
1753798749;0;0;0;0;0;245760;0;0;0;0
1753798750;0;0;0;0;0;69632;0;0;0;0
1753798751;0;0;53248;0;0;0;69632;0;0;0
1753798752;0;0;0;0;0;0;0;0;0;0
1753798753;0;0;0;0;217088;0;0;0;0;0
1753798754;0;0;61440;53248;0;0;0;0;0;0
1753798755;4096;81920;0;0;0;0;0;0;0;0
1753798756;90112;0;172032;0;0;0;0;0;0;163840
1753798757;0;0;0;0;0;0;0;0;0;0
1753798758;0;0;0;0;0;0;0;0;0;0
1753798759;0;0;0;0;0;0;0;0;118784;24576
1753798760;0;0;0;0;0;0;0;0;57344;0
1753798761;81920;131072;0;0;0;0;0;0;0;0
1753798762;0;0;0;126976;0;0;0;0;0;0
1753798763;0;0;0;122880;0;0;0;0;106496;163840
1753798764;0;0;0;18833408;0;0;0;0;0;86016
1753798765;0;0;0;18747392;0;0;147456;0;0;126976
1753798766;0;385024;774144;49958912;17657856;0;19247104;0;0;0
1753798767;14680064;0;0;0;36134912;4751360;4313088;0;6971392;0
1753798768;2342912;0;15552512;0;62611456;4403200;28442624;126976;30601216;0
1753798769;72294400;0;15613952;0;18485248;62873600;47357952;4329472;70045696;0
1753798770;29626368;25780224;10010624;126976;49152;8888320;8192;16330752;155648;483328
1753798771;139264;7716864;67350528;217088;528384;0;131072;86016;0;3772416
1753798772;135168;74653696;241664;0;0;0;0;55238656;94208;12918784
1753798773;237568;49152;12967936;0;327680;0;122880;0;167936;57827328
1753798774;0;0;131072;0;290816;286720;0;0;122880;10534912
1753798775;200704;0;188416;0;0;196608;0;180224;0;0
1753798776;0;282624;200704;0;0;61440;0;131072;0;0
1753798777;0;233472;0;0;0;0;0;69632;0;0
1753798778;0;0;159744;0;0;0;0;0;0;122880
1753798779;0;139264;0;0;0;0;0;0;73728;0
1753798780;0;0;0;0;0;286720;0;0;98304;0
1753798781;0;0;45056;0;0;0;0;0;0;94208
1753798782;0;0;0;0;0;0;0;0;0;0
1753798783;86016;0;483328;0;0;118784;0;0;0;0
1753798784;0;0;0;0;245760;69632;0;0;90112;0
1753798785;0;0;0;0;425984;163840;0;0;0;0
1753798786;0;0;0;94208;0;0;184320;0;0;0
1753798787;0;0;0;77824;0;0;466944;0;0;245760
1753798788;0;0;147456;0;40960;0;0;0;0;192512
1753798789;0;0;0;0;147456;65536;114688;0;0;102400
1753798790;0;0;0;0;565248;0;0;0;499712;0
1753798791;4096;4096;0;0;0;0;20480;245760;0;0
1753798792;380928;8192;0;0;0;0;0;0;53248;0
1753798793;0;73728;0;0;376832;0;0;0;0;0
1753798794;0;204800;0;0;20480;0;131072;0;0;0
1753798795;0;724992;0;0;0;0;98304;0;0;0
1753798796;0;0;94208;0;0;0;0;49152;0;0
1753798797;131072;8192;0;0;0;0;0;0;495616;0
1753798798;0;0;65536;0;0;0;229376;0;69632;0
1753798799;0;0;0;0;0;0;0;0;0;110592
1753798800;0;0;0;0;28672;0;0;0;0;0
1753798801;36864;0;167936;0;0;0;4096;0;0;0
1753798802;0;126976;0;0;77824;0;0;0;0;0
1753798803;0;266240;0;49152;0;0;0;0;0;0
1753798804;0;0;86016;0;0;0;0;0;0;0
1753798805;65536;0;94208;118784;0;0;106496;0;0;0
1753798806;106496;0;0;0;0;0;0;0;0;36864
1753798807;0;0;438272;0;0;0;65536;0;598016;122880
1753798808;32768;0;0;0;0;114688;0;0;0;0
1753798809;8192;0;0;0;323584;0;0;0;0;0
1753798810;0;0;0;0;184320;507904;0;0;0;0
1753798811;552960;0;0;4096;0;61440;0;81920;0;0
1753798812;4096;0;0;0;0;0;0;0;0;0
1753798813;0;0;471040;53248;0;0;0;0;131072;0
1753798814;225280;0;49152;0;0;0;0;0;0;0
1753798815;0;0;196608;73728;0;0;0;0;0;0
1753798816;0;0;12288;61440;135168;0;0;0;0;0
1753798817;0;0;8192;0;0;0;0;0;0;0
1753798818;0;0;0;0;0;0;0;0;0;0
1753798819;602112;0;0;0;0;221184;118784;0;0;0
1753798820;0;0;0;0;0;0;0;0;0;0
1753798821;77824;16384;0;0;4096;0;0;0;0;0
1753798822;0;0;0;0;561152;0;0;0;0;0
1753798823;0;0;0;0;0;0;0;0;94208;131072
1753798824;0;0;0;0;0;135168;0;0;0;0
1753798825;0;0;0;0;0;0;0;0;45056;0
1753798826;0;155648;0;217088;131072;0;0;135168;0;188416
1753798827;0;0;0;0;3854336;0;106496;0;0;0
1753798828;565248;57344;0;0;0;0;0;110592;0;0
1753798829;36864;122880;221184;0;90112;0;106496;0;86016;0
1753798830;0;344064;0;0;65536;0;0;0;0;57344
1753798831;0;0;57344;0;0;77824;1191936;0;0;0
1753798832;0;81920;0;0;0;0;774144;0;0;0
1753798833;98304;0;0;0;0;0;0;0;0;0
1753798834;0;0;0;253952;315392;0;0;0;0;0
1753798835;114688;0;0;0;0;0;0;0;0;163840
1753798836;0;0;0;0;0;0;0;0;0;0
1753798837;0;0;0;0;0;0;0;0;229376;0
1753798838;0;0;0;0;0;0;0;0;0;0
1753798839;0;0;0;0;0;0;122880;0;77824;0
1753798840;0;0;73728;0;0;98304;0;0;0;106496
1753798841;0;0;0;0;0;0;0;245760;0;188416
1753798842;0;0;0;0;0;0;0;0;86016;0
1753798843;0;0;155648;0;0;0;0;0;0;0
1753798844;0;0;0;0;0;0;0;0;0;0
1753798845;0;0;0;0;0;0;0;0;0;81920
1753798846;0;94208;0;0;0;0;8192;65536;446464;0
1753798847;0;0;0;0;0;0;1253376;0;0;0
1753798848;0;61440;0;0;32768;0;110592;0;0;0
1753798849;0;0;0;0;192512;0;0;0;0;0
1753798850;0;0;0;0;0;0;0;20480;0;0
1753798851;167936;0;0;0;0;0;0;0;0;0
1753798852;0;0;0;0;0;0;0;0;0;20480
1753798853;495616;0;0;0;0;0;0;0;208896;0
1753798854;233472;0;0;0;0;0;0;126976;0;0
1753798855;0;0;0;0;0;0;0;0;0;0
1753798856;0;0;0;0;0;0;0;0;0;0
1753798857;0;0;0;929792;0;0;0;0;12288;0
1753798858;0;0;0;0;0;0;0;0;0;0
1753798859;0;0;0;0;0;0;0;0;0;0
1753798860;0;0;0;0;0;0;0;0;0;0
1753798861;192512;0;114688;0;0;0;0;0;0;0
1753798862;0;114688;0;0;1212416;0;0;0;24576;0
1753798863;212992;0;0;0;0;0;0;0;0;0
1753798864;0;0;0;0;0;0;0;0;0;0
1753798865;0;0;0;0;0;65536;0;0;0;118784
1753798866;0;0;0;0;0;0;0;0;0;0
1753798867;110592;0;0;0;0;0;479232;0;102400;0
1753798868;0;0;0;0;0;0;0;0;0;2871296
1753798869;0;0;0;0;0;49152;0;0;0;0
1753798870;0;0;0;0;0;0;0;0;73728;0
1753798871;0;0;0;0;0;491520;126976;61440;0;0
1753798872;0;0;0;0;0;0;0;1273856;0;0
1753798873;0;86016;0;0;0;0;73728;12288;0;0
1753798874;0;0;1081344;0;0;0;0;81920;0;0
1753798875;0;0;397312;0;0;0;0;0;12288;0
1753798876;0;0;0;0;0;0;0;466944;0;114688
1753798877;0;0;0;0;0;0;0;0;0;0
1753798878;700416;45056;0;0;131072;0;0;0;0;143360
1753798879;0;0;0;0;0;0;0;0;0;0
1753798880;0;0;0;0;0;0;0;0;86016;0
1753798881;0;12288;0;0;102400;122880;0;0;0;0
1753798882;49152;0;0;0;0;0;0;0;0;0
1753798883;0;0;0;0;0;0;0;0;28672;0
1753798884;0;0;0;155648;0;0;0;0;0;0
1753798885;0;0;0;0;0;0;0;102400;0;0
1753798886;0;0;315392;110592;0;0;0;0;0;225280
1753798887;0;0;0;0;0;0;0;0;139264;0
1753798888;8192;16384;0;8192;0;0;0;126976;0;0
1753798889;0;0;147456;0;458752;0;0;0;0;0
1753798890;0;0;0;0;0;0;0;0;0;331776
1753798891;0;0;69632;0;0;0;12288;0;12288;0
1753798892;0;0;40960;0;0;0;0;0;0;0
1753798893;0;0;823296;0;0;0;0;0;0;0
1753798894;0;0;0;0;0;0;0;0;98304;184320
1753798895;0;0;0;0;102400;0;0;0;0;0
1753798896;106496;0;0;16384;0;0;0;0;0;0
1753798897;77824;0;0;0;0;249856;0;0;0;0
1753798898;0;0;0;0;0;0;0;356352;0;0
1753798899;0;0;0;0;0;0;0;0;0;0
1753798900;0;0;0;0;65536;0;0;0;0;0
1753798901;0;0;0;0;0;0;0;1122304;0;0
1753798902;0;0;0;57344;0;0;0;0;0;0
1753798903;368640;0;0;0;0;0;0;0;0;0
1753798904;0;0;0;0;0;0;0;0;147456;0
1753798905;12288;0;0;0;53248;0;0;65536;0;0
1753798906;0;311296;0;0;12288;0;0;0;0;0
1753798907;0;0;0;0;0;0;139264;0;0;0
1753798908;0;0;0;0;0;0;0;0;0;0
1753798909;0;0;0;0;192512;0;102400;0;0;0
1753798910;0;0;0;0;0;0;0;0;0;0
1753798911;0;0;0;0;0;90112;0;102400;0;0
1753798912;139264;0;0;0;0;53248;303104;0;0;0
1753798913;0;0;0;0;0;0;0;0;81920;0
1753798914;0;0;0;0;0;0;425984;0;0;0
1753798915;114688;0;0;0;0;0;0;0;0;0
1753798916;0;98304;0;0;0;0;69632;0;0;0
1753798917;0;0;0;77824;0;0;0;0;0;0
1753798918;0;0;0;0;0;0;0;0;0;0
1753798919;0;0;0;0;0;0;0;0;0;0
1753798920;0;0;0;0;65536;0;0;0;118784;0
1753798921;40960;0;0;0;0;0;0;0;0;0
1753798922;0;131072;0;0;0;16384;53248;0;0;0
1753798923;16384;311296;0;0;0;0;0;0;0;0
1753798924;0;0;20480;0;0;0;0;0;241664;0
1753798925;0;0;0;200704;0;0;0;0;0;0
1753798926;0;0;0;0;0;0;0;0;0;0
1753798927;0;0;0;69632;0;0;0;0;0;0
1753798928;0;180224;0;0;0;0;0;0;0;0
1753798929;0;0;0;0;0;282624;0;0;0;0
1753798930;0;0;0;0;0;45056;0;401408;0;0
1753798931;0;0;0;0;0;45056;0;0;0;0
1753798932;0;0;0;0;0;0;0;0;0;0
1753798933;0;0;0;0;0;0;0;0;0;0
1753798934;0;0;0;0;0;0;0;0;0;0
1753798935;0;0;0;0;0;0;0;86016;0;0
1753798936;45056;0;237568;0;0;0;0;0;0;0
1753798937;86016;53248;0;0;0;0;0;106496;0;65536
1753798938;0;0;0;0;0;0;0;0;0;0
1753798939;0;0;0;0;8192;0;0;0;0;0
1753798940;0;45056;0;65536;0;0;0;0;0;0
1753798941;0;90112;131072;0;0;118784;0;0;0;0
1753798942;0;0;0;0;0;0;0;0;0;0
1753798943;0;0;0;0;0;0;0;0;65536;0
1753798944;0;0;0;0;0;0;32768;0;0;0
1753798945;0;0;0;0;0;0;0;0;0;0
1753798946;0;0;118784;0;0;0;40960;0;0;94208
1753798947;0;0;0;0;0;0;65536;0;0;118784
1753798948;12288;0;90112;65536;0;0;0;155648;0;135168
1753798949;0;0;163840;61440;405504;0;0;0;0;0
1753798950;0;0;0;0;61440;0;81920;0;0;0
1753798951;0;0;0;0;0;0;0;40960;0;0
1753798952;0;0;61440;0;0;0;0;0;0;0
1753798953;106496;0;0;0;0;0;0;0;0;0
1753798954;0;0;0;0;0;0;0;0;0;0
1753798955;0;0;0;0;122880;0;0;0;0;0
1753798956;118784;167936;0;0;0;147456;0;102400;0;0
1753798957;0;0;0;0;0;0;0;0;77824;0
1753798958;28672;4096;77824;0;0;0;0;0;0;0
1753798959;24576;0;0;0;0;0;565248;0;0;0
1753798960;0;0;0;0;0;0;110592;0;0;0
1753798961;188416;0;0;0;0;0;0;208896;0;0
1753798962;0;0;0;0;0;0;0;0;0;0
1753798963;131072;0;0;0;0;0;0;65536;0;0
1753798964;0;0;0;45056;0;0;0;425984;0;0
1753798965;0;53248;0;0;0;53248;0;0;0;0
1753798966;0;0;0;81920;0;0;0;0;0;0
1753798967;0;0;0;200704;0;0;122880;0;0;0
1753798968;0;0;0;0;0;0;0;0;0;0
1753798969;0;0;0;0;0;0;131072;0;0;0
1753798970;0;0;0;0;0;0;0;0;0;0
1753798971;0;0;0;0;73728;0;0;0;0;0
1753798972;0;0;0;0;0;0;0;0;0;0
1753798973;0;0;0;0;0;0;0;0;0;0
1753798974;0;0;0;0;0;0;0;0;0;0
1753798975;20480;0;0;0;0;0;0;0;0;0
1753798976;0;0;0;49152;0;0;0;0;0;0
1753798977;0;0;0;0;0;0;0;0;0;0
1753798978;0;57344;0;45056;0;0;0;0;0;0
1753798979;0;0;0;102400;0;0;36864;0;0;0
1753798980;0;0;0;0;0;0;0;0;0;0
1753798981;114688;180224;0;0;0;0;0;0;0;0
1753798982;0;53248;0;0;0;0;0;0;0;0
1753798983;32768;188416;0;0;0;0;0;0;0;0
1753798984;0;0;0;0;0;12288;0;0;0;0
1753798985;0;0;0;0;0;0;0;0;0;0
1753798986;0;0;0;0;0;0;0;0;0;0
1753798987;0;1126400;40960;16384;0;0;0;0;126976;0
1753798988;0;0;0;0;0;0;0;0;0;65536
1753798989;0;0;0;0;0;0;315392;0;0;0
1753798990;0;0;0;0;0;0;0;0;90112;0
1753798991;0;0;0;114688;73728;0;0;0;0;0
1753798992;0;0;131072;0;0;0;0;45056;0;0
1753798993;0;0;0;0;0;0;0;0;0;0
1753798994;0;0;155648;45056;0;0;0;0;0;0
1753798995;0;0;57344;0;0;0;0;131072;0;0
1753798996;0;0;69632;0;0;0;0;0;0;0
1753798997;0;0;0;0;0;0;0;0;0;0
1753798998;53248;0;0;0;0;0;0;0;0;0
1753798999;0;114688;0;0;0;0;0;0;49152;0
1753799000;0;0;0;0;0;65536;0;0;0;0
1753799001;0;0;0;0;0;0;0;0;0;0
1753799002;0;0;94208;0;0;0;0;0;0;0
1753799003;90112;0;0;0;0;0;0;0;237568;225280
1753799004;0;0;0;0;0;0;0;0;0;0
1753799005;0;0;0;0;0;0;0;0;0;0
1753799006;0;0;0;0;0;0;0;0;0;0
1753799007;0;0;36864;0;208896;0;0;0;0;0
1753799008;0;0;0;0;65536;0;57344;94208;0;0
1753799009;0;0;0;0;73728;0;0;0;36864;0
1753799010;0;0;0;0;0;0;0;0;57344;0
1753799011;278528;0;94208;0;36864;430080;0;0;0;0
1753799012;0;0;69632;0;86016;0;0;0;69632;0
1753799013;98304;430080;0;0;0;0;0;0;0;0
1753799014;0;0;0;0;139264;0;0;0;151552;0
1753799015;0;118784;0;0;106496;0;270336;0;0;28672
1753799016;131072;0;0;86016;0;65536;0;0;0;0
1753799017;0;0;0;0;0;0;0;0;98304;0
1753799018;0;0;229376;0;0;0;0;0;0;0
1753799019;0;0;0;0;0;0;0;110592;8192;0
1753799020;0;0;0;0;0;0;0;32768;0;0
1753799021;0;0;0;0;0;151552;0;0;0;65536
1753799022;0;0;0;0;0;0;0;0;0;0
1753799023;319488;0;0;0;0;0;0;0;0;0
1753799024;0;0;0;0;0;131072;0;0;28672;0
1753799025;0;245760;0;20480;0;0;0;0;90112;0
1753799026;0;319488;0;0;98304;0;0;0;0;0
1753799027;0;0;98304;0;0;0;0;0;0;0
1753799028;0;131072;0;0;0;0;0;0;0;0
1753799029;0;0;0;0;0;0;0;0;0;0
1753799030;0;0;0;0;0;0;0;0;0;0
1753799031;0;0;4096;0;0;0;0;0;0;0
1753799032;4096;0;73728;0;53248;0;0;0;0;0
1753799033;0;0;0;0;0;0;0;0;0;0
1753799034;0;0;8192;0;0;98304;172032;0;0;0
1753799035;0;0;0;0;0;0;77824;0;0;0
1753799036;0;0;0;0;0;122880;0;0;0;0
1753799037;0;0;0;0;0;0;0;0;0;0
1753799038;0;0;0;0;0;0;0;0;0;0
1753799039;0;0;0;0;61440;0;28672;0;0;0
1753799040;0;0;0;0;0;0;0;0;0;0
