Time;{instance="10.231.0.208:9100"};{instance="192.168.221.10:9100"};{instance="192.168.221.11:9100"};{instance="192.168.221.12:9100"}
1690546352;26.000000000931323;15.999999999985462;3.999999999996362;28.000000000065484
1690546353;46.249999990686774;10.499999999956358;1.0000000000218279;51.50000000003274
1690546354;37.500000023283064;11.9999999999891;3.9999999999054126;86.99999999998909
1690546355;36.99999998789281;14.50000000004367;4.500000000098225;84.00000000001455
1690546356;37.250000005587935;12.499999999909065;2.49999999996362;95.49999999990177
1690546357;27.250000019557774;14.000000000123705;2.0000000000436557;96.50000000001455
1690546358;5.7499999878928065;14.000000000032756;1.9999999999527063;97.00000000002547
1690546359;33.749999990686774;14.49999999995272;2.999999999974534;99.00000000006912
1690546360;38.249999983236194;14.49999999995272;4.500000000007276;96.99999999993452
1690546361;43.000000016763806;11.499999999978186;2.0000000000436557;97.50000000003638
1690546362;40.50000000279397;12.500000000090964;3.999999999996362;97.99999999995634
1690546363;17.500000004656613;14.49999999995272;1.9999999999527063;98.49999999996726
1690546364;26.249999995343387;20.49999999999274;2.49999999996362;89.50000000004366
1690546365;24.750000005587935;23.000000000047308;5.000000000109139;95.49999999999272
1690546366;2.2499999962747097;60.00000000003639;2.49999999996362;75.99999999993088
1690546367;1.9999999785795808;66.49999999990541;2.999999999974534;96.50000000001455
1690546368;26.000000000931323;11.9999999999891;3.0000000000654836;96.00000000009459
1690546369;36.00000003352761;15.500000000065498;1.9999999999527063;97.49999999994543
1690546370;20.499999984167516;16.499999999905427;5.999999999949068;99.49999999998909
1690546371;1.000000024214387;13.000000000101878;3.5000000000763976;96.50000000001455
1690546372;1.4999999664723873;12.499999999909065;2.999999999974534;99.50000000008004
1690546373;-0.5000000121071935;44.50000000006186;2.5000000000545697;83.9999999999236
1690546374;2.0000000251457095;15.499999999974548;1.9999999999527063;64.00000000003274
1690546375;1.2499999953433871;25.000000000000014;6.000000000040018;97.99999999995634
1690546376;1.000000024214387;46.500000000014566;1.9999999999527063;84.50000000002547
1690546377;1.2499999953433871;13.000000000010928;2.49999999996362;81.49999999995998
1690546378;0.9999999776482582;25.79681274901486;2.49999999996362;97.50000000003638
1690546379;0.750000006519258;33.232931726819984;2.0000000000436557;90.49999999997453
1690546380;1.0000000009313226;20.500000000083688;4.500000000098225;62.5
1690546381;1.500000013038516;9.50000000002548;1.4999999999417923;96.5000000001055
1690546382;1.7499999841675162;32.99999999990179;3.999999999996362;76.9999999999527
1690546383;-0.24999999441206455;12.00000000008005;2.49999999996362;93.50000000004002
1690546384;1.9999999785795808;30.500000000029118;2.5000000000545697;83.49999999991269
1690546385;2.250000019557774;20.999999999912703;3.999999999996362;58.50000000000364
1690546386;3.0000000027939677;16.500000000087326;2.999999999974534;94.4999999999709
1690546387;18.749999976716936;33.50000000000365;2.0000000000436557;98.0000000000473
1690546388;23.00000002142042;17.499999999927255;2.9999999998835847;98.99999999997817
1690546389;31.25;12.500000000000014;4.0000000000873115;95.49999999999272
1690546390;2.750000008381903;17.500000000018204;4.99999999992724;98.99999999997817
1690546391;10.499999998137355;12.500000000000014;2.5000000000545697;97.00000000002547
1690546392;4.74999996367842;49.50000000008005;3.5000000000763976;93.50000000004002
1690546393;25.25000001769513;13.499999999930893;1.9999999998617568;67.50000000001819
1690546394;30.75000001117587;12.499999999909065;3.0000000000654836;96.4999999999236
1690546395;17.749999999068677;36.00000000005822;3.999999999996362;98.49999999996726
1690546396;14.500000001862645;18.500000000040032;3.499999999985448;99.00000000006912
1690546397;25.499999965541065;10.500000000047308;2.5000000000545697;96.50000000001455
1690546398;5.750000034458935;14.999999999963634;2.49999999996362;98.99999999997817
1690546399;3.499999991618097;32.99999999999274;1.0000000000218279;97.00000000002547
1690546400;16.50000000372529;15.999999999985462;4.99999999992724;98.99999999997817
1690546401;32.49999997206032;13.500000000021842;2.0000000000436557;94.99999999998181
1690546402;19.250000035390258;13.000000000010928;3.999999999996362;98.0000000000473
1690546403;25.749999983236194;15.999999999985462;2.5000000000545697;93.50000000004002
1690546404;2.749999985098839;29.50000000000729;2.4999999998726707;95.49999999990177
1690546405;1.500000013038516;17.00000000000729;3.0000000000654836;70.50000000008367
1690546406;-0.4999999888241291;14.49999999995272;3.0000000000654836;92.49999999992724
1690546407;1.4999999897554517;13.999999999941807;2.49999999996362;93.50000000004002
1690546408;17.250000033527613;31.00000000013098;1.9999999999527063;98.99999999997817
1690546409;5.749999964609742;72.99999999995634;2.5000000000545697;98.99999999997817
1690546410;13.000000035390258;19.49999999997091;5.499999999938154;98.0000000000473
1690546411;25.74999995995313;21.000000000003652;3.0000000000654836;93.99999999995998
1690546412;39.74999999627471;17.00000000000729;2.999999999974534;98.50000000005821
1690546413;35.00000003259629;27.500000000054584;2.0000000000436557;93.99999999995998
1690546414;27.750000008381903;18.999999999959996;2.999999999974534;96.00000000000364
1690546415;41.24999998603016;13.500000000021842;3.9999999999054126;95.49999999999272
1690546416;37.24999998230487;25.500000000010928;3.5000000000763976;96.50000000001455
1690546417;1.0000000009313226;34.630738522888734;2.49999999996362;97.99999999995634
1690546418;35.750000015832484;16.33266533065769;3.5000000000763976;97.00000000011642
1690546419;27.999999979510903;26.000000000021842;2.999999999974534;96.4999999999236
1690546420;45.250000013038516;19.49999999997091;3.499999999985448;97.49999999994543
1690546421;41.749999998137355;9.000000000014566;3.499999999985448;92.00000000000728
1690546422;39.750000019557774;18.000000000029118;3.499999999985448;96.00000000009459
1690546423;40.74999997392297;13.000000000010928;2.0000000000436557;97.99999999995634
1690546424;22.249999991618097;14.999999999963634;1.5000000000327418;96.50000000001455
1690546425;25.000000023283064;39.000000000032756;4.99999999992724;96.99999999993452
1690546426;2.4999999906867743;45.49999999990179;5.00000000001819;71.50000000001455
1690546427;12.101593619004717;26.000000000021842;1.4999999999417923;71.50000000001455
1690546428;16.917670669640046;20.49999999999274;3.5000000000763976;93.50000000004002
1690546429;12.000000011175871;13.000000000101878;2.49999999996362;97.49999999994543
1690546430;1.7499999841675162;16.499999999996376;4.500000000007276;98.99999999997817
1690546431;1.750000030733645;35.49999999995636;2.999999999974534;97.50000000003638
1690546432;0.4999999888241291;56.9999999999709;3.5000000000763976;100
1690546433;3.7499999860301614;26.500000000032756;2.5000000000545697;100
1690546434;28.000000002793968;10.999999999967272;2.4999999998726707;96.50000000001455
1690546435;33.7500000372529;17.00000000000729;3.0000000000654836;98.49999999996726
1690546436;20.499999960884452;19.999999999981824;3.499999999985448;99.49999999998909
1690546437;22.75000000372529;11.500000000069136;2.5000000000545697;88.50000000011278
1690546438;29.49999999254942;14.49999999995272;1.9999999998617568;98.50448654034622
1690546439;6.000000028871;17.00000000000729;2.0000000000436557;95.98796389167867
1690546440;0.750000006519258;15.499999999974548;6.500000000050932;100
1690546441;1.500000013038516;55.50000000002911;3.499999999985448;90.99999999998545
1690546442;1.9999999552965164;24.50000000008005;3.499999999985448;54.500000000007276
1690546443;2.3283064365386963e-08;10.499999999865409;1.9999999999527063;95.99999999991269
1690546444;1.2499999953433871;44.00000000005093;2.5000000000545697;94.50000000006185
1690546445;1.7500000074505806;43.000000000029104;4.500000000007276;66.49999999999636
1690546446;0.2499999711290002;17.500000000018204;2.5000000000545697;98.50000000005821
1690546447;1.0000000009313226;10.499999999956358;1.4999999999417923;96.99999999993452
1690546448;0.5000000121071935;46.500000000014566;3.999999999996362;96.50000000001455
1690546449;1.2500000186264515;13.999999999941807;2.0000000000436557;67.50000000001819
1690546450;0.24999999441206455;14.50000000004367;3.999999999996362;98.49999999996726
1690546451;1.0000000009313226;13.000000000010928;3.4999999998944986;100
1690546452;1.2500000186264515;35.49999999995636;4.500000000098225;96.99999999993452
1690546453;0.9999999776482582;23.000000000047308;1.4999999999417923;97.00000000002547
1690546454;1.9999999785795808;8.500000000003652;2.0000000000436557;91.50000000008731
1690546455;-0.4999999888241291;10.500000000047308;1.9999999999527063;99.49999999998909
1690546456;1.2500000186264515;14.999999999963634;5.500000000029104;78.49999999998545
1690546457;1.9999999785795808;36.499999999978186;1.5000000000327418;96.99999999993452
1690546458;0.5000000121071935;24.4999999999891;2.9999999998835847;90.99999999998545
1690546459;1.0000000009313226;15.999999999985462;1.5000000000327418;93.00000000012005
1690546460;1.0000000009313226;44.99999999998181;2.5000000000545697;100
1690546461;5.499999993480742;18.500000000040032;5.999999999949068;70.49999999999272
1690546462;16.250000009313226;41.499999999996376;3.5000000000763976;97.99999999995634
1690546463;0.750000006519258;38.50000000002184;2.49999999996362;100
1690546464;6.499999971129;13.999999999941807;3.0000000000654836;94.4999999999709
1690546465;0.7499999832361937;11.499999999978186;1.9999999998617568;98.99999999997817
1690546466;5.250000022351742;19.50000000015281;6.500000000050932;99.00000000006912
1690546467;1.000000024214387;45.9999999999127;2.5000000000545697;97.50000000003638
1690546468;8.00000000745058;31.99999999997091;2.5000000000545697;97.99999999995634
1690546469;31.999999983236194;17.00000000009824;2.9999999998835847;92.50000000001819
1690546470;35.74999999254942;13.999999999941807;5.000000000109139;90.99999999998545
1690546471;15.999999991618097;32.499999999981824;3.9999999999054126;94.4999999999709
1690546472;42.74999999906868;15.000000000054584;3.0000000000654836;86.99999999998909
1690546473;25.000000023283064;16.99999999991634;2.49999999996362;98.50000000005821
1690546474;23.50000001024455;12.500000000000014;1.5000000000327418;96.00000000000364
1690546475;9.499999973922968;11.500000000069136;2.999999999974534;98.49999999996726
1690546476;1.0000000009313226;21.000000000003652;3.999999999996362;99.49999999998909
1690546477;0.750000006519258;54.99999999992725;3.499999999985448;68.99999999995998
1690546478;29.49999999254942;17.500000000018204;3.499999999985448;64.4999999999527
1690546479;39.000000013038516;16.00000000007641;3.999999999996362;98.00000000013824
1690546480;34.99999998603016;13.499999999930893;2.5000000000545697;98.99999999997817
1690546481;5.250000022351742;23.499999999967272;5.499999999938154;99.49999999998909
1690546482;38.49999997764826;16.00000000007641;5.00000000001819;94.99999999998181
1690546483;28.750000009313226;11.499999999978186;2.0000000000436557;98.49999999996726
1690546484;35.999999986961484;13.500000000021842;4.4999999999163265;98.99999999997817
1690546485;29.500000015832484;9.999999999945445;2.5000000000545697;95.00000000007276
1690546486;5.750000011175871;53.99999999999637;5.500000000029104;98.49999999996726
1690546487;1.4999999664723873;43.50000000004002;25;52.999999999974534
1690546488;23.750000004656613;10.000000000036394;2.49999999996362;70.49999999999272
1690546489;4.00000000372529;16.499999999905427;3.499999999985448;98.0000000000473
1690546490;16.749999998137355;22.00000000002548;2.5000000000545697;98.50000000005821
1690546491;8.750000013969839;47.50000000003638;3.499999999985448;99.49999999998909
1690546492;1.7499999841675162;23.999999999978186;5.500000000029104;93.49999999994907
1690546493;41.99999999254942;12.500000000000014;1.4999999999417923;80.00000000001819
1690546494;39.50000002514571;15.000000000054584;4.500000000007276;96.4999999999236
1690546495;25.749999983236194;13.499999999930893;2.0000000000436557;98.99999999997817
1690546496;5.250000022351742;34.50000000002548;3.9999999999054126;96.5000000001055
1690546497;16.99999999254942;12.500000000000014;2.5000000000545697;77.00000000004366
1690546498;1.500000013038516;31.000000000040032;3.999999999996362;92.49999999992724
1690546499;0.750000006519258;15.999999999985462;2.999999999974534;72.00000000002547
1690546500;0.9999999776482582;14.50000000004367;3.0000000000654836;100
1690546501;8.250000001862645;13.999999999941807;4.99999999992724;100
1690546502;14.500000001862645;27.99999999997455;4.0000000000873115;78.49999999998545
1690546503;1.7500000074505806;38.000000000010914;2.49999999996362;86.49999999997817
1690546504;13.500000000931323;20.49999999999274;2.999999999974534;100
1690546505;23.74999998137355;13.000000000010928;2.999999999974534;97.49999999994543
1690546506;26.750000030733645;14.000000000032756;5.000000000109139;97.50000000012733
1690546507;3.249999973922968;12.499999999909065;1.9999999999527063;96.50000000001455
1690546508;-0.750000006519258;48.00000000004731;22.50000000003638;92.00000000000728
1690546509;2.5000000139698386;46.00000000000365;3.4999999998944986;50.99999999993088
1690546510;0.49999996554106474;12.500000000000014;3.999999999996362;87.5
1690546511;1.5000000363215804;11.499999999978186;4.500000000098225;100
1690546512;-0.2500000176951289;14.000000000032756;3.4999999998944986;98.99999999997817
1690546513;0.7499999832361937;32.499999999981824;2.5000000000545697;68.0000000000291
1690546514;3.000000026077032;12.500000000000014;2.49999999996362;81.9999999999709
1690546515;21.500000008381903;24.50000000008005;2.5000000000545697;98.49999999996726
1690546516;30.499999970197678;12.499999999909065;6.499999999959982;98.50000000005821
1690546517;7.250000024214387;32.99999999999274;2.5000000000545697;99.49999999998909
1690546518;12.5;25.000000000000014;4.4999999999163265;96.50000000001455
1690546519;22.249999991618097;22.00000000002548;2.5000000000545697;90.99999999998545
1690546520;2.5000000139698386;59.99999999994544;2.999999999974534;92.50000000001819
1690546521;15.750000020489097;19.999999999981824;5.500000000029104;55.499999999938154
1690546522;10.499999998137355;26.500000000123705;3.999999999996362;98.49999999996726
1690546523;8.74999996740371;25.49999999991998;2.49999999996362;83.00000000008367
1690546524;27.50000001396984;10.999999999967272;2.999999999974534;96.50000000001455
1690546525;14.99999996740371;36.500000000069136;3.0000000000654836;98.0000000000473
1690546526;2.2500000428408384;17.00000000000729;5.00000000001819;59.499999999934516
1690546527;15.499999979510903;14.999999999963634;1.9999999999527063;97.99999999995634
1690546528;26.75000000745058;21.0000000000946;9.500000000025466;99.49999999998909
1690546529;27.000000001862645;12.999999999919979;3.499999999985448;92.50000000001819
1690546530;23.750000004656613;20.49999999999274;7.000000000061846;94.4999999999709
1690546531;31.74999998882413;11.499999999978186;3.9999999999054126;90.50000000006548
1690546532;37.250000005587935;13.500000000021842;5.00000000001819;95.49999999999272
1690546533;36.74999999348074;14.000000000032756;1.5000000000327418;93.49999999994907
1690546534;24.750000005587935;12.500000000000014;3.499999999985448;89.50000000004366
1690546535;11.000000010244548;23.499999999967272;1.4999999999417923;92.99999999993815
1690546536;-2.3283064365386963e-08;56.9999999999709;5.500000000120053;72.00000000002547
1690546537;1.500000013038516;28.999999999996376;2.49999999996362;52.999999999974534
1690546538;1.0000000009313226;13.000000000101878;3.999999999996362;82.50000000007276
1690546539;4.499999992549419;14.999999999963634;3.0000000000654836;92.00000000000728
1690546540;16.75000002142042;39.999999999963634;2.4999999998726707;96.00000000000364
1690546541;1.4999999897554517;68.0000000000291;7.000000000061846;98.49999999996726
1690546542;20.499999984167516;12.999999999919979;3.999999999996362;97.50000000003638
1690546543;24.750000005587935;12.00000000008005;2.49999999996362;92.99999999993815
1690546544;25.750000006519258;8.999999999923617;3.0000000000654836;99.49999999998909
1690546545;24.250000016763806;13.500000000112792;1.9999999999527063;97.50000000012733
1690546546;23.999999975785613;33.4999999999127;4.500000000007276;96.99999999993452
1690546547;-0.24999999441206455;49.000000000069136;1.5000000000327418;93.50000000004002
1690546548;0.750000006519258;39.49999999995272;2.999999999974534;62.999999999919964
1690546549;31.000000005587935;11.000000000058222;2.49999999996362;79.00000000008731
1690546550;35.999999986961484;13.999999999941807;2.0000000000436557;97.99999999995634
1690546551;28.249999997206032;15.999999999985462;5.500000000029104;97.49999999994543
1690546552;33.00000000745058;13.500000000021842;3.9999999999054126;98.50000000005821
1690546553;26.249999995343387;15.999999999985462;2.0000000000436557;99.49999999998909
1690546554;21.500000008381903;35.000000000036394;2.49999999996362;94.4999999999709
1690546555;4.250000021420419;13.000000000010928;3.5000000000763976;100
1690546556;14.249999984167516;23.999999999978186;5.999999999949068;86.50000000006912
1690546557;14.49999997857958;39.50000000004367;2.0000000000436557;99.49999999998909
1690546558;0.750000006519258;23.999999999978186;13.500000000021828;94.99999999998181
1690546559;1.7500000074505806;9.999999999945445;2.999999999974534;84.99999999994543
1690546560;0.4999999888241291;15.500000000065498;2.999999999974534;98.0000000000473
1690546561;1.000000024214387;17.99999999993817;4.500000000007276;94.50000000006185
1690546562;2.4999999906867743;33.50000000000365;3.999999999996362;87.5
1690546563;13.999999966472387;11.499999999978186;1.9999999999527063;87.99999999991996
1690546564;26.25000001862645;13.000000000010928;3.0000000000654836;89.00000000003274
1690546565;29.000000027008355;14.000000000032756;2.999999999974534;96.00000000000364
1690546566;27.249999972991645;17.499999999927255;5.00000000001819;98.49999999996726
1690546567;35.999999986961484;25.500000000101878;2.49999999996362;95.49999999999272
1690546568;4.500000039115548;40.99999999998546;3.0000000000654836;98.0000000000473
1690546569;20.499999960884452;18.499999999949083;3.499999999985448;90.99999999998545
1690546570;42.000000015832484;14.50000000004367;2.5000000000545697;94.50000000006185
1690546571;35.49999997485429;10.000000000036394;5.499999999938154;98.49999999996726
1690546572;29.00000005029142;16.99999999991634;4.4999999999163265;97.99999999995634
1690546573;21.749999979510903;13.500000000021842;1.5000000000327418;98.99999999997817
1690546574;2.000000001862645;39.000000000032756;2.0000000000436557;85.99999999996726
1690546575;4.00000000372529;34.000000000014566;2.999999999974534;51.00000000002183
1690546576;31.000000005587935;12.500000000000014;6.000000000040018;80.5000000000291
1690546577;25.999999977648258;10.499999999956358;1.9999999999527063;98.49999999996726
1690546578;3.499999991618097;11.500000000069136;3.0000000000654836;98.99999999997817
1690546579;1.4999999897554517;34.999999999945445;1.9999999999527063;99.49999999998909
1690546580;0.5000000121071793;14.000000000032756;2.999999999974534;91.49999999999636
1690546581;4.000000027008355;10.499999999956358;4.500000000007276;84.50000000011642
1690546582;3.0000000027939677;55.49999999993817;4.500000000007276;97.99999999995634
1690546583;0.7500000065192438;21.0000000000946;2.5000000000545697;81.9999999999709
1690546584;16.24999998603016;13.499999999930893;1.9999999999527063;85.5000000000473
1690546585;29.749999986961484;13.000000000010928;3.0000000000654836;96.4999999999236
1690546586;37.99999998882413;11.9999999999891;4.99999999992724;97.50000000003638
1690546587;31.000000005587935;12.500000000090964;2.5000000000545697;99.00000000006912
1690546588;8.750000013969839;11.499999999978186;13.999999999941792;99.49999999998909
1690546589;0.2499999711290002;43.49999999994907;26.500000000032742;100
1690546590;14.50000002514571;14.50000000004367;5.499999999938154;95.49999999999272
1690546591;1.0000000009313226;11.499999999978186;5.00000000001819;97.99999999995634
1690546592;1.7499999841675162;13.000000000010928;4.500000000007276;100
1690546593;0;44.999999999981824;1.5000000000327418;98.99999999997817
1690546594;0.9999999776482582;47.00000000002548;3.499999999985448;100
1690546595;1.750000030733645;12.500000000000014;2.49999999996362;100
1690546596;0.2500000176951289;10.499999999956358;6.000000000040018;99.49999999998909
1690546597;1.4999999897554517;18.500000000040032;2.0000000000436557;100
1690546598;1.2499999953433871;20.49999999999274;2.49999999996362;96.50000000001455
1690546599;1.0000000009313226;45.499999999992724;3.999999999996362;61.999999999989086
1690546600;2.000000001862645;23.500000000058222;2.49999999996362;52.000000000043656
1690546601;14.25000000745058;12.500000000000014;4.500000000007276;85.5000000000473
1690546602;23.250000015832484;21.99999999993453;5.500000000029104;88.49999999993088
1690546603;22.99999997485429;21.99999999993453;2.999999999974534;97.99999999995634
1690546604;18.500000005587935;19.000000000050946;2.0000000000436557;99.00000000006912
1690546605;19.749999977648258;15.500000000065498;2.5000000000545697;93.50000000004002
1690546606;9.250000002793968;17.99999999993817;3.499999999985448;96.4999999999236
1690546607;1.0000000009313226;10.500000000047308;3.9999999999054126;92.50000000001819
1690546608;1.0000000009313226;10.999999999967272;2.0000000000436557;89.4999999999527
1690546609;2.0000000251457095;9.50000000002548;3.499999999985448;97.00000000011642
1690546610;0.7499999832361937;39.999999999963634;2.49999999996362;74.49999999998909
1690546611;1.2500000186264515;23.999999999978186;3.999999999996362;52.999999999974534
1690546612;17.749999999068677;30.000000000018204;5.000000000109139;92.00000000000728
1690546613;5.499999993480742;49.000000000069136;2.9999999998835847;98.99999999997817
1690546614;17.999999993480742;17.00000000000729;2.0000000000436557;93.99999999995998
1690546615;31.25;15.499999999883599;3.0000000000654836;98.0000000000473
1690546616;26.749999984167516;31.500000000050946;1.9999999999527063;97.99999999995634
1690546617;15.000000013969839;23.000000000047308;4.99999999992724;100
1690546618;22.75000000372529;10.499999999956358;2.5000000000545697;93.99999999995998
1690546619;32.00000000651926;13.000000000010928;3.0000000000654836;94.50000000006185
1690546620;35.750000015832484;14.999999999963634;1.9999999999527063;97.49999999994543
1690546621;36.74999997019768;9.50000000002548;2.49999999996362;97.50000000012733
1690546622;23.750000004656613;13.499999999930893;6.999999999970896;98.49999999996726
1690546623;2.2499999962747097;28.50000000007641;1.5000000000327418;98.0000000000473
1690546624;22.249999991618097;26.500000000032756;2.0000000000436557;82.49999999998181
1690546625;1.7500000074505806;32.499999999981824;2.5000000000545697;94.99999999998181
1690546626;1.4999999664723873;44.499999999970896;3.788634097601687;
1690546627;14.50000002514571;11.500000000069136;12.236710130482393;
1690546628;26.000000000931323;11.499999999887237;4.99999999992724;
1690546629;33.000000030733645;11.000000000058222;2.5000000000545697;96.98189134811415
1690546630;28.000000002793968;12.500000000000014;2.49999999996362;97.99999999995634
1690546631;15.999999991618097;10.000000000036394;2.49999999996362;98.0000000000473
1690546632;6.25;41.49999999990543;7.50000000007276;99.49999999998909
1690546633;1.4999999664723873;37.00000000008005;9.99999999994543;98.49999999996726
1690546634;20.75000002514571;12.500000000000014;2.999999999974534;100
1690546635;26.249999972060323;12.500000000000014;1.5000000000327418;96.50000000001455
1690546636;2.250000019557774;13.999999999941807;3.5000000000763976;98.50000000005821
1690546637;2.3283064365386963e-08;7.999999999992738;3.9999999999054126;100
1690546638;1.2499999720603228;26.000000000021842;1.9999999999527063;98.49999999996726
1690546639;0.5000000121071935;25.000000000090964;12.50000000009095;52.999999999974534
1690546640;0.9999999776482582;13.999999999941807;3.999999999996362;96.00000000000364
1690546641;1.750000030733645;26.500000000032756;2.999999999974534;96.50000000001455
1690546642;0.4999999888241291;22.99999999995636;4.500000000007276;64.50000000004366
1690546643;1.2499999953433871;53.49999999998546;1.9999999999527063;99.49999999998909
1690546644;1.2499999720603228;21.000000000003652;4.0000000000873115;97.99999999995634
1690546645;0.5000000353902578;14.000000000032756;1.4999999999417923;92.00000000000728
1690546646;1.2499999720603228;14.000000000032756;3.999999999996362;97.00000000002547
1690546647;1.000000024214387;18.999999999959996;3.999999999996362;99.49999999998909
1690546648;0.750000006519258;91.0000000000764;1.0000000000218279;75.49999999991996
1690546649;1.7499999841675162;12.499999999909065;2.999999999974534;66.49999999999636
1690546650;2.0000000251457095;15.499999999974548;6.000000000040018;97.50000000003638
1690546651;-2.3283064365386963e-08;11.9999999999891;2.999999999974534;99.00000000006912
1690546652;1.2500000186264515;72.00000000002547;4.500000000007276;97.49999999994543
1690546653;2.2499999729916453;11.500000000069136;3.5000000000763976;78.00000000006548
1690546654;-0.4999999888241291;13.499999999930893;3.9999999999054126;13.999999999941792
1690546655;0.750000006519258;12.500000000000014;2.5000000000545697;4.4999999999163265
1690546656;2.250000019557774;14.49999999995272;3.999999999996362;5.500000000120053
1690546657;1.2499999953433871;13.500000000021842;5.999999999949068;3.9999999999054126
1690546658;-0.2500000176951289;13.500000000021842;2.5000000000545697;3.0000000000654836
1690546659;1.2499999953433871;13.000000000010928;3.499999999985448;5.00000000001819
1690546660;1.0000000009313226;16.499999999996376;3.499999999985448;5.499999999938154
1690546661;0.7499999832361937;10.500000000047308;3.499999999985448;6.500000000050932
1690546662;0.750000006519258;15.499999999883599;5.500000000029104;3.499999999985448
1690546663;1.0000000009313226;12.00000000008005;3.999999999996362;2.49999999996362
1690546664;2.2500000428408384;13.000000000010928;3.499999999985448;5.00000000001819
1690546665;0.2499999711290002;11.499999999978186;2.49999999996362;5.500000000029104
1690546666;0.750000006519258;14.50000000004367;4.500000000098225;1.9999999999527063
1690546667;1.2500000186264515;12.500000000000014;4.99999999992724;4.500000000007276
1690546668;1.7499999841675162;9.999999999945445;2.5000000000545697;3.499999999985448
1690546669;1.0000000009313226;11.499999999978186;2.49999999996362;12.000000000080036
1690546670;1.9999999785795808;15.000000000054584;2.999999999974534;6.499999999959982
1690546671;-0.2499999711290002;13.999999999941807;3.999999999996362;8.999999999923602
1690546672;1.0000000009313226;12.500000000000014;5.00000000001819;3.5000000000763976
1690546673;2.2499999729916453;12.00000000008005;3.999999999996362;2.0000000000436557
1690546674;2.0000000251457095;13.999999999941807;3.5000000000763976;3.9999999999054126
1690546675;0.750000006519258;12.00000000008005;2.9999999998835847;6.000000000040018
1690546676;0.9999999776482582;22.99999999995636;4.500000000098225;3.999999999996362
1690546677;0.5000000121071935;14.999999999963634;3.499999999985448;4.99999999992724
1690546678;1.2499999953433871;12.500000000000014;4.4999999999163265;2.0000000000436557
1690546679;0.5000000121071935;12.00000000008005;1.5000000000327418;2.5000000000545697
1690546680;1.2499999720603228;13.999999999941807;2.999999999974534;6.499999999959982
1690546681;1.4999999897554517;14.000000000032756;4.0000000000873115;2.999999999974534
1690546682;1.7500000074505806;14.50000000004367;4.99999999992724;4.0000000000873115
1690546683;-0.4999999888241291;10.999999999967272;3.499999999985448;2.0000000000436557
1690546684;1.7499999841675162;13.500000000021842;3.0000000000654836;3.9999999999054126
1690546685;1.0000000009313226;13.499999999930893;1.9999999999527063;6.000000000040018
1690546686;2.000000001862645;15.499999999974548;2.5000000000545697;1.9999999999527063
1690546687;1.0000000009313226;12.500000000000014;5.500000000029104;3.499999999985448
1690546688;1.2499999953433871;10.000000000036394;2.9999999998835847;4.0000000000873115
1690546689;0.750000006519258;11.9999999999891;3.0000000000654836;1.4999999999417923
1690546690;-0.4999999888241291;13.999999999941807;2.999999999974534;6.000000000040018
1690546691;1.7500000074505806;13.500000000021842;3.0000000000654836;4.4999999999163265
1690546692;1.2499999720603228;12.500000000090964;6.999999999970896;4.500000000098225
1690546693;0.750000006519258;12.500000000000014;4.500000000007276;2.999999999974534
1690546694;0.24999999441206455;12.500000000000014;2.49999999996362;3.499999999985448
1690546695;1.500000013038516;11.9999999999891;1.9999999999527063;6.000000000040018
1690546696;1.0000000009313226;15.499999999974548;4.500000000007276;1.9999999999527063
1690546697;1.2500000186264515;12.500000000000014;4.500000000098225;3.999999999996362
1690546698;0.7499999832361937;13.000000000010928;3.4999999998944986;2.0000000000436557
1690546699;0.4999999888241291;13.500000000021842;3.0000000000654836;2.9999999998835847
1690546700;2.5000000139698386;14.49999999995272;3.499999999985448;5.500000000120053
1690546701;0;11.499999999978186;3.0000000000654836;3.999999999996362
1690546702;1.7499999841675162;12.500000000000014;6.499999999959982;3.499999999985448
1690546703;1.0000000009313226;14.50000000004367;2.999999999974534;3.999999999996362
1690546704;1.5000000363215804;11.9999999999891;3.0000000000654836;3.999999999996362
1690546705;0.7499999832361937;12.500000000000014;2.49999999996362;5.00000000001819
1690546706;2.2499999729916453;15.500000000065498;2.999999999974534;2.999999999974534
1690546707;0.7500000298023224;12.999999999919979;5.00000000001819;5.00000000001819
1690546708;1.0000000009313226;11.9999999999891;2.999999999974534;3.4999999998944986
1690546709;2.749999985098839;11.500000000069136;3.499999999985448;2.0000000000436557
1690546710;1.000000024214387;15.999999999985462;5.999999999949068;6.000000000040018
1690546711;-2.3283064365386963e-08;13.499999999930893;2.5000000000545697;3.999999999996362
1690546712;1.2500000186264515;14.000000000032756;5.999999999949068;4.500000000007276
1690546713;0.24999999441206455;11.000000000058222;4.0000000000873115;1.5000000000327418
1690546714;1.500000013038516;12.999999999919979;2.0000000000436557;3.499999999985448
1690546715;0.2499999711290002;12.500000000000014;3.9999999999054126;5.499999999938154
1690546716;2.2499999962747097;15.499999999974548;2.5000000000545697;3.0000000000654836
1690546717;1.7500000074505806;14.000000000123705;5.499999999938154;2.49999999996362
1690546718;0;12.499999999909065;2.0000000000436557;4.500000000007276
1690546719;1.2499999953433871;11.9999999999891;3.499999999985448;2.49999999996362
1690546720;2.000000001862645;14.49999999995272;2.999999999974534;6.500000000050932
1690546721;-2.3283064365386963e-08;13.000000000010928;2.0000000000436557;3.999999999996362
1690546722;1.000000024214387;13.500000000021842;7.999999999992724;4.4999999999163265
1690546723;0.24999999441206455;13.000000000010928;3.499999999985448;2.0000000000436557
1690546724;2.750000008381903;12.00000000008005;3.0000000000654836;3.0000000000654836
1690546725;-0.24999999441206455;13.000000000010928;1.9999999999527063;6.499999999959982
1690546726;2.000000001862645;14.999999999963634;3.499999999985448;3.0000000000654836
1690546727;0.24999999441206455;12.999999999919979;5.500000000029104;2.4999999998726707
1690546728;1.7499999841675162;12.00000000008005;3.999999999996362;3.499999999985448
1690546729;1.2500000186264515;13.000000000010928;2.49999999996362;2.0000000000436557
1690546730;0;12.999999999919979;2.5000000000545697;7.49999999998181
1690546731;0;14.000000000032756;2.49999999996362;4.0000000000873115
1690546732;1.500000013038516;13.000000000010928;6.000000000040018;3.999999999996362
1690546733;0.750000006519258;14.000000000032756;3.999999999996362;3.499999999985448
1690546734;0.7499999832361937;11.499999999887237;2.49999999996362;3.999999999996362
1690546735;2.4999999906867743;12.500000000090964;2.999999999974534;5.499999999938154
1690546736;0.5000000121071935;17.00000000000729;3.0000000000654836;1.0000000001127773
1690546737;2.2499999962747097;14.49999999995272;5.499999999938154;2.9999999998835847
1690546738;-0.24999999441206455;12.500000000000014;3.0000000000654836;2.5000000000545697
1690546739;0.7499999832361937;11.500000000069136;3.499999999985448;2.49999999996362
1690546740;1.7500000074505806;13.999999999941807;2.999999999974534;6.500000000050932
1690546741;1.2500000186264515;11.500000000069136;2.49999999996362;3.999999999996362
1690546742;0;12.999999999919979;6.000000000040018;4.500000000007276
1690546743;2.49999996740371;14.000000000032756;3.499999999985448;2.49999999996362
1690546744;0.2500000176951289;13.500000000021842;3.0000000000654836;2.5000000000545697
1690546745;2.000000001862645;10.500000000047308;2.49999999996362;5.999999999949068
1690546746;0.7499999832361937;16.99999999991634;4.500000000007276;3.0000000000654836
1690546747;-0.2499999711290002;15.000000000054584;3.9999999999054126;3.4999999998944986
1690546748;1.4999999897554517;11.499999999978186;4.0000000000873115;2.0000000000436557
1690546749;0.750000006519258;13.999999999941807;2.999999999974534;2.999999999974534
1690546750;0.9999999776482582;13.000000000101878;2.0000000000436557;6.000000000040018
1690546751;1.2500000186264515;13.499999999930893;2.9999999998835847;5.00000000001819
1690546752;1.2499999953433871;10.999999999967272;4.500000000098225;4.500000000007276
1690546753;0.5000000121071935;15.000000000054584;5.500000000029104;1.4999999999417923
1690546754;0.9999999776482582;9.999999999945445;2.999999999974534;4.500000000007276
1690546755;1.0000000009313226;13.000000000010928;2.49999999996362;5.500000000029104
1690546756;1.0000000009313226;15.499999999974548;3.999999999996362;3.499999999985448
1690546757;2.2499999962747097;13.500000000112792;4.0000000000873115;3.499999999985448
1690546758;-0.24999999441206455;12.999999999919979;4.99999999992724;2.0000000000436557
1690546759;2.000000001862645;12.500000000000014;2.0000000000436557;4.4999999999163265
1690546760;1.0000000009313226;14.000000000032756;2.999999999974534;5.500000000029104
1690546761;1.7500000074505806;11.499999999978186;3.499999999985448;5.00000000001819
1690546762;-0.2500000176951289;12.500000000000014;3.5000000000763976;4.500000000007276
1690546763;1.000000024214387;14.000000000032756;5.999999999949068;4.500000000007276
1690546764;1.4999999897554517;11.499999999978186;2.999999999974534;3.999999999996362
1690546765;1.0000000009313226;13.000000000010928;2.5000000000545697;5.00000000001819
1690546766;0.9999999776482582;15.999999999985462;3.9999999999054126;2.999999999974534
1690546767;0.750000006519258;13.999999999941807;3.499999999985448;2.49999999996362
1690546768;1.500000013038516;14.000000000123705;4.500000000098225;3.5000000000763976
1690546769;1.7499999841675162;11.9999999999891;2.999999999974534;3.499999999985448
1690546770;0.7499999832361937;15.999999999985462;8.500000000003638;4.99999999992724
1690546771;1.5000000363215804;13.500000000021842;2.49999999996362;2.5000000000545697
1690546772;0.24999999441206455;12.999999999919979;4.500000000007276;5.499999999938154
1690546773;1.2499999953433871;13.000000000010928;6.999999999970896;2.5000000000545697
1690546774;1.2499999953433871;12.500000000000014;2.5000000000545697;2.5000000000545697
1690546775;2.250000019557774;11.499999999978186;2.49999999996362;5.499999999938154
1690546776;0.7499999832361937;18.000000000029118;3.0000000000654836;2.0000000000436557
1690546777;1.2499999953433871;10.000000000036394;4.4999999999163265;2.999999999974534
1690546778;2.3283064365386963e-08;15.499999999974548;5.000000000109139;3.999999999996362
1690546779;1.7499999841675162;12.999999999919979;3.9999999999054126;4.99999999992724
1690546780;1.0000000009313226;15.500000000065498;2.5000000000545697;5.500000000029104
1690546781;1.0000000009313226;12.500000000000014;3.499999999985448;4.0000000000873115
1690546782;2.3283064365386963e-08;10.999999999967272;4.99999999992724;5.499999999938154
1690546783;0.4999999888241291;15.000000000054584;6.500000000050932;1.5000000000327418
1690546784;1.0000000009313226;12.500000000000014;3.499999999985448;4.500000000007276
1690546785;1.0000000009313226;12.999999999919979;2.5000000000545697;4.500000000007276
1690546786;2.4999999906867743;16.00000000007641;2.999999999974534;2.49999999996362
1690546787;0.5000000121071935;12.500000000000014;5.500000000029104;3.499999999985448
1690546788;1.4999999664723873;13.999999999941807;5.499999999938154;2.5000000000545697
1690546789;0.2500000176951289;14.000000000032756;2.5000000000545697;3.4999999998944986
1690546790;1.7499999841675162;13.500000000021842;3.499999999985448;2.5000000000545697
1690546791;-0.24999999441206455;14.000000000032756;2.49999999996362;3.999999999996362
1690546792;1.2500000186264515;10.999999999967272;3.499999999985448;5.999999999949068
1690546793;1.0000000009313226;14.999999999963634;6.000000000040018;1.0000000000218279
1690546794;1.500000013038516;12.500000000090964;2.49999999996362;4.0000000000873115
1690546795;0.7499999832361937;11.99999999989815;2.5000000000545697;3.4999999998944986
1690546796;2.2499999729916453;24.000000000069136;3.9999999999054126;4.0000000000873115
1690546797;0.2500000176951289;14.49999999995272;3.0000000000654836;3.999999999996362
1690546798;1.2499999953433871;12.500000000000014;5.00000000001819;1.9999999999527063
1690546799;-0.4999999888241291;12.00000000008005;2.999999999974534;2.49999999996362
1690546800;1.500000013038516;14.999999999963634;3.0000000000654836;3.5000000000763976
1690546801;0.9999999776482582;13.999999999941807;3.4999999998944986;4.4999999999163265
1690546802;1.500000013038516;12.500000000090964;3.999999999996362;4.500000000098225
1690546803;0.24999999441207876;14.49999999995272;4.0000000000873115;2.5000000000545697
1690546804;1.2499999953433871;11.499999999978186;4.99999999992724;3.4999999998944986
1690546805;1.2500000186264515;13.000000000010928;2.0000000000436557;3.5000000000763976
1690546806;1.4999999664723873;15.999999999985462;5.00000000001819;5.499999999938154
1690546807;-0.4999999888241291;13.500000000021842;3.999999999996362;2.0000000000436557
1690546808;1.2500000186264515;13.500000000021842;5.499999999938154;3.499999999985448
1690546809;1.4999999897554517;11.9999999999891;2.0000000000436557;2.999999999974534
1690546810;2.2499999962747097;15.499999999974548;3.999999999996362;3.5000000000763976
1690546811;-0.4999999888241291;11.500000000069136;2.5000000000545697;5.999999999949068
1690546812;0.9999999776482582;15.499999999883599;5.499999999938154;4.500000000007276
1690546813;2.250000019557774;13.000000000101878;5.500000000029104;3.499999999985448
1690546814;0;13.000000000010928;3.999999999996362;2.0000000000436557
1690546815;1.7499999841675162;10.999999999967272;2.49999999996362;4.4999999999163265
1690546816;0;14.999999999963634;3.499999999985448;4.0000000000873115
1690546817;0.750000006519258;15.000000000054584;3.5000000000763976;2.4999999998726707
1690546818;1.2499999953433871;13.999999999941807;5.999999999949068;3.5000000000763976
1690546819;1.2499999953433871;12.500000000000014;2.5000000000545697;2.49999999996362
1690546820;1.000000024214387;11.500000000069136;2.49999999996362;4.0000000000873115
1690546821;1.2499999953433871;12.499999999909065;3.0000000000654836;4.99999999992724
1690546822;2.3283064365386963e-08;13.500000000021842;3.9999999999054126;6.999999999970896
1690546823;0.9999999776482582;11.9999999999891;5.999999999949068;4.500000000098225
1690546824;1.7499999841675162;12.00000000008005;3.0000000000654836;2.999999999974534
1690546825;1.000000024214387;10.999999999967272;2.0000000000436557;3.999999999996362
1690546826;0.4999999888241291;15.499999999974548;3.499999999985448;4.99999999992724
1690546827;0.750000006519258;15.499999999974548;3.9999999999054126;3.0000000000654836
1690546828;2.2499999962747097;14.50000000004367;4.500000000098225;2.49999999996362
1690546829;0.2499999711290002;12.999999999919979;2.999999999974534;3.0000000000654836
1690546830;0.750000006519258;14.000000000032756;7.000000000061846;4.4999999999163265
1690546831;0.750000006519258;12.500000000000014;2.9999999998835847;3.5000000000763976
1690546832;1.2500000186264515;12.500000000000014;4.0000000000873115;5.999999999949068
