Time;{instance="10.231.0.208:9100"};{instance="192.168.221.10:9100"};{instance="192.168.221.11:9100"};{instance="192.168.221.12:9100"}
1690546352;34086912;0;0;737280
1690546353;39505920;0;0;0
1690546354;204800;0;0;65536
1690546355;11739136;0;0;290816
1690546356;540672;0;0;622592
1690546357;40960;0;0;221184
1690546358;24576;0;0;364544
1690546359;84103168;0;0;0
1690546360;99618816;0;0;4096
1690546361;107810816;0;0;20480
1690546362;100888576;0;0;4096
1690546363;30584832;0;0;4096
1690546364;59875328;0;0;0
1690546365;52514816;0;0;126976
1690546366;0;0;0;102400
1690546367;0;0;0;0
1690546368;63483904;0;0;0
1690546369;96952320;0;0;98304
1690546370;48361472;0;0;0
1690546371;0;0;0;0
1690546372;0;0;0;0
1690546373;0;0;0;4096
1690546374;0;0;0;0
1690546375;0;0;0;49152
1690546376;0;0;0;159744
1690546377;0;0;0;0
1690546378;0;0;0;4096
1690546379;0;0;0;20480
1690546380;0;0;0;0
1690546381;0;0;0;122880
1690546382;0;0;0;81920
1690546383;0;0;0;0
1690546384;0;0;0;0
1690546385;0;0;0;2191360
1690546386;12288;0;0;17076224
1690546387;34795520;0;0;3518464
1690546388;60014592;0;0;8192
1690546389;79142912;0;0;4096
1690546390;0;0;0;2949120
1690546391;0;0;0;13864960
1690546392;0;0;0;10006528
1690546393;139264;0;0;65536
1690546394;15048704;0;0;94208
1690546395;7983104;0;0;4096
1690546396;0;0;0;0
1690546397;36864;0;0;49152
1690546398;0;0;0;0
1690546399;8192;0;0;3940352
1690546400;49152;0;0;786432
1690546401;29110272;0;0;4169728
1690546402;40472576;0;0;1822720
1690546403;57982976;0;0;1060864
1690546404;0;0;0;614400
1690546405;0;0;0;110592
1690546406;0;0;0;499712
1690546407;0;0;0;126976
1690546408;26824704;0;0;3846144
1690546409;6086656;0;0;90112
1690546410;25083904;0;0;724992
1690546411;59285504;0;0;290816
1690546412;91475968;0;0;1343488
1690546413;91881472;0;0;5730304
1690546414;73043968;0;0;692224
1690546415;102895616;0;0;237568
1690546416;90918912;0;0;2084864
1690546417;0;0;0;53248
1690546418;71143424;0;0;1568768
1690546419;59658240;0;0;4460544
1690546420;105926656;0;0;327680
1690546421;104849408;0;0;1105920
1690546422;89989120;0;0;491520
1690546423;109129728;0;0;1150976
1690546424;49987584;0;0;471040
1690546425;54366208;0;0;323584
1690546426;352256;0;0;1032192
1690546427;28578167.33067729;0;0;106496
1690546428;34927036.144578315;0;0;1634304
1690546429;29278208;0;0;8192000
1690546430;0;0;0;15536128
1690546431;0;0;0;11939840
1690546432;0;0;0;2154496
1690546433;8192;0;0;651264
1690546434;57954304;0;0;3772416
1690546435;84963328;0;0;61440
1690546436;50171904;0;0;159744
1690546437;51564544;0;0;172032
1690546438;67125248;0;0;20418.743768693923
1690546439;7323648;0;0;119141.42427281846
1690546440;0;0;0;0
1690546441;61440;0;0;61440
1690546442;0;0;0;0
1690546443;0;0;0;126976
1690546444;0;0;0;5287936
1690546445;0;0;0;0
1690546446;0;0;0;7221248
1690546447;0;0;0;13012992
1690546448;0;0;0;4321280
1690546449;0;0;0;4939776
1690546450;0;0;0;13467648
1690546451;0;0;0;15220736
1690546452;0;0;0;12242944
1690546453;0;0;0;1437696
1690546454;0;0;0;11206656
1690546455;0;0;0;14147584
1690546456;0;0;0;9433088
1690546457;0;0;0;15593472
1690546458;0;0;0;8646656
1690546459;0;0;0;24764416
1690546460;0;0;0;27451392
1690546461;8192;0;0;8421376
1690546462;34791424;0;0;11579392
1690546463;0;0;0;0
1690546464;11595776;0;0;7970816
1690546465;0;0;0;17141760
1690546466;4096;0;0;29798400
1690546467;4096;0;0;7589888
1690546468;16519168;0;0;6299648
1690546469;55459840;0;0;11984896
1690546470;83476480;0;0;11395072
1690546471;26988544;0;0;6242304
1690546472;104185856;0;0;3788800
1690546473;58200064;0;0;405504
1690546474;64147456;0;0;40960
1690546475;17162240;0;0;110592
1690546476;0;0;0;8192
1690546477;0;0;0;0
1690546478;48934912;0;0;417792
1690546479;104886272;0;0;3862528
1690546480;96899072;0;0;176128
1690546481;3792896;0;0;278528
1690546482;110055424;0;0;503808
1690546483;74485760;0;0;405504
1690546484;86855680;0;0;180224
1690546485;83464192;0;0;237568
1690546486;3792896;0;0;0
1690546487;0;0;0;0
1690546488;67710976;0;0;274432
1690546489;1888256;0;0;307200
1690546490;20742144;0;0;516096
1690546491;14090240;0;0;3710976
1690546492;4096;0;0;57344
1690546493;108118016;0;0;4300800
1690546494;105234432;0;0;593920
1690546495;62177280;0;0;286720
1690546496;1896448;0;0;266240
1690546497;34824192;0;0;385024
1690546498;0;0;0;466944
1690546499;0;0;0;98304
1690546500;0;0;0;0
1690546501;5529600;0;0;49152
1690546502;29270016;0;0;4534272
1690546503;0;0;0;65536
1690546504;32890880;0;0;28672
1690546505;59879424;0;0;663552
1690546506;67665920;0;0;520192
1690546507;1896448;0;0;372736
1690546508;0;0;0;77824
1690546509;0;0;0;0
1690546510;0;0;0;28672
1690546511;0;0;0;0
1690546512;0;0;0;286720
1690546513;0;0;0;0
1690546514;8192;0;0;0
1690546515;44744704;0;0;4464640
1690546516;69566464;0;0;122880
1690546517;13492224;0;0;28672
1690546518;25067520;0;0;299008
1690546519;44666880;0;0;90112
1690546520;0;0;0;4096
1690546521;41861120;0;0;0
1690546522;16121856;0;0;122880
1690546523;5513216;0;0;4321280
1690546524;73768960;0;0;163840
1690546525;36683776;0;0;7991296
1690546526;0;0;0;8998912
1690546527;8220672;0;0;12349440
1690546528;61448192;0;0;3899392
1690546529;62992384;0;0;737280
1690546530;63881216;0;0;352256
1690546531;72048640;0;0;380928
1690546532;94654464;0;0;1318912
1690546533;98144256;0;0;319488
1690546534;63533056;0;0;1052672
1690546535;17686528;0;0;315392
1690546536;0;0;0;4096
1690546537;0;0;0;0
1690546538;0;0;0;53248
1690546539;16384;0;0;0
1690546540;34840576;0;0;7340032
1690546541;0;0;0;12288
1690546542;47710208;0;0;471040
1690546543;52211712;0;0;434176
1690546544;71901184;0;0;61440
1690546545;60456960;0;0;8192
1690546546;46424064;0;0;3710976
1690546547;0;0;0;0
1690546548;0;0;0;0
1690546549;69570560;0;0;450560
1690546550;98258944;0;0;94208
1690546551;67837952;0;0;114688
1690546552;81231872;0;0;4096
1690546553;65966080;0;0;4096
1690546554;44490752;0;0;20480
1690546555;1896448;0;0;4096
1690546556;12926976;0;0;991232
1690546557;33472512;0;0;3899392
1690546558;0;0;0;172032
1690546559;0;0;0;323584
1690546560;0;0;0;36864
1690546561;0;0;0;61440
1690546562;0;0;0;12288
1690546563;23764992;0;0;3665920
1690546564;49590272;0;0;258048
1690546565;69578752;0;0;405504
1690546566;71208960;0;0;4096
1690546567;85639168;0;0;3956736
1690546568;1896448;0;0;45056
1690546569;53338112;0;0;4096
1690546570;112615424;0;0;245760
1690546571;83054592;0;0;24576
1690546572;79282176;0;0;167936
1690546573;54353920;0;0;4096
1690546574;0;0;0;8192
1690546575;11010048;0;0;0
1690546576;79859712;0;0;102400
1690546577;67727360;0;0;4096
1690546578;1896448;0;0;0
1690546579;0;0;0;0
1690546580;0;0;0;57344
1690546581;16384;0;0;11407360
1690546582;12288;0;0;4308992
1690546583;0;0;0;323584
1690546584;35512320;0;0;49152
1690546585;80445440;0;0;1892352
1690546586;97947648;0;0;196608
1690546587;85692416;0;0;24576
1690546588;13492224;0;0;7827456
1690546589;0;0;0;0
1690546590;34787328;0;0;8716288
1690546591;0;0;0;12816384
1690546592;0;0;0;16052224
1690546593;0;0;0;12259328
1690546594;0;0;0;0
1690546595;0;0;0;7925760
1690546596;0;0;0;15450112
1690546597;0;0;0;13832192
1690546598;0;0;0;8724480
1690546599;0;0;0;3141632
1690546600;0;0;0;188416
1690546601;24928256;0;0;3874816
1690546602;42778624;0;0;131072
1690546603;59871232;0;0;249856
1690546604;46428160;0;0;843776
1690546605;46379008;0;0;8134656
1690546606;23191552;0;0;5898240
1690546607;0;0;0;12800000
1690546608;0;0;0;14090240
1690546609;0;0;0;14999552
1690546610;0;0;0;6623232
1690546611;0;0;0;0
1690546612;28151808;0;0;5902336
1690546613;6672384;0;0;3911680
1690546614;54185984;0;0;512000
1690546615;83058688;0;0;2568192
1690546616;60035072;0;0;5836800
1690546617;38019072;0;0;212992
1690546618;46694400;0;0;290816
1690546619;65945600;0;0;278528
1690546620;98271232;0;0;12288
1690546621;95059968;0;0;4096
1690546622;39227392;0;0;61440
1690546623;0;0;0;344064
1690546624;34820096;0;0;4907008
1690546625;0;0;0;57344
1690546626;0;0;0;
1690546627;34787328;0;0;
1690546628;61587456;0;0;
1690546629;85364736;0;0;0
1690546630;73367552;0;0;192512
1690546631;26820608;0;0;425984
1690546632;7987200;0;0;3747840
1690546633;0;0;0;106496
1690546634;46383104;0;0;475136
1690546635;69574656;0;0;143360
1690546636;0;0;0;253952
1690546637;0;0;0;135168
1690546638;0;0;0;23793664
1690546639;0;0;0;0
1690546640;0;0;0;2412544
1690546641;0;0;0;4096
1690546642;0;0;0;499712
1690546643;0;0;0;4616192
1690546644;0;0;0;925696
1690546645;0;0;0;282624
1690546646;0;0;0;679936
1690546647;0;0;0;163840
1690546648;0;0;0;4182016
1690546649;0;0;0;114688
1690546650;0;0;0;45056
1690546651;0;0;0;479232
1690546652;0;0;0;3751936
1690546653;0;0;0;1331200
1690546654;0;0;0;757760
1690546655;0;0;0;1290240
1690546656;0;0;0;0
1690546657;0;0;0;0
1690546658;0;0;0;0
1690546659;0;0;0;81920
1690546660;0;0;0;0
1690546661;0;0;0;118784
1690546662;0;0;0;4096
1690546663;0;0;0;0
1690546664;0;0;0;135168
1690546665;0;0;0;0
1690546666;0;0;0;0
1690546667;0;0;0;0
1690546668;0;0;0;0
1690546669;0;0;0;196608
1690546670;0;0;0;0
1690546671;0;0;0;98304
1690546672;0;0;0;0
1690546673;0;0;0;0
1690546674;20480;0;0;0
1690546675;0;0;0;0
1690546676;0;0;0;0
1690546677;0;0;0;94208
1690546678;0;0;0;0
1690546679;0;0;0;0
1690546680;0;0;0;196608
1690546681;0;0;0;0
1690546682;0;0;0;8192
1690546683;32768;0;0;0
1690546684;0;0;0;0
1690546685;69632;0;0;0
1690546686;0;0;0;0
1690546687;0;0;0;0
1690546688;0;0;0;253952
1690546689;0;0;0;0
1690546690;0;0;0;0
1690546691;0;0;0;73728
1690546692;0;0;0;0
1690546693;0;0;0;0
1690546694;0;0;0;0
1690546695;0;0;0;0
1690546696;0;0;0;106496
1690546697;0;0;0;0
1690546698;0;0;0;0
1690546699;0;0;0;0
1690546700;0;0;0;0
1690546701;0;0;0;0
1690546702;0;0;0;0
1690546703;0;0;0;0
1690546704;0;0;0;0
1690546705;0;0;0;0
1690546706;0;0;0;0
1690546707;0;0;0;0
1690546708;0;0;0;155648
1690546709;0;0;0;0
1690546710;0;0;0;0
1690546711;0;0;0;0
1690546712;0;0;0;0
1690546713;0;0;0;0
1690546714;0;0;0;0
1690546715;0;0;0;167936
1690546716;0;0;0;0
1690546717;0;0;0;0
1690546718;0;0;0;86016
1690546719;0;0;0;0
1690546720;0;0;0;0
1690546721;0;0;0;0
1690546722;65536;0;0;40960
1690546723;0;0;0;0
1690546724;0;0;0;24576
1690546725;0;0;0;0
1690546726;0;0;0;106496
1690546727;0;0;0;0
1690546728;0;0;0;0
1690546729;0;0;0;0
1690546730;0;0;0;0
1690546731;0;0;0;0
1690546732;0;0;0;0
1690546733;0;0;0;0
1690546734;0;0;0;0
1690546735;0;0;0;0
1690546736;0;0;0;0
1690546737;0;0;0;0
1690546738;0;0;0;0
1690546739;0;0;0;0
1690546740;0;0;0;0
1690546741;0;0;0;0
1690546742;0;0;0;0
1690546743;0;0;0;0
1690546744;0;0;0;0
1690546745;0;0;0;0
1690546746;0;0;0;0
1690546747;0;0;0;0
1690546748;0;0;0;0
1690546749;0;0;0;0
1690546750;0;0;0;0
1690546751;0;0;0;0
1690546752;0;0;0;102400
1690546753;0;0;0;118784
1690546754;0;0;0;102400
1690546755;49152;0;0;0
1690546756;0;0;0;0
1690546757;0;0;0;131072
1690546758;0;0;0;0
1690546759;0;0;0;0
1690546760;0;0;0;0
1690546761;0;0;0;0
1690546762;0;0;0;69632
1690546763;0;0;0;360448
1690546764;0;0;0;61440
1690546765;0;0;0;0
1690546766;0;0;0;0
1690546767;0;0;0;0
1690546768;0;0;0;0
1690546769;0;0;0;0
1690546770;0;0;0;0
1690546771;0;0;0;45056
1690546772;0;0;0;0
1690546773;0;0;0;0
1690546774;0;0;0;0
1690546775;0;0;0;57344
1690546776;0;0;0;0
1690546777;0;0;0;0
1690546778;0;0;0;0
1690546779;0;0;0;0
1690546780;0;0;0;180224
1690546781;0;0;0;0
1690546782;0;0;0;0
1690546783;0;0;0;0
1690546784;0;0;0;118784
1690546785;0;0;0;0
1690546786;0;0;0;0
1690546787;0;0;0;0
1690546788;0;0;0;0
1690546789;0;0;0;0
1690546790;0;0;0;0
1690546791;0;0;0;0
1690546792;0;0;0;110592
1690546793;0;0;0;0
1690546794;0;0;0;0
1690546795;0;0;0;0
1690546796;0;0;0;0
1690546797;0;0;0;0
1690546798;0;0;0;0
1690546799;0;0;0;0
1690546800;0;0;0;0
1690546801;0;0;0;0
1690546802;0;0;0;0
1690546803;0;0;0;0
1690546804;0;0;0;0
1690546805;0;0;0;0
1690546806;0;0;0;0
1690546807;0;0;0;0
1690546808;0;0;0;28672
1690546809;0;0;0;0
1690546810;0;0;0;126976
1690546811;0;0;0;0
1690546812;0;0;0;0
1690546813;0;0;0;0
1690546814;0;0;0;0
1690546815;0;0;0;0
1690546816;0;0;0;0
1690546817;0;0;0;0
1690546818;0;0;0;0
1690546819;0;0;0;0
1690546820;0;0;0;184320
1690546821;0;0;0;0
1690546822;0;0;0;0
1690546823;0;0;0;0
1690546824;0;0;0;0
1690546825;0;0;0;0
1690546826;0;0;0;0
1690546827;0;0;0;0
1690546828;0;0;0;0
1690546829;0;0;0;0
1690546830;0;0;0;0
1690546831;0;0;0;0
1690546832;0;0;0;217088
