Time;{instance="10.231.0.208:9100"};{instance="192.168.221.10:9100"};{instance="192.168.221.11:9100"};{instance="192.168.221.12:9100"}
1690546352;24576;192511.99999999997;0;2142208
1690546353;36864;57343.99999999999;0;80543744
1690546354;0;77823.99999999999;0;96964608
1690546355;0;126975.99999999999;0;127803392
1690546356;0;200703.99999999997;0;88350720
1690546357;12288;344063.99999999994;0;268877824
1690546358;0;57343.99999999999;0;116293632
1690546359;94208;86015.99999999999;0;26746880
1690546360;143360;106495.99999999999;0;108261376
1690546361;40960;57343.99999999999;20480;97267712
1690546362;28672;143359.99999999997;0;121040896
1690546363;0;28671.999999999996;0;257404928
1690546364;0;167935.99999999997;0;49164288
1690546365;0;147455.99999999997;0;85590016
1690546366;0;40959.99999999999;0;341417984
1690546367;12288;126975.99999999999;0;106496
1690546368;0;122879.99999999999;0;33763328
1690546369;0;86015.99999999999;0;84594688
1690546370;0;143359.99999999997;0;95977472
1690546371;0;86015.99999999999;0;25505792
1690546372;0;65535.99999999999;0;2097152
1690546373;0;77823.99999999999;0;214142976
1690546374;12288;65535.99999999999;0;1269760
1690546375;0;45055.99999999999;0;2138112
1690546376;0;167935.99999999997;0;189124608
1690546377;0;102399.99999999999;0;1253376
1690546378;0;146868.52589641433;0;32329728
1690546379;4096;53461.84738955822;0;182370304
1690546380;0;163839.99999999997;0;1298432
1690546381;0;28671.999999999996;0;2170880
1690546382;0;196607.99999999997;0;146862080
1690546383;208896;20479.999999999996;0;186257408
1690546384;0;45055.99999999999;0;128954368
1690546385;0;122879.99999999999;0;24662016
1690546386;0;196607.99999999997;0;1748992
1690546387;0;188415.99999999997;0;135307264
1690546388;24576;135167.99999999997;0;83722240
1690546389;0;53247.99999999999;135168;91029504
1690546390;0;196607.99999999997;0;72568832
1690546391;0;106495.99999999999;0;2875392
1690546392;0;86015.99999999999;0;294010880
1690546393;24576;208895.99999999997;0;2260992
1690546394;0;57343.99999999999;16384;129175552
1690546395;0;122879.99999999999;0;84316160
1690546396;0;176127.99999999997;0;97189888
1690546397;0;110591.99999999999;0;61616128
1690546398;12288;458751.99999999994;0;60710912
1690546399;0;73727.99999999999;0;104800256
1690546400;0;196607.99999999997;0;145178624
1690546401;0;102399.99999999999;155648;88547328
1690546402;0;16383.999999999998;0;70807552
1690546403;0;188415.99999999997;0;124555264
1690546404;0;28671.999999999996;0;37556224
1690546405;12288;196607.99999999997;0;139530240
1690546406;0;98303.99999999999;0;2179072
1690546407;0;143359.99999999997;0;1343488
1690546408;0;176127.99999999997;0;2924544
1690546409;0;65535.99999999999;0;298086400
1690546410;0;196607.99999999997;0;67170304
1690546411;4096;110591.99999999999;0;37433344
1690546412;12288;143359.99999999997;0;130662400
1690546413;12288;106495.99999999999;0;165609472
1690546414;0;32767.999999999996;0;137920512
1690546415;0;167935.99999999997;0;74326016
1690546416;0;65535.99999999999;0;108142592
1690546417;221184;138986.02794411176;0;232464384
1690546418;53248;168272.54509018036;0;30928896
1690546419;159744;98303.99999999999;0;154071040
1690546420;184320;167935.99999999997;0;75563008
1690546421;53248;0;0;119767040
1690546422;20480;184319.99999999997;0;85495808
1690546423;94208;69631.99999999999;0;109207552
1690546424;8192;94207.99999999999;0;107974656
1690546425;8192;106495.99999999999;0;102502400
1690546426;0;139263.99999999997;0;262295552
1690546427;57115.53784860558;86015.99999999999;0;11841536
1690546428;49349.39759036145;200703.99999999997;0;113123328
1690546429;16384;114687.99999999999;0;72978432
1690546430;0;167935.99999999997;0;1318912
1690546431;0;20479.999999999996;0;131145728
1690546432;0;49151.99999999999;12288;180174848
1690546433;12288;217087.99999999997;0;663552
1690546434;45056;196607.99999999997;0;72974336
1690546435;98304;208895.99999999997;0;118341632
1690546436;77824;61439.99999999999;0;203710464
1690546437;0;98303.99999999999;0;25178112
1690546438;86016;139263.99999999997;0;71976071.78464608
1690546439;0;122879.99999999999;0;73148726.17853561
1690546440;0;167935.99999999997;0;2146304
1690546441;0;40959.99999999999;0;253890560
1690546442;4096;139263.99999999997;0;372736
1690546443;12288;86015.99999999999;0;2613248
1690546444;0;61439.99999999999;0;269193216
1690546445;0;81919.99999999999;0;0
1690546446;0;172031.99999999997;167936;1204224
1690546447;0;57343.99999999999;0;1949696
1690546448;159744;143359.99999999997;0;221265920
1690546449;0;86015.99999999999;0;18382848
1690546450;0;106495.99999999999;0;2023424
1690546451;0;106495.99999999999;0;1228800
1690546452;0;49151.99999999999;0;2363392
1690546453;24576;90111.99999999999;0;192811008
1690546454;0;0;0;20463616
1690546455;0;73727.99999999999;0;148377600
1690546456;0;36863.99999999999;0;36864
1690546457;0;81919.99999999999;0;206536704
1690546458;0;24575.999999999996;0;5488640
1690546459;16384;81919.99999999999;0;2408448
1690546460;0;77823.99999999999;0;169103360
1690546461;0;126975.99999999999;0;1327104
1690546462;8192;16383.999999999998;0;291414016
1690546463;0;151551.99999999997;0;0
1690546464;0;0;0;76083200
1690546465;0;49151.99999999999;0;1716224
1690546466;12288;114687.99999999999;0;1830912
1690546467;0;53247.99999999999;0;145096704
1690546468;0;147455.99999999997;0;169926656
1690546469;45056;172031.99999999997;0;65458176
1690546470;0;28671.999999999996;0;108015616
1690546471;0;126975.99999999999;0;143519744
1690546472;12288;131071.99999999999;0;65732608
1690546473;0;36863.99999999999;0;125681664
1690546474;0;0;0;109371392
1690546475;0;110591.99999999999;0;72863744
1690546476;0;4095.9999999999995;0;229986304
1690546477;12288;90111.99999999999;16384;36864
1690546478;0;204799.99999999997;0;2723840
1690546479;49152;24575.999999999996;0;115912704
1690546480;0;57343.99999999999;0;119615488
1690546481;0;69631.99999999999;0;163901440
1690546482;0;49151.99999999999;0;59518976
1690546483;12288;0;0;108081152
1690546484;0;28671.999999999996;0;61812736
1690546485;0;0;0;119828480
1690546486;0;20479.999999999996;0;301531136
1690546487;0;57343.99999999999;20480;0
1690546488;12288;0;0;16924672
1690546489;0;167935.99999999997;0;72257536
1690546490;40960;319487.99999999994;0;1929216
1690546491;0;53247.99999999999;0;299327488
1690546492;217088;90111.99999999999;0;63315968
1690546493;32768;73727.99999999999;0;37089280
1690546494;0;28671.999999999996;0;121720832
1690546495;0;94207.99999999999;0;107159552
1690546496;0;53247.99999999999;0;152453120
1690546497;16384;24575.999999999996;0;51163136
1690546498;12288;40959.99999999999;0;176250880
1690546499;0;73727.99999999999;0;19542016
1690546500;0;73727.99999999999;0;1114112
1690546501;0;98303.99999999999;0;2322432
1690546502;12288;155647.99999999997;0;213331968
1690546503;0;28671.999999999996;0;131964928
1690546504;0;69631.99999999999;0;13361152
1690546505;0;36863.99999999999;0;71217152
1690546506;12288;110591.99999999999;0;60706816
1690546507;0;49151.99999999999;0;72167424
1690546508;0;32767.999999999996;40960;277553152
1690546509;0;77823.99999999999;0;0
1690546510;0;36863.99999999999;0;1662976
1690546511;0;86015.99999999999;0;1679360
1690546512;12288;90111.99999999999;241664;1601536
1690546513;0;24575.999999999996;0;329744384
1690546514;0;77823.99999999999;0;0
1690546515;4096;69631.99999999999;0;99696640
1690546516;65536;57343.99999999999;0;60985344
1690546517;32768;4095.9999999999995;0;168644608
1690546518;4096;49151.99999999999;20480;4390912
1690546519;12288;24575.999999999996;0;50446336
1690546520;0;69631.99999999999;0;234250240
1690546521;0;49151.99999999999;0;1708032
1690546522;0;122879.99999999999;32768;60420096
1690546523;122880;53247.99999999999;0;117305344
1690546524;53248;28671.999999999996;0;76414976
1690546525;0;24575.999999999996;0;221941760
1690546526;0;307199.99999999994;0;5074944
1690546527;0;200703.99999999997;0;2375680
1690546528;36864;77823.99999999999;20480;158392320
1690546529;0;49151.99999999999;0;90009600
1690546530;12288;53247.99999999999;0;111853568
1690546531;0;180223.99999999997;0;48656384
1690546532;16384;24575.999999999996;12288;96862208
1690546533;0;135167.99999999997;0;108040192
1690546534;0;32767.999999999996;0;107929600
1690546535;12288;32767.999999999996;0;94478336
1690546536;0;36863.99999999999;0;290627584
1690546537;0;114687.99999999999;0;0
1690546538;12288;24575.999999999996;24576;13172736
1690546539;0;106495.99999999999;0;2310144
1690546540;12288;53247.99999999999;0;183881728
1690546541;0;122879.99999999999;0;153034752
1690546542;0;24575.999999999996;0;2232320
1690546543;0;86015.99999999999;0;91983872
1690546544;0;0;0;72507392
1690546545;12288;77823.99999999999;0;49106944
1690546546;4096;98303.99999999999;0;84815872
1690546547;0;90111.99999999999;0;289775616
1690546548;0;86015.99999999999;0;63315968
1690546549;0;24575.999999999996;0;44675072
1690546550;12288;24575.999999999996;0;84807680
1690546551;4096;106495.99999999999;0;85213184
1690546552;0;249855.99999999997;0;71888896
1690546553;217088;53247.99999999999;139264;96677888
1690546554;0;102399.99999999999;0;94539776
1690546555;24576;32767.999999999996;0;179486720
1690546556;0;200703.99999999997;0;88453120
1690546557;0;8191.999999999999;0;229232640
1690546558;0;94207.99999999999;12288;52154368
1690546559;0;0;0;1036288
1690546560;12288;49151.99999999999;0;2199552
1690546561;0;28671.999999999996;0;154173440
1690546562;0;118783.99999999999;0;115453952
1690546563;0;69631.99999999999;32768;8048640
1690546564;40960;57343.99999999999;0;139538432
1690546565;0;16383.999999999998;0;63250432
1690546566;0;159743.99999999997;0;96149504
1690546567;0;131071.99999999999;0;61403136
1690546568;24576;49151.99999999999;0;233799680
1690546569;49152;0;155648;100839424
1690546570;0;69631.99999999999;0;68190208
1690546571;0;28671.999999999996;0;111939584
1690546572;0;94207.99999999999;0;115879936
1690546573;24576;20479.999999999996;0;72568832
1690546574;57344;49151.99999999999;0;345542656
1690546575;0;24575.999999999996;0;0
1690546576;0;36863.99999999999;0;25735168
1690546577;0;61439.99999999999;0;84418560
1690546578;0;28671.999999999996;0;60219392
1690546579;24576;24575.999999999996;0;1466368
1690546580;0;24575.999999999996;0;189509632
1690546581;24576;139263.99999999997;0;1064960
1690546582;0;102399.99999999999;0;166150144
1690546583;0;24575.999999999996;0;103657472
1690546584;0;81919.99999999999;0;91848704
1690546585;0;167935.99999999997;0;71622656
1690546586;24576;110591.99999999999;0;96022528
1690546587;36864;28671.999999999996;0;84615168
1690546588;0;4095.9999999999995;151552;252993536
1690546589;0;45055.99999999999;16384;46895104
1690546590;0;0;0;65978368
1690546591;24576;77823.99999999999;0;36433920
1690546592;24576;45055.99999999999;0;1097728
1690546593;0;102399.99999999999;0;297345024
1690546594;0;53247.99999999999;0;0
1690546595;0;24575.999999999996;0;1052672
1690546596;0;81919.99999999999;0;2064384
1690546597;0;40959.99999999999;0;7331840
1690546598;24576;176127.99999999997;0;410361856
1690546599;0;24575.999999999996;0;36864
1690546600;0;90111.99999999999;12288;0
1690546601;0;94207.99999999999;0;97300480
1690546602;0;45055.99999999999;0;53809152
1690546603;32768;139263.99999999997;0;176668672
1690546604;0;24575.999999999996;0;104902656
1690546605;0;106495.99999999999;0;99766272
1690546606;24576;86015.99999999999;0;122048512
1690546607;0;24575.999999999996;0;25780224
1690546608;24576;69631.99999999999;0;1544192
1690546609;0;24575.999999999996;0;1155072
1690546610;0;24575.999999999996;0;303865856
1690546611;0;77823.99999999999;0;0
1690546612;32768;94207.99999999999;0;3305472
1690546613;0;155647.99999999997;0;181690368
1690546614;0;94207.99999999999;0;68091904
1690546615;0;221183.99999999997;4096;71704576
1690546616;8192;94207.99999999999;0;109117440
1690546617;86016;139263.99999999997;0;162447360
1690546618;0;24575.999999999996;0;120287232
1690546619;0;28671.999999999996;0;53424128
1690546620;0;77823.99999999999;0;84467712
1690546621;0;24575.999999999996;4096;96444416
1690546622;143360;73727.99999999999;36864;95838208
1690546623;0;266239.99999999994;0;150585344
1690546624;0;77823.99999999999;0;3473408
1690546625;0;65535.99999999999;0;242798592
1690546626;0;69631.99999999999;0;
1690546627;266240;0;238282.84854563692;
1690546628;0;94207.99999999999;0;
1690546629;0;0;0;72116796.7806841
1690546630;0;77823.99999999999;0;96325632
1690546631;0;65535.99999999999;0;49270784
1690546632;73728;86015.99999999999;0;175435776
1690546633;0;69631.99999999999;4096;191164416
1690546634;0;352255.99999999994;0;28725248
1690546635;0;45055.99999999999;0;56479744
1690546636;0;65535.99999999999;0;60170240
1690546637;53248;20479.999999999996;0;1449984
1690546638;0;20479.999999999996;155648;231059456
1690546639;0;110591.99999999999;20480;0
1690546640;0;24575.999999999996;0;2142208
1690546641;0;53247.99999999999;0;112078848
1690546642;0;122879.99999999999;0;58085376
1690546643;0;81919.99999999999;0;150269952
1690546644;24576;53247.99999999999;0;57737216
1690546645;0;86015.99999999999;0;119812096
1690546646;0;118783.99999999999;0;2002944
1690546647;0;122879.99999999999;0;2211840
1690546648;0;45055.99999999999;0;267358208
1690546649;16384;98303.99999999999;0;36720640
1690546650;0;24575.999999999996;0;2277376
1690546651;0;135167.99999999997;0;1495040
1690546652;0;90111.99999999999;0;251285504
1690546653;0;69631.99999999999;0;11214848
1690546654;0;106495.99999999999;0;1073152
1690546655;0;24575.999999999996;0;65536
1690546656;0;118783.99999999999;0;81920
1690546657;0;77823.99999999999;0;0
1690546658;0;24575.999999999996;0;0
1690546659;0;61439.99999999999;0;159744
1690546660;0;24575.999999999996;0;0
1690546661;0;28671.999999999996;0;0
1690546662;0;40959.99999999999;0;0
1690546663;0;24575.999999999996;20480;0
1690546664;0;126975.99999999999;0;0
1690546665;0;24575.999999999996;0;0
1690546666;0;98303.99999999999;0;0
1690546667;0;28671.999999999996;0;0
1690546668;0;24575.999999999996;0;0
1690546669;0;24575.999999999996;0;720896
1690546670;0;81919.99999999999;12288;0
1690546671;0;24575.999999999996;0;417792
1690546672;0;45055.99999999999;0;0
1690546673;0;24575.999999999996;0;0
1690546674;0;77823.99999999999;0;249856
1690546675;0;274431.99999999994;0;0
1690546676;0;118783.99999999999;0;0
1690546677;0;151551.99999999997;0;0
1690546678;0;73727.99999999999;0;0
1690546679;0;24575.999999999996;0;0
1690546680;0;53247.99999999999;0;0
1690546681;0;24575.999999999996;0;0
1690546682;0;40959.99999999999;0;0
1690546683;0;28671.999999999996;0;20480
1690546684;0;49151.99999999999;0;1196032
1690546685;0;106495.99999999999;0;0
1690546686;0;114687.99999999999;0;0
1690546687;0;53247.99999999999;0;0
1690546688;0;24575.999999999996;0;0
1690546689;0;24575.999999999996;0;0
1690546690;0;73727.99999999999;139264;36864
1690546691;0;28671.999999999996;0;0
1690546692;0;40959.99999999999;0;0
1690546693;0;24575.999999999996;0;0
1690546694;0;73727.99999999999;0;0
1690546695;0;77823.99999999999;0;0
1690546696;0;57343.99999999999;4096;0
1690546697;0;69631.99999999999;0;0
1690546698;0;24575.999999999996;0;0
1690546699;0;98303.99999999999;0;0
1690546700;0;28671.999999999996;0;0
1690546701;0;24575.999999999996;0;0
1690546702;0;40959.99999999999;0;0
1690546703;0;24575.999999999996;0;0
1690546704;0;49151.99999999999;0;0
1690546705;0;81919.99999999999;20480;438272
1690546706;0;73727.99999999999;0;0
1690546707;0;53247.99999999999;0;0
1690546708;0;24575.999999999996;0;0
1690546709;0;24575.999999999996;0;0
1690546710;0;53247.99999999999;0;4096
1690546711;0;241663.99999999997;0;0
1690546712;0;24575.999999999996;0;0
1690546713;0;24575.999999999996;0;0
1690546714;0;24575.999999999996;0;0
1690546715;0;131071.99999999999;0;0
1690546716;0;57343.99999999999;0;0
1690546717;0;69631.99999999999;0;0
1690546718;0;24575.999999999996;0;0
1690546719;0;24575.999999999996;0;0
1690546720;0;24575.999999999996;0;0
1690546721;0;73727.99999999999;0;0
1690546722;0;24575.999999999996;0;0
1690546723;0;24575.999999999996;0;0
1690546724;0;24575.999999999996;0;0
1690546725;0;110591.99999999999;0;0
1690546726;0;86015.99999999999;0;0
1690546727;0;77823.99999999999;0;0
1690546728;0;24575.999999999996;0;0
1690546729;0;40959.99999999999;0;0
1690546730;0;28671.999999999996;139264;0
1690546731;0;40959.99999999999;0;0
1690546732;0;24575.999999999996;0;0
1690546733;0;24575.999999999996;20480;0
1690546734;0;36863.99999999999;0;12288
1690546735;0;69631.99999999999;0;0
1690546736;0;86015.99999999999;0;0
1690546737;0;69631.99999999999;0;0
1690546738;0;24575.999999999996;0;0
1690546739;0;24575.999999999996;0;0
1690546740;0;4095.9999999999995;12288;0
1690546741;0;221183.99999999997;0;0
1690546742;0;40959.99999999999;0;0
1690546743;0;45055.99999999999;0;0
1690546744;0;4095.9999999999995;0;0
1690546745;0;45055.99999999999;0;0
1690546746;0;159743.99999999997;0;0
1690546747;0;90111.99999999999;0;0
1690546748;0;28671.999999999996;0;0
1690546749;0;45055.99999999999;0;0
1690546750;0;4095.9999999999995;0;0
1690546751;0;86015.99999999999;0;0
1690546752;0;24575.999999999996;0;0
1690546753;0;28671.999999999996;0;0
1690546754;0;20479.999999999996;0;20480
1690546755;0;45055.99999999999;0;0
1690546756;0;163839.99999999997;0;0
1690546757;0;73727.99999999999;0;0
1690546758;0;24575.999999999996;0;0
1690546759;0;81919.99999999999;0;0
1690546760;0;24575.999999999996;0;0
1690546761;0;40959.99999999999;0;0
1690546762;0;24575.999999999996;0;0
1690546763;0;28671.999999999996;0;0
1690546764;0;49151.99999999999;0;0
1690546765;0;24575.999999999996;0;16384
1690546766;0;61439.99999999999;0;0
1690546767;0;98303.99999999999;0;0
1690546768;0;24575.999999999996;0;0
1690546769;0;24575.999999999996;0;0
1690546770;0;69631.99999999999;0;0
1690546771;0;40959.99999999999;0;0
1690546772;0;49151.99999999999;0;0
1690546773;0;57343.99999999999;0;0
1690546774;0;24575.999999999996;0;0
1690546775;0;24575.999999999996;0;0
1690546776;0;81919.99999999999;0;0
1690546777;0;229375.99999999997;155648;0
1690546778;0;49151.99999999999;0;0
1690546779;0;24575.999999999996;0;0
1690546780;0;45055.99999999999;0;151552
1690546781;0;28671.999999999996;0;0
1690546782;0;49151.99999999999;0;0
1690546783;0;24575.999999999996;0;0
1690546784;0;24575.999999999996;0;0
1690546785;0;57343.99999999999;0;0
1690546786;0;81919.99999999999;0;4096
1690546787;0;98303.99999999999;0;0
1690546788;0;73727.99999999999;0;0
1690546789;0;28671.999999999996;0;0
1690546790;0;53247.99999999999;0;0
1690546791;0;36863.99999999999;0;0
1690546792;0;32767.999999999996;0;0
1690546793;0;36863.99999999999;0;0
1690546794;0;28671.999999999996;0;0
1690546795;0;94207.99999999999;0;0
1690546796;0;94207.99999999999;0;0
1690546797;0;69631.99999999999;0;0
1690546798;0;73727.99999999999;0;0
1690546799;0;24575.999999999996;0;0
1690546800;0;73727.99999999999;0;0
1690546801;0;32767.999999999996;0;0
1690546802;0;69631.99999999999;0;0
1690546803;0;24575.999999999996;0;0
1690546804;0;57343.99999999999;0;0
1690546805;0;49151.99999999999;0;0
1690546806;0;65535.99999999999;0;0
1690546807;0;77823.99999999999;0;0
1690546808;0;77823.99999999999;12288;0
1690546809;0;24575.999999999996;0;0
1690546810;0;65535.99999999999;0;0
1690546811;0;45055.99999999999;0;0
1690546812;0;65535.99999999999;0;0
1690546813;0;24575.999999999996;0;0
1690546814;0;77823.99999999999;0;0
1690546815;0;32767.999999999996;163840;0
1690546816;0;90111.99999999999;0;0
1690546817;0;69631.99999999999;0;0
1690546818;0;86015.99999999999;0;163840
1690546819;0;77823.99999999999;0;0
1690546820;0;49151.99999999999;0;0
1690546821;0;28671.999999999996;0;0
1690546822;0;36863.99999999999;0;0
1690546823;0;192511.99999999997;0;20480
1690546824;0;28671.999999999996;0;0
1690546825;0;73727.99999999999;0;0
1690546826;0;61439.99999999999;0;0
1690546827;0;53247.99999999999;0;0
1690546828;0;102399.99999999999;0;159744
1690546829;0;49151.99999999999;0;0
1690546830;0;28671.999999999996;0;0
1690546831;0;45055.99999999999;0;0
1690546832;0;36863.99999999999;0;0
