Time;{instance="10.231.0.208:9100"};{instance="192.168.221.10:9100"};{instance="192.168.221.11:9100"};{instance="192.168.221.12:9100"}
1690546352;15.514197374120597;26.483527401343242;13.753156923174748;14.716875406103025
1690546353;15.963693756939357;26.483527401343242;13.755541381276837;14.927999300558959
1690546354;15.519873336420265;26.482434526884713;13.75474656190947;15.094414605600692
1690546355;15.92724810427838;26.48183841354369;13.75474656190947;15.304644328268346
1690546356;15.89319233048041;26.4890911258594;13.75474656190947;15.422873709163676
1690546357;15.828964336036888;26.487402138059846;13.753951742542114;15.546269415946856
1690546358;15.853460594382785;26.487402138059846;13.75474656190947;15.507124562104202
1690546359;15.740538818105321;26.487104081389347;13.75474656190947;15.585215564947674
1690546360;15.61676300865833;26.48154035687319;13.753156923174748;15.71208860646307
1690546361;15.813031810283452;26.478659142391603;13.753156923174748;15.810248798332472
1690546362;16.127400459055895;26.47935460795613;13.746699015814922;15.938910183424436
1690546363;16.06207710346682;26.47915590350912;13.746699015814922;15.77776055669149
1690546364;15.28666099070437;26.483328696896237;13.746699015814922;15.973683530746596
1690546365;15.65689305789979;26.484024162460752;13.74749383518228;16.196729715712987
1690546366;15.831155058327983;26.48372610579025;13.74749383518228;16.120923818550693
1690546367;15.830458010326264;26.488991773635895;13.746699015814922;16.14009883578833
1690546368;15.41800474988424;26.48859436474188;13.746699015814922;16.14317876083686
1690546369;16.0218474759394;26.493860032587524;13.74749383518228;16.427127979827482
1690546370;15.562393264524744;26.493959384811028;13.74749383518228;16.40636332385511
1690546371;15.583205126290157;26.488196955847876;13.746699015814922;16.473624912818252
1690546372;15.58001862113948;26.49892699598617;13.746699015814922;16.425438988671836
1690546373;15.578624525136053;26.500119222668207;13.74749383518228;16.449680979376424
1690546374;15.578624525136053;26.497436712633625;13.74749383518228;16.460311688414908
1690546375;15.57842536856413;26.498032825974647;13.746699015814922;16.606161042326118
1690546376;15.57842536856413;26.492469101458493;13.748288654549645;16.624044478091793
1690546377;15.57842536856413;26.491376226999964;13.748288654549645;16.67382004097294
1690546378;15.57842536856413;26.497834121527642;13.74749383518228;16.72935804426746
1690546379;15.584698800579543;26.497734769304138;13.74749383518228;16.66348738919722
1690546380;15.584698800579543;26.49614513372809;13.754547857067633;16.694882754208074
1690546381;15.584698800579543;26.490581409211934;13.75385239012119;16.829306579713432
1690546382;15.584698800579543;26.483328696896237;13.75385239012119;16.867755966609643
1690546383;15.1014453788207;26.482533879108217;13.75385239012119;16.769595774740242
1690546384;15.112797303420011;26.48938918252991;13.75385239012119;16.766714554533547
1690546385;15.117079169716252;26.48770019473036;13.752262751386468;16.808939333424732
1690546386;15.12962603374708;26.486806024718835;13.752262751386468;17.113156446283128
1690546387;15.798891693677275;26.486408615824818;13.75385239012119;17.288016707103104
1690546388;15.57075784054529;26.485415093589793;13.753057570753825;17.259800619561695
1690546389;15.490099428918525;26.484818980248782;13.753057570753825;17.170482793154218
1690546390;15.553331640502478;26.479056551285616;13.75951547811366;17.126270965844625
1690546391;15.200127460206026;26.477963676827088;13.760906412006547;17.346833340288004
1690546392;15.479743287178794;26.47697015459206;13.760111592639179;17.148128498447125
1690546393;15.79500814052488;26.47746691570957;13.760906412006547;17.265165650291404
1690546394;16.005018745612333;26.489190478082904;13.760807059585623;17.50679073796991
1690546395;16.040269458841806;26.489488534753402;13.761005764427459;17.45482942182852
1690546396;16.05440957544798;26.488991773635895;13.759912887797332;17.29507072898845
1690546397;15.992571459867467;26.489488534753402;13.759912887797332;17.472414800331435
1690546398;15.878156009300614;26.48770019473036;13.759118068429977;17.34852233144365
1690546399;15.991376520435951;26.49376068036403;13.759118068429977;17.588160370703754
1690546400;15.821894277733794;26.493860032587524;13.765377270947965;17.55298961369792
1690546401;16.06735475262264;26.485514445813298;13.765377270947965;17.560540397687873
1690546402;16.10658859729047;26.491773635893967;13.765973385473485;17.68353869478737
1690546403;15.920775515691044;26.490680761435435;13.765973385473485;17.505399804077026
1690546404;15.814127171428993;26.49187298811747;13.765973385473485;17.64508930789117
1690546405;15.814127171428993;26.490184000317928;13.765973385473485;17.578324481032624
1690546406;15.820400603444417;26.48988594364742;13.765973385473485;17.64568542241669
1690546407;15.820400603444417;26.490382704764937;13.765178566106117;17.669231946174836
1690546408;15.641757158434032;26.489786591423915;13.765973385473485;17.483045509369934
1690546409;15.623335175531627;26.48889242141239;13.765178566106117;17.81041173630278
1690546410;15.782959167923838;26.48730278583634;13.764284394317839;17.397602427378345
1690546411;15.477851299745582;26.47995072129714;13.764383746738762;17.633862484327157
1690546412;16.040568193699677;26.48044748241466;13.772232587991473;17.777923494661795
1690546413;16.19600989808162;26.479056551285616;13.773027407358839;17.797992683687724
1690546414;15.782760011351925;26.47885784683861;13.773027407358839;17.667841012281947
1690546415;16.28881686059538;26.481043595755672;13.773027407358839;18.060382427338606
1690546416;16.443860251833485;26.48611055915432;13.773027407358839;18.027596128434865
1690546417;16.546226729799297;26.466538171124267;13.772232587991473;17.92784629783074
1690546418;16.353343589896784;26.472201247863925;13.773027407358839;18.045876973884223
1690546419;16.101908417850407;26.478162381274096;13.772232587991473;18.03584237937126
1690546420;16.613740807679477;26.482831935778727;13.765973385473485;17.968779495249965
1690546421;16.34258913501322;26.484421571354765;13.765973385473485;17.905790060386405
1690546422;16.48857090222906;26.50240432380877;13.765973385473485;18.09555318434445
1690546423;16.322374742963554;26.513929181735087;13.765178566106117;18.17602864529
1690546424;15.905639616225287;26.526050153002423;13.764383746738762;18.1706636145603
1690546425;15.837627646915308;26.543436792115404;13.765973385473485;18.241601243097495
1690546426;15.82498120459852;26.574633390295276;13.765973385473485;18.162417363623895
1690546427;15.730680567795385;26.59748440170091;13.765973385473485;18.172849367820543
1690546428;15.17403794928478;26.62262051424711;13.765178566106117;18.378409526704942
1690546429;15.476556782028105;26.64815403568732;13.765178566106117;18.34770962864052
1690546430;15.713851837468319;26.704089337519378;13.76676820484085;18.3573468134698
1690546431;15.72012526948373;26.71531613877518;13.765973385473485;18.649542283396826
1690546432;15.72012526948373;26.7339943567937;13.765973385473485;18.554660721417804
1690546433;15.731676350654977;26.78297500298057;13.76676820484085;18.406029499720823
1690546434;15.755375982713204;26.79549338314191;13.76676820484085;18.716207757834436
1690546435;15.658087997331304;26.852521559432496;13.765973385473485;18.63414265815415
1690546436;15.645541133300478;26.859575567301196;13.765178566106117;18.617054041755832
1690546437;15.704889791732013;26.857687875054648;13.765973385473485;18.55217691089479
1690546438;15.912709674528369;26.857787227278152;13.765973385473485;18.54830216647889
1690546439;16.334622872136507;26.857588522831144;13.765178566106117;18.609006495661284
1690546440;16.34089630415192;26.85589953503159;13.760210945060102;18.59509715673242
1690546441;16.339402629862533;26.85580018280809;13.758919363588129;18.66533931832317
1690546442;16.067553909194565;26.85480666057306;13.759714182955495;18.667028309478816
1690546443;16.067553909194565;26.854906012796565;13.759714182955495;18.747702475266216
1690546444;16.067553909194565;26.86027103286571;13.758919363588129;18.890273199287044
1690546445;16.080100773225393;26.84745459603386;13.765377270947965;18.90726246326444
1690546446;16.080100773225393;26.84725589158685;13.764979861264282;18.715114881204308
1690546447;16.080100773225393;26.847553948257364;13.765774680631647;18.81327507307371
1690546448;16.080100773225393;26.846262369351827;13.757826486958002;18.86046747301091
1690546449;16.080100773225393;26.845368199340303;13.757826486958002;18.87149559173308
1690546450;16.080100773225393;26.85073321940945;13.757826486958002;18.98137936927109
1690546451;16.080100773225393;26.850633867185948;13.757031667590647;18.96458881013554
1690546452;16.080100773225393;26.856098239478598;13.75862130632537;19.078546036931275
1690546453;16.080100773225393;26.85580018280809;13.760210945060102;19.127626132865984
1690546454;16.080100773225393;26.85580018280809;13.760210945060102;19.06334511653045
1690546455;16.080100773225393;26.85719111393713;13.759416125692736;19.105271838158878
1690546456;16.080100773225393;26.850931923856457;13.759416125692736;18.673585569259565
1690546457;16.079602881795594;26.84983904939793;13.759416125692736;18.606025923033663
1690546458;16.079602881795594;26.84964034495092;13.760210945060102;18.650535807606026
1690546459;16.079602881795594;26.851428684973968;13.760210945060102;18.615762460283868
1690546460;16.079602881795594;26.850335810515435;13.760210945060102;18.647455882557495
1690546461;16.18047568547203;26.85639629614911;13.759416125692736;18.600859597145803
1690546462;15.46998461515482;26.86722568851091;13.75862130632537;19.180879030479336
1690546463;15.46998461515482;26.873087469697577;13.75862130632537;19.204723611500242
1690546464;15.42577185618904;26.873683583038588;13.759416125692736;19.081526609558896
1690546465;15.424477338471576;26.880141477566266;13.759416125692736;19.097025587222483
1690546466;15.422983664182189;26.87884989866073;13.75862130632537;19.036818020144697
1690546467;15.42915751791164;26.87964471644876;13.75862130632537;19.305069556629885
1690546468;15.245037267173522;26.877657671978696;13.75862130632537;19.105172485737963
1690546469;15.358954826310578;26.87239200413305;13.759416125692736;19.175812057012397
1690546470;15.97245664610375;26.87159718634503;13.759416125692736;19.15633898251199
1690546471;16.08846534924594;26.858979453960174;13.76736431936637;19.089276098390684
1690546472;16.317694563523478;26.858184636172155;13.76736431936637;19.06791532789279
1690546473;16.232455550742607;26.858979453960174;13.765774680631647;19.13477950717225
1690546474;16.056401141167154;26.859774271748204;13.766569499999004;18.966178448870263
1690546475;16.077710894362372;26.859178158407182;13.766569499999004;18.952467814783247
1690546476;16.077710894362372;26.858979453960174;13.765774680631647;18.95356069141336
1690546477;16.083984326377788;26.859178158407182;13.765774680631647;18.967470030342227
1690546478;15.93660846315852;26.847752652704372;13.765774680631647;19.137859432220782
1690546479;16.073628184638057;26.83900965703613;13.758720658746293;19.274469010986394
1690546480;16.003425493036993;26.83900965703613;13.760310297481016;19.222805752107764
1690546481;16.210249592973756;26.83990382704765;13.760310297481016;19.454296892852383
1690546482;16.44336236040369;26.839407065930132;13.75951547811366;19.042381755716242
1690546483;16.83490418079434;26.838612248142113;13.75951547811366;18.914316485149797
1690546484;16.535273118343817;26.844970790446286;13.75951547811366;18.95167299541588
1690546485;15.814326328000917;26.845765608234316;13.75951547811366;18.950580118785755
1690546486;16.33920347329061;26.844871438222782;13.758720658746293;18.9201782779841
1690546487;16.351750337321448;26.843579859317256;13.758720658746293;18.958329607617554
1690546488;15.723909244350176;26.84348050709375;13.752262751386468;18.48253086382956
1690546489;15.793414887949531;26.843877915987758;13.759316773271813;18.439809322833767
1690546490;15.367120245759214;26.84338115487025;13.758521953904445;18.30786930785142
1690546491;15.692641662559058;26.842685689305725;13.752262751386468;18.859374596380786
1690546492;15.698616359716599;26.847852004927873;13.760111592639179;18.85897718669711
1690546493;16.189437731208333;26.85023645829193;13.766370795157169;18.93279603544099
1690546494;16.017565609643157;26.855700830584585;13.772629997675157;18.827581821686245
1690546495;16.244106210199803;26.856197591702102;13.77183517830779;18.738363347699693
1690546496;16.287223608020042;26.861661963994756;13.759714182955495;18.651032569710623
1690546497;16.19172803178539;26.861661963994756;13.758919363588129;18.56320502961696
1690546498;16.147116959675778;26.861661963994756;13.759714182955495;18.61635857480939
1690546499;16.15339039169119;26.861463259547747;13.765178566106117;18.623710653957502
1690546500;16.15826972770318;26.860668441759728;13.765178566106117;18.607516209347473
1690546501;16.336315702997805;26.847852004927873;13.76527791852704;18.719287682882968
1690546502;15.644147037297051;26.860966498430237;13.771139711361347;18.631162085526544
1690546503;15.867301976131088;26.860668441759728;13.772232587991473;18.662458098116474
1690546504;15.615568069226827;26.85440925167906;13.771437768624107;18.67348621683864
1690546505;15.92296623798215;26.853217024997022;13.771437768624107;18.645667538980927
1690546506;16.04634373428531;26.853217024997022;13.770742301677663;18.644972072034484
1690546507;16.27188855198235;26.853614433891025;13.770742301677663;18.509455369898998
1690546508;16.27079319083681;26.853614433891025;13.771338416203182;18.509157312636237
1690546509;16.27079319083681;26.8523228549855;13.771338416203182;18.531014845238737
1690546510;16.27079319083681;26.84685848269285;13.769748777468461;18.546315118060484
1690546511;16.27706662285222;26.8452688471168;13.777796323563019;18.035743026950335
1690546512;16.274676743989204;26.84069864483567;13.778392438088538;18.03703460842231
1690546513;16.274676743989204;26.841096053729686;13.778392438088538;18.03435209305745
1690546514;16.293497040035454;26.840102531494658;13.77759761872117;18.048658841669997
1690546515;16.025631450805832;26.840102531494658;13.77759761872117;18.57254415718348
1690546516;16.059886381175726;26.840897349282677;13.77759761872117;18.652522856024433
1690546517;16.296384810328256;26.840102531494658;13.77759761872117;18.487995246980184
1690546518;15.893789800196167;26.83990382704765;13.777398913879335;18.448154926191084
1690546519;16.085478000667173;26.839208361483124;13.778193733246702;18.455010243234593
1690546520;16.08408390466375;26.846759130469344;13.771934530728714;18.375528306498246
1690546521;16.13546630021857;26.845964312681314;13.771139711361347;18.42609868874675
1690546522;16.091651854396627;26.84556690378731;13.770344891993979;18.396193610049693
1690546523;15.036420758089486;26.8452688471168;13.771139711361347;18.427191565376877
1690546524;15.42985456591336;26.8452688471168;13.777398913879335;18.49097581960779
1690546525;15.855253003530045;26.85073321940945;13.776604094511969;18.366785293457244
1690546526;15.850074932660185;26.85073321940945;13.782863297029957;18.298728885126746
1690546527;15.917489432254406;26.857091761713626;13.782863297029957;18.26494906201379
1690546528;16.061479633751063;26.85669435281962;13.782664592188121;18.349895381900772
1690546529;16.55947064183184;26.85510471724357;13.784254230922844;18.188845107588737
1690546530;16.24530114963131;26.85669435281962;13.777995028404854;18.130028474403836
1690546531;16.541048658929437;26.849342288280408;13.777100856616576;18.17722087434105
1690546532;16.134171782501106;26.850335810515435;13.783360059134564;18.298629532705824
1690546533;16.191528875213468;26.85023645829193;13.784949697869287;18.232659525214657
1690546534;15.939894546595168;26.85043516273894;13.783360059134564;18.22341975006905
1690546535;15.732572555228607;26.848646822715892;13.783360059134564;18.201760922308395
1690546536;15.74382490154197;26.84854747049239;13.789619261652552;18.195899129474093
1690546537;15.74382490154197;26.84904423160991;13.788824442285186;18.188248993063215
1690546538;15.750098333557382;26.842785041529226;13.788824442285186;18.189739279377015
1690546539;15.756371765572796;26.841890871517705;13.783658116397323;18.24329023425314
1690546540;15.305182551892738;26.841592814847193;13.78236653492536;18.27836163883806
1690546541;15.452458836826043;26.841990223741206;13.78236653492536;18.25372223844979
1690546542;15.810144039990636;26.841890871517705;13.78236653492536;18.221730758913402
1690546543;15.408345656146217;26.841592814847193;13.78236653492536;18.13370451397789
1690546544;15.854456377242377;26.840797997059173;13.781571715557995;18.104693607069123
1690546545;15.586292053154892;26.847057187139846;13.783161354292716;18.054918044187986
1690546546;15.560600855377471;26.853813138338033;13.777200209037499;18.145428099646498
1690546547;15.57742958570454;26.853614433891025;13.776405389670131;18.038425542315196
1690546548;15.57742958570454;26.83304852362596;13.775610570302765;18.0545206345043
1690546549;15.73117845922518;26.834042045860983;13.777200209037499;18.016568009712696
1690546550;15.387832529238676;26.833147875849463;13.777200209037499;18.07876262520889
1690546551;15.691147988269682;26.83205500139093;13.773027407358839;17.995405944056643
1690546552;15.612580720648051;26.84099670150618;13.77123906378227;17.977323803449117
1690546553;15.801779463970089;26.840102531494658;13.77123906378227;18.146620328697548
1690546554;15.583703017719952;26.844672733775788;13.770444244414904;18.026403899383816
1690546555;15.623335175531627;26.84556690378731;13.772033883149625;17.464963368762408
1690546556;15.137791453195714;26.84556690378731;13.777398913879335;17.414392986513903
1690546557;15.492489307781543;26.831955649167426;13.777398913879335;17.901319201444977
1690546558;15.501849666661682;26.831657592496917;13.776405389670131;17.91979875173618
1690546559;15.508123098677107;26.832452410284947;13.775610570302765;17.814882595244196
1690546560;15.508123098677107;26.832452410284947;13.775610570302765;17.706389751599072
1690546561;15.508123098677107;26.819139212335575;13.776405389670131;17.72735311241329
1690546562;15.520669962707935;26.824603584628225;13.776405389670131;17.733512962510357
1690546563;15.285366472986905;26.825597106863253;13.776405389670131;17.76838566225343
1690546564;15.618057526375795;26.82579581131026;13.775610570302765;17.700726663606613
1690546565;15.669340343644667;26.825597106863253;13.775610570302765;17.760834878263477
1690546566;15.748704237553957;26.825398402416244;13.776405389670131;17.736791592400735
1690546567;15.969469297524984;26.82420617573421;13.776405389670131;17.810014326619093
1690546568;15.974846524966768;26.82440488018122;13.775610570302765;17.660190875871074
1690546569;16.216124711845335;26.824007471287203;13.776206684828285;17.671914461539686
1690546570;16.366388345357407;26.826193220204264;13.776206684828285;17.69486487077231
1690546571;15.965287009514705;26.82470293685173;13.774617046093562;17.73659288755889
1690546572;15.658087997331304;26.833147875849463;13.776206684828285;17.672907985748886
1690546573;16.003724227894867;26.83771807813059;13.776206684828285;17.248474443576768
1690546574;16.408808695175924;26.83742002146008;13.776206684828285;17.099247107354266
1690546575;16.308234626357375;26.836724555895564;13.77541186546093;17.106201776818697
1690546576;15.696525215711466;26.836724555895564;13.77541186546093;17.24589128063283
1690546577;15.61935204409326;26.83722131701307;13.776206684828285;17.32815508515496
1690546578;15.181506320731696;26.83722131701307;13.776206684828285;17.232478703808574
1690546579;15.187481017889237;26.836426499225052;13.77541186546093;17.20624966468558
1690546580;15.187481017889237;26.837519373683584;13.76915266294294;17.197506651644577
1690546581;15.193057401902943;26.837121964789567;13.775709922723689;17.191048744284753
1690546582;15.26106937121291;26.836724555895564;13.7748157509354;17.546134296654404
1690546583;15.26106937121291;26.835631681437032;13.775610570302765;17.558752054111302
1690546584;15.563090312526452;26.834538806978504;13.775610570302765;17.576238080193296
1690546585;15.770013990749177;26.834340102531495;13.7748157509354;17.50937390091384
1690546586;15.696425637425504;26.829372491356352;13.775610570302765;17.5451407724452
1690546587;15.353677177154745;26.832750466955446;13.774915103356323;17.55984493074143
1690546588;15.758861222721777;26.833545284743476;13.776504742091056;17.409127308205118
1690546589;15.758861222721777;26.83344593251997;13.776107332407372;17.426613334287122
1690546590;15.67571335394604;26.83284981917895;13.776107332407372;17.01867229398779
1690546591;15.681289737959736;26.820828200135118;13.783161354292716;16.904218305087436
1690546592;15.68756316997516;26.82142431347614;13.783161354292716;16.935613670098306
1690546593;15.68756316997516;26.821324961252635;13.78236653492536;16.848879006634753
1690546594;15.68756316997516;26.821324961252635;13.78236653492536;16.8505679977904
1690546595;15.68756316997516;26.821026904582123;13.781571715557995;16.83884441212179
1690546596;15.68756316997516;26.82092755235862;13.781571715557995;16.865073451244783
1690546597;15.68756316997516;26.81963597345308;13.783161354292716;16.865073451244783
1690546598;15.706184309449478;26.818841155665062;13.78236653492536;16.880473076487455
1690546599;15.718532016908393;26.818841155665062;13.78236653492536;16.83169103781552
1690546600;15.73107888093922;26.82579581131026;13.769947482310297;16.83318132412932
1690546601;15.48452304490483;26.81824504232405;13.769053310522017;17.193433202386842
1690546602;15.96897140609519;26.81824504232405;13.769848129889384;17.27162355765123
1690546603;15.581213560570983;26.81764892898303;13.769848129889384;17.361338793742387
1690546604;15.816218315434138;26.81844374677105;13.769053310522017;17.398496599166634
1690546605;15.905739194511249;26.823212653499183;13.769053310522017;17.32537321736919
1690546606;15.752687368992312;26.82311330127568;13.769053310522017;17.269735861653746
1690546607;15.755276404427255;26.823709414616705;13.771437768624107;17.24191718379602
1690546608;15.761549836442668;26.823709414616705;13.771437768624107;17.264569535765883
1690546609;15.761549836442668;26.822616540158172;13.77064294925674;17.11623637133166
1690546610;15.761549836442668;26.822616540158172;13.77064294925674;17.13481527404378
1690546611;15.761251101584783;26.824106823510707;13.769848129889384;16.67491291760307
1690546612;15.92207003340852;26.82907443468585;13.776107332407372;17.147532383921604
1690546613;15.608995902353529;26.835532329213528;13.776902151774728;17.093782724203642
1690546614;15.95363635005751;26.83523427254302;13.776107332407372;17.057121680884002
1690546615;15.598938495471682;26.84040058816516;13.776107332407372;17.106698538923293
1690546616;15.812633497139617;26.839407065930132;13.776107332407372;17.14713497423792
1690546617;15.628314089829576;26.838711600365617;13.776902151774728;17.053246936468103
1690546618;15.578524946850091;26.839506418153636;13.776902151774728;16.931838278103317
1690546619;15.723311774634418;26.83851289591861;13.776902151774728;16.976149457833845
1690546620;15.705188526589897;26.8382148392481;13.776902151774728;17.068249152027093
1690546621;15.816716206863934;26.832750466955446;13.775213160619082;17.002378496956837
1690546622;15.957519903209905;26.832949171402454;13.795381702065935;16.97992484982882
1690546623;16.1601617151364;26.83046536581488;13.793792063331212;16.512769766660906
1690546624;16.125209736764802;26.83126018360291;13.793792063331212;17.05940678656517
1690546625;15.962000926078057;26.835731033660537;13.793792063331212;16.984296356349315
1690546626;15.962000926078057;26.835631681437032;13.793792063331212;
1690546627;15.739244300387856;26.836426499225052;13.793692710910289;
1690546628;15.223229622548507;26.835333624766523;13.793692710910289;16.93134151599872
1690546629;15.73366791637415;26.835333624766523;13.789023147127022;16.928460295792025
1690546630;15.199430412204318;26.8382148392481;13.789023147127022;17.147830441184365
1690546631;15.372497473200998;26.83583038588404;13.79528234964501;16.96760514963468
1690546632;15.372397894915036;26.83602909033104;13.794487530277655;16.899648093725094
1690546633;15.372397894915036;26.835333624766523;13.793593358489364;16.910179450342667
1690546634;15.818409037725234;26.841592814847193;13.794388177856732;16.840533403277437
1690546635;15.493584668927095;26.84745459603386;13.794388177856732;16.845898434007147
1690546636;15.494381295214765;26.84745459603386;13.794388177856732;16.747241480033146
1690546637;15.494381295214765;26.852918968326513;13.794487530277655;16.739889400885033
1690546638;15.494381295214765;26.852720263879505;13.793692710910289;16.752308453500085
1690546639;15.21835028653652;26.852620911656;13.79349400606844;16.356587760973973
1690546640;15.21835028653652;26.852620911656;13.794288825435807;16.247200745540567
1690546641;15.237071004296798;26.853614433891025;13.787830918075983;16.26349454257152
1690546642;15.236871847724887;26.865238644040858;13.799653856165516;16.045117921388385
1690546643;15.236871847724887;26.86454317847633;13.799653856165516;16.56989740869016
1690546644;15.248721663754006;26.864741882923337;13.799653856165516;16.576951430575505
1690546645;15.25499509576942;26.877558319755202;13.799653856165516;16.52061860791362
1690546646;15.261268527784832;26.876068036402657;13.801342847321163;16.49220381553037
1690546647;15.261268527784832;26.876862854190676;13.801442199742088;16.428816970983128
1690546648;15.261268527784832;26.875173866391133;13.80064738037472;16.511577537609856
1690546649;15.26106937121291;26.875769979732144;13.80064738037472;16.45107191326931
1690546650;15.26106937121291;26.870305607439494;13.802932486055886;16.396924843867666
1690546651;15.26106937121291;26.85202479831499;13.801442199742088;16.349136329404935
1690546652;15.26106937121291;26.85073321940945;13.794288825435807;16.33065677911374
1690546653;15.26106937121291;26.850931923856457;13.794288825435807;16.27432395645184
1690546654;15.26106937121291;26.85043516273894;13.79349400606844;16.144867751992507
1690546655;15.267342803228324;26.85043516273894;13.795083644803174;16.13980077852557
1690546656;15.267342803228324;26.852422207208992;13.795083644803174;16.134336395374948
1690546657;15.267342803228324;26.85103127607996;13.795083644803174;16.13354157600758
1690546658;15.267342803228324;26.85103127607996;13.79349400606844;16.13354157600758
1690546659;15.267342803228324;26.849938401621433;13.788526385022426;15.69976890626894
1690546660;15.267342803228324;26.849938401621433;13.787234803550463;15.705034584577726
1690546661;15.267342803228324;26.849938401621433;13.788029622917819;15.690628483544256
1690546662;15.267342803228324;26.83662520367206;13.787334155971376;15.693807761013712
1690546663;15.267342803228324;26.83662520367206;13.787334155971376;15.691820712595305
1690546664;15.267342803228324;26.83126018360291;13.787334155971376;15.68893949238861
1690546665;15.267342803228324;26.83066407026189;13.787334155971376;15.695198694906598
1690546666;15.267342803228324;26.836923260342573;13.787334155971376;15.695198694906598
1690546667;15.267342803228324;26.83602909033104;13.788725089864261;15.695198694906598
1690546668;15.498065691795249;26.83682390811907;13.788725089864261;15.613829062172757
1690546669;15.509417616394572;26.83682390811907;13.787930270496906;15.583824631054789
1690546670;15.509417616394572;26.836923260342573;13.78713545112954;15.58928901420541
1690546671;15.508123098677107;26.83662520367206;13.78713545112954;15.6733411623041
1690546672;15.508123098677107;26.83742002146008;13.780876248611552;15.692118769858066
1690546673;15.508123098677107;26.83662520367206;13.781671067978918;15.691323950490698
1690546674;15.508123098677107;26.835929738107534;13.781671067978918;15.696092866694878
1690546675;15.508123098677107;26.835532329213528;13.781671067978918;15.689038844809533
1690546676;15.513699482690802;26.761216866033465;13.780876248611552;15.606874392708326
1690546677;15.513699482690802;26.753169335929737;13.781671067978918;15.564649613817139
1690546678;15.513699482690802;26.753169335929737;13.780876248611552;15.560874221822163
1690546679;15.513699482690802;26.753169335929737;13.78713545112954;15.565643138026342
1690546680;15.204210169930343;26.746612089178555;13.78713545112954;15.567034071919228
1690546681;15.210483601945757;26.728629336724552;13.78713545112954;15.559980050033884
1690546682;15.216059985959463;26.72992091563009;13.78713545112954;15.55898652582467
1690546683;15.222333417974877;26.727834518936533;13.78713545112954;15.55898652582467
1690546684;15.222333417974877;26.727834518936533;13.78713545112954;15.551733799097478
1690546685;15.221038900257412;26.726741644478004;13.788725089864261;15.551733799097478
1690546686;15.221038900257412;26.72584747446648;13.787930270496906;15.552528618464844
1690546687;15.221038900257412;26.72584747446648;13.787930270496906;15.546269415946856
1690546688;15.221038900257412;26.72823192783055;13.787930270496906;15.539314746482425
1690546689;15.221038900257412;26.72823192783055;13.789519909231629;15.539314746482425
1690546690;15.221038900257412;26.727834518936533;13.788725089864261;15.55809235403639
1690546691;15.227312332272824;26.73339824345269;13.788725089864261;15.552826675727605
1690546692;15.22611739284132;26.733199539005682;13.788725089864261;15.555310486250617
1690546693;15.22611739284132;26.734193061240706;13.787930270496906;15.555310486250617
1690546694;15.22611739284132;26.728927393395065;13.787930270496906;15.56077486940124
1690546695;15.22611739284132;26.7266422922545;13.787930270496906;15.567034071919228
1690546696;15.22611739284132;26.732305368994158;13.787930270496906;15.565245728342658
1690546697;15.22611739284132;26.733596947899695;13.787036098708615;15.565245728342658
1690546698;15.22611739284132;26.732007312323645;13.787036098708615;15.564450908975303
1690546699;15.232390824856735;26.732007312323645;13.787036098708615;15.566040547710024
1690546700;15.232390824856735;26.731709255653147;13.787036098708615;15.565444433184506
1690546701;15.232390824856735;26.732504073441167;13.787830918075983;15.566239252551872
1690546702;15.254696360911534;26.732504073441167;13.787830918075983;15.571703635702494
1690546703;15.254696360911534;26.732504073441167;13.787830918075983;15.558589116140997
1690546704;15.260969792926959;26.731411198982634;13.787830918075983;15.558589116140997
1690546705;15.260969792926959;26.732206016770654;13.787830918075983;15.558589116140997
1690546706;15.260969792926959;26.743929579143977;13.78862573744335;15.557794296773631
1690546707;15.260969792926959;26.745221158049514;13.787632213234136;15.546964882893299
1690546708;15.260969792926959;26.746015975837533;13.78683739386678;15.542394671530957
1690546709;15.260969792926959;26.746015975837533;13.78683739386678;15.541500499742678
1690546710;15.260969792926959;26.744923101379005;13.78683739386678;15.548554521628033
1690546711;15.260969792926959;26.719190875491794;13.78683739386678;15.547759702260667
1690546712;15.260969792926959;26.726244883360494;13.792301777017402;15.547660349839742
1690546713;15.260969792926959;26.725450065572463;13.793891415752125;15.553124732990364
1690546714;15.260969792926959;26.725648770019472;13.793891415752125;15.553124732990364
1690546715;15.260969792926959;26.73210666454715;13.793096596384768;15.549846103099995
1690546716;15.267243224942373;26.73210666454715;13.793096596384768;15.550938979730123
1690546717;15.267243224942373;26.730815085641613;13.78683739386678;15.556105305617985
1690546718;15.267243224942373;26.7374716846163;13.787632213234136;15.55928458308744
1690546719;15.267243224942373;26.737074275722293;13.792301777017402;15.560874221822163
1690546720;15.267243224942373;26.737074275722293;13.792301777017402;15.561072926664
1690546721;15.267243224942373;26.736776219051784;13.792301777017402;15.561072926664
1690546722;15.265749550652984;26.72972221118308;13.787334155971376;15.559185230666516
1690546723;15.265649972367024;26.728927393395065;13.788427032601502;15.559185230666516
1690546724;15.265649972367024;26.730517028971114;13.788427032601502;15.557794296773631
1690546725;15.265649972367024;26.729424154512582;13.788427032601502;15.557794296773631
1690546726;15.265649972367024;26.735782696816756;13.787632213234136;15.557198182248111
1690546727;15.265649972367024;26.736180105710762;13.793891415752125;15.554416314462339
1690546728;15.271923404382438;26.736974923498792;13.795481054486858;15.554416314462339
1690546729;15.271923404382438;26.73667686682828;13.782167830083514;15.555211133829694
1690546730;15.271923404382438;26.73588204904026;13.782167830083514;15.561470336347682
1690546731;15.271923404382438;26.742141239120933;13.782167830083514;15.560675516980327
1690546732;15.271923404382438;26.743035409132453;13.781373010716147;15.560675516980327
1690546733;15.271923404382438;26.749294599213137;13.780578191348791;15.560675516980327
1690546734;15.271923404382438;26.75456026705878;13.78117430587431;15.55988069761296
1690546735;15.280586715260869;26.765190954973573;13.78117430587431;15.57220039780709
1690546736;15.280586715260869;26.779398322934465;13.780379486506945;15.571405578439734
1690546737;15.28666099070437;26.779100266263956;13.780379486506945;15.571405578439734
1690546738;15.28666099070437;26.779100266263956;13.780379486506945;15.567133424340152
1690546739;15.28666099070437;26.778305448475937;13.780379486506945;15.565146375921746
1690546740;15.28666099070437;26.772046258395264;13.785843869657576;15.565146375921746
1690546741;15.209388240800214;26.75962723045742;13.787433508392299;15.57220039780709
1690546742;15.215661672815628;26.75962723045742;13.793891415752125;15.578459600325079
1690546743;15.228208536846456;26.758733060445895;13.79528234964501;15.577664780957722
1690546744;15.228208536846456;26.758733060445895;13.794487530277655;15.577664780957722
1690546745;15.228208536846456;26.76032269602193;13.793692710910289;15.577664780957722
1690546746;15.228208536846456;26.7592298215634;13.793692710910289;15.576869961590356
1690546747;15.228208536846456;26.752771927035724;13.793692710910289;15.576869961590356
1690546748;15.228208536846456;26.753566744823754;13.793692710910289;15.577664780957722
1690546749;15.228208536846456;26.753566744823754;13.793692710910289;15.576869961590356
1690546750;15.234481968861868;26.753566744823754;13.793692710910289;15.582334344740978
1690546751;15.217155347105017;26.752473870365222;13.792897891542921;15.582334344740978
1690546752;15.213968841954328;26.75326868815324;13.794487530277655;15.582334344740978
1690546753;15.220242273969742;26.752473870365222;13.800746732795643;15.576174494643913
1690546754;15.226515705985156;26.752275165918217;13.799951913428277;15.5736906841209
1690546755;15.238365522014274;26.752473870365222;13.799951913428277;15.572697159911698
1690546756;15.238365522014274;26.75267257481222;13.799951913428277;15.572697159911698
1690546757;15.238365522014274;26.752871279259228;13.800746732795643;15.57309456959538
1690546758;15.238365522014274;26.7518777570242;13.799951913428277;15.57190234054433
1690546759;15.244638954029687;26.752573222588726;13.787433508392299;15.57190234054433
1690546760;15.249717446613587;26.752573222588726;13.787433508392299;15.571107521176963
1690546761;15.249717446613587;26.75704407264634;13.787433508392299;15.571107521176963
1690546762;15.249717446613587;26.75724277709335;13.782465887346273;15.576174494643913
1690546763;15.249717446613587;26.75704407264634;13.78117430587431;15.58601038431503
1690546764;15.249717446613587;26.757739538210867;13.78117430587431;15.590282538414613
1690546765;15.249717446613587;26.75754083376386;13.781969125241677;15.609258850810415
1690546766;15.249717446613587;26.76380002384453;13.78117430587431;15.608265326601211
1690546767;15.249717446613587;26.76380002384453;13.78117430587431;15.607470507233845
1690546768;15.268438164373876;26.76429678496205;13.78117430587431;15.609060145968579
1690546769;15.268438164373876;26.76429678496205;13.780379486506945;15.607470507233845
1690546770;15.268438164373876;26.76320391050352;13.78117430587431;15.607371154812933
1690546771;15.268438164373876;26.756149902634817;13.78117430587431;15.607073097550172
1690546772;15.268438164373876;26.750685530342167;13.78117430587431;15.582632402003737
1690546773;15.27471159638929;26.749592655883635;13.780379486506945;15.556204658038908
1690546774;15.27471159638929;26.749592655883635;13.780379486506945;15.544083662686614
1690546775;15.27471159638929;26.750387473671665;13.78117430587431;15.547759702260667
1690546776;15.27471159638929;26.750387473671665;13.780379486506945;15.548554521628033
1690546777;15.27471159638929;26.749294599213137;13.780180781665107;15.554018904778655
1690546778;15.27471159638929;26.750089417001156;13.780180781665107;15.555608543513378
1690546779;15.27471159638929;26.749294599213137;13.780180781665107;15.555608543513378
1690546780;15.27471159638929;26.748996542542624;13.779385962297741;15.549647398258148
1690546781;15.27471159638929;26.748996542542624;13.78177042039983;15.537327698064018
1690546782;15.27471159638929;26.748201724754605;13.78177042039983;15.538122517431386
1690546783;15.27471159638929;26.76211103604499;13.78177042039983;15.538122517431386
1690546784;15.27471159638929;26.760720104915947;13.780975601032475;15.54070568037531
1690546785;15.27471159638929;26.762210388268493;13.780975601032475;15.528187275339334
1690546786;15.27471159638929;26.76807216945515;13.782565239767198;15.527392455971977
1690546787;15.27471159638929;26.768568930572666;13.769252015363854;15.527392455971977
1690546788;15.27471159638929;26.77482812065334;13.750474407809898;15.527392455971977
1690546789;15.27471159638929;26.77403330286532;13.750474407809898;15.527392455971977
1690546790;15.27471159638929;26.768270873902157;13.750474407809898;15.526498284183688
1690546791;15.27471159638929;26.77492747287684;13.749679588442532;15.520239081665698
1690546792;15.27471159638929;26.767674760561142;13.749679588442532;15.518351385668216
1690546793;15.280985028404704;26.767674760561142;13.75593879096052;15.51755656630085
1690546794;15.280985028404704;26.773735246194807;13.75593879096052;15.51755656630085
1690546795;15.280985028404704;26.78605492190915;13.75593879096052;15.523815768818839
1690546796;15.280985028404704;26.692663831816553;13.75593879096052;15.524610588186205
1690546797;15.280985028404704;26.686205937288875;13.75593879096052;15.518351385668216
1690546798;15.280985028404704;26.684516949489336;13.755143971593153;15.518351385668216
1690546799;15.280985028404704;26.684616301712826;13.755143971593153;15.51755656630085
1690546800;15.280985028404704;26.678555816079164;13.755143971593153;15.51755656630085
1690546801;15.283175750695799;26.655208043556012;13.75593879096052;15.523815768818839
1690546802;15.283175750695799;26.653717760203477;13.744910672238353;15.542593376372803
1690546803;15.283175750695799;26.653717760203477;13.749679588442532;15.548852578890793
1690546804;15.283175750695799;26.653419703532965;13.737260535827478;15.548852578890793
1690546805;15.283175750695799;26.65490998688551;13.736366364039188;15.554316962041415
1690546806;15.283175750695799;26.655108691332508;13.735571544671831;15.548057759523426
1690546807;15.283175750695799;26.66007630250765;13.737161183406554;15.548057759523426
1690546808;15.283175750695799;26.6584866669316;13.737161183406554;15.548057759523426
1690546809;15.283175750695799;26.65928148471963;13.723847959003221;15.546567473209617
1690546810;15.283175750695799;26.65928148471963;13.725139540475183;15.546567473209617
1690546811;15.283175750695799;26.658188610261103;13.723847959003221;15.554515666883251
1690546812;15.283175750695799;26.65868537137861;13.723847959003221;15.554515666883251
1690546813;15.283175750695799;26.65868537137861;13.724642778370576;15.556105305617985
1690546814;15.283175750695799;26.658586019155106;13.724642778370576;15.555310486250617
1690546815;15.283175750695799;26.65759249692008;13.72504018805426;15.556105305617985
1690546816;15.283175750695799;26.65759249692008;13.723748606582298;15.556105305617985
1690546817;15.283175750695799;26.65729444024957;13.726033712263463;15.556105305617985
1690546818;15.283175750695799;26.65729444024957;13.729908456679363;15.556105305617985
1690546819;15.283175750695799;26.657791201367086;13.729113637311997;15.556105305617985
1690546820;15.283175750695799;26.657493144696577;13.729113637311997;15.557694944352708
1690546821;15.283175750695799;26.655903509120538;13.730703276046729;15.55690012498534
1690546822;15.283175750695799;26.655903509120538;13.731498095414096;15.575677732539306
1690546823;15.283175750695799;26.650439136827885;13.731498095414096;15.574783560751026
1690546824;15.283175750695799;26.652028772403924;13.731398742993173;15.574783560751026
1690546825;15.283175750695799;26.650737193498387;13.731398742993173;15.574783560751026
1690546826;15.283175750695799;26.650935897945395;13.730603923625806;15.57398874138366
1690546827;15.283175750695799;26.651532011286417;13.731398742993173;15.574783560751026
1690546828;15.283175750695799;26.650439136827885;13.730603923625806;15.574783560751026
1690546829;15.283175750695799;26.644179946747204;13.730603923625806;15.574783560751026
1690546830;15.283175750695799;26.63792075666653;13.743122328661784;15.57398874138366
1690546831;15.283175750695799;26.638417517784053;13.742327509294416;15.57398874138366
1690546832;15.283175750695799;26.638417517784053;13.74153268992706;15.57518097043471
