Time;{instance="10.231.0.208:9100"};{instance="192.168.221.10:9100"};{instance="192.168.221.11:9100"};{instance="192.168.221.12:9100"}
1690546352;30197518;100057.99999999999;558;42193
1690546353;106449174;20099.999999999996;610;90556791
1690546354;108319611;54286.99999999999;558;107063145
1690546355;100855314;83077.99999999999;1589;107666739
1690546356;82591988;46761.99999999999;5996;86329208
1690546357;90942548;106792.99999999999;610;95862157
1690546358;29130;21717.999999999996;558;31963708
1690546359;82866243;56546.99999999999;610;40944470
1690546360;103966617;73615.99999999999;558;99843996
1690546361;104836734;18862.999999999996;610;101338718
1690546362;97692269;101014.99999999999;558;110680986
1690546363;31061475;15872.999999999998;610;54579925
1690546364;68632925;98706.99999999999;558;53327549
1690546365;57990578;33695.99999999999;1207;83023867
1690546366;844;25682.999999999996;5291;3355774
1690546367;676;84213.99999999999;1337;2111
1690546368;56813916;59331.99999999999;558;26300745
1690546369;95358560;36029.99999999999;610;85772826
1690546370;57305058;98644.99999999999;558;89996690
1690546371;676;26556.999999999996;610;7435825
1690546372;676;49809.99999999999;558;1525
1690546373;616;49564.99999999999;775;5783
1690546374;556;33262.99999999999;663;11082
1690546375;556;24126.999999999996;610;1779
1690546376;616;121283.99999999999;558;624
1690546377;676;75697.99999999999;6018;16615
1690546378;616;61699.20318725099;6843;2586
1690546379;676;52744.979919678706;812;30050
1690546380;1103;79009.99999999999;558;9535
1690546381;952;9535.999999999998;610;3361
1690546382;892;113790.99999999999;558;822
1690546383;952;13356.999999999998;977;17554
1690546384;616;27441.999999999996;760;624
1690546385;898;98331.99999999999;792;6041
1690546386;7423;48649.99999999999;558;12430
1690546387;32103163;88837.99999999999;6009;12514887
1690546388;52030882;49083.99999999999;723;59089821
1690546389;82888817;25734.999999999996;610;54571753
1690546390;7641572;110524.99999999999;558;48539292
1690546391;3949266;23222.999999999996;610;13385
1690546392;19334772;55072.99999999999;558;23297061
1690546393;51472936;72623.99999999999;610;25601265
1690546394;75636540;20681.999999999996;558;59584672
1690546395;59174766;60610.99999999999;775;99247295
1690546396;30587771;101714.99999999999;1595;2222005
1690546397;75980719;23635.999999999996;5982;70402601
1690546398;9729962;114125.99999999999;558;45564463
1690546399;13245;30056.999999999996;610;19623
1690546400;26219251;99649.99999999999;558;1872
1690546401;81980227;33047.99999999999;795;71195263
1690546402;54789577;14322.999999999998;723;72271211
1690546403;58148820;112416.99999999999;610;45789280
1690546404;616;12117.999999999998;558;32047179
1690546405;676;115363.99999999999;798;1707
1690546406;616;43012.99999999999;558;16550
1690546407;616;116451.99999999999;5916;1937
1690546408;17940920;65156.99999999999;663;31513
1690546409;8219780;42327.99999999999;610;25166700
1690546410;28659400;128899.99999999999;7801;9820176
1690546411;61593602;30635.999999999996;610;56702339
1690546412;91379216;55880.99999999999;740;80335566
1690546413;86659340;62235.99999999999;610;89878703
1690546414;65459900;21985.999999999996;844;68976456
1690546415;101450876;103172.99999999999;610;87497175
1690546416;103392812;50041.99999999999;558;105881353
1690546417;5992524;59851.297405189616;5146;46272215
1690546418;60450709;79134.26853707414;1429;29060938
1690546419;67535071;29836.999999999996;610;85516886
1690546420;100879889;116782.99999999999;558;65803683
1690546421;97049747;10644.999999999998;610;102084852
1690546422;99110332;68449.99999999999;558;93041164
1690546423;112004816;55451.99999999999;610;114524807
1690546424;51360175;22914.999999999996;558;69909879
1690546425;63664274;76688.99999999999;1102;75835925
1690546426;892;72591.99999999999;558;16086978
1690546427;20560284.86055777;54476.99999999999;610;6440
1690546428;38930112.4497992;78392.99999999999;5886;31337289
1690546429;33616391;25997.999999999996;610;61768859
1690546430;832;111959.99999999999;558;7905
1690546431;1120;9363.999999999998;610;17018
1690546432;616;22937.999999999996;558;1590
1690546433;7399;103181.99999999999;775;5849
1690546434;54934945;9056.999999999998;558;28142495
1690546435;83549052;107248.99999999999;715;76171237
1690546436;59372904;44534.99999999999;558;75089868
1690546437;45570833;77456.99999999999;610;34792321
1690546438;80023094;98059.99999999999;5923;66819170.488534406
1690546439;14011246;40519.99999999999;817;56577805.416248746
1690546440;1103;106845.99999999999;760;2656
1690546441;952;61916.99999999999;676;22508
1690546442;892;55982.99999999999;9328;26651
1690546443;616;64436.99999999999;795;15641
1690546444;676;22091.999999999996;942;3362
1690546445;616;50008.99999999999;610;990
1690546446;892;95740.99999999999;558;14909
1690546447;952;21992.999999999996;610;3480
1690546448;832;99550.99999999999;5325;5807
1690546449;610;31488.999999999996;1318;11490
1690546450;556;68751.99999999999;760;3587
1690546451;735;64192.99999999999;812;15172
1690546452;676;17262.999999999996;810;8610
1690546453;892;56942.99999999999;610;1707
1690546454;952;7775.999999999999;723;5873
1690546455;616;26447.999999999996;610;808
1690546456;1012;40733.99999999999;558;690
1690546457;616;22670.999999999996;610;808
1690546458;1178;15338.999999999998;5028;690
1690546459;1174;35994.99999999999;1402;742
1690546460;676;14301.999999999998;558;1615
1690546461;14444;41897.99999999999;795;1942
1690546462;34959268;13593.999999999998;558;34947506
1690546463;832;35581.99999999999;775;1216
1690546464;11629113;13770.999999999998;746;11639085
1690546465;556;25159.999999999996;610;1985
1690546466;9403;45207.99999999999;558;938
1690546467;2446;72918.99999999999;610;12948
1690546468;2188917;28516.999999999996;5028;880
1690546469;67680538;44590.99999999999;1468;39511157
1690546470;71454105;21501.999999999996;558;74958999
1690546471;44794797;37434.99999999999;610;71279307
1690546472;77901023;66831.99999999999;8940;34291059
1690546473;85022068;26929.999999999996;610;105591722
1690546474;54679613;13509.999999999998;740;42685249
1690546475;26850012;26375.999999999996;676;62428857
1690546476;556;26640.999999999996;558;1227
1690546477;616;39114.99999999999;544;905
1690546478;24264216;23386.999999999996;558;15204
1690546479;106561424;24002.999999999996;6048;87486143
1690546480;109326198;27699.999999999996;558;106474156
1690546481;16069599;21156.999999999996;1577;55225615
1690546482;88651737;30687.999999999996;558;54384720
1690546483;71062548;14640.999999999998;775;98154028
1690546484;100250430;23859.999999999996;723;67131411
1690546485;83940663;10852.999999999998;1354;96174233
1690546486;16899071;28877.999999999996;743;51961987
1690546487;556;36010.99999999999;862;1168
1690546488;54847550;7747.999999999999;558;25322353
1690546489;14930440;71472.99999999999;24645;44516458
1690546490;6890023;26670.999999999996;1521;6613
1690546491;28029396;30485.999999999996;610;34942660
1690546492;2744;22964.999999999996;760;988
1690546493;90703467;25652.999999999996;977;41104853
1690546494;109821840;18088.999999999996;876;106765861
1690546495;67992490;25094.999999999996;610;91060677
1690546496;10996463;31458.999999999996;558;40433610
1690546497;33360655;76183.99999999999;610;26510234
1690546498;1558751;17559.999999999996;558;8430417
1690546499;1456;26157.999999999996;5212;742
1690546500;1871;27087.999999999996;1557;918
1690546501;97483;23640.999999999996;610;2525
1690546502;34826153;85165.99999999999;558;34935573
1690546503;1174;18865.999999999996;10719;40988
1690546504;26478753;22895.999999999996;558;248126
1690546505;58697655;32601.999999999996;610;51736486
1690546506;72629345;40989.99999999999;558;76038385
1690546507;5011575;76795.99999999999;7926;34918649
1690546508;1042;23400.999999999996;723;8683
1690546509;616;22217.999999999996;5146;742
1690546510;556;23640.999999999996;1417;690
1690546511;616;19709.999999999996;610;1800
1690546512;556;24441.999999999996;760;911
1690546513;616;17155.999999999996;610;8756
1690546514;3791;21448.999999999996;558;624
1690546515;37918359;16257.999999999998;610;9714740
1690546516;68526996;38757.99999999999;558;66983930
1690546517;21655343;20207.999999999996;610;51476202
1690546518;8719066;22899.999999999996;558;690
1690546519;61076584;21637.999999999996;5212;40671279
1690546520;832;27769.999999999996;690;29166946
1690546521;32085628;14996.999999999998;1523;852753
1690546522;26071076;31503.999999999996;1605;57343397
1690546523;223063;21029.999999999996;610;3938
1690546524;73952122;16512.999999999996;911;40102546
1690546525;42177704;19971.999999999996;610;76326130
1690546526;616;42260.99999999999;558;690
1690546527;1514037;87284.99999999999;983;7700
1690546528;68587064;25026.999999999996;558;64055654
1690546529;44451760;30563.999999999996;1215;18416071
1690546530;47194506;32091.999999999996;5071;68999548
1690546531;87002873;25259.999999999996;1401;60444698
1690546532;105157582;18091.999999999996;558;94538931
1690546533;97474675;87299.99999999999;11091;100936068
1690546534;64373657;17850.999999999996;740;78241527
1690546535;31667775;17116.999999999996;610;61518125
1690546536;616;24861.999999999996;558;142449
1690546537;1048;32143.999999999996;610;676
1690546538;616;24799.999999999996;765;1043
1690546539;6955;26772.999999999996;610;1482
1690546540;34922166;24505.999999999996;5379;25389083
1690546541;556;38013.99999999999;1405;9563645
1690546542;34163783;12755.999999999998;558;18358531
1690546543;61545848;35037.99999999999;610;53038515
1690546544;61843230;12351.999999999998;558;63648058
1690546545;72620973;25992.999999999996;610;65725748
1690546546;49178689;27442.999999999996;1215;62931288
1690546547;616;25143.999999999996;795;15828618
1690546548;1118;25807.999999999996;558;690
1690546549;68724551;24856.999999999996;610;33253450
1690546550;94622684;24476.999999999996;5094;85312564
1690546551;65815880;31272.999999999996;610;71259846
1690546552;79792223;21848.999999999996;1351;78322906
1690546553;75145752;23835.999999999996;775;93415181
1690546554;40710081;87260.99999999999;12201;59374680
1690546555;5873076;15346.999999999998;610;9776642
1690546556;11639226;43815.99999999999;558;11639899
1690546557;34898904;63665.99999999999;610;34935170
1690546558;616;29880.999999999996;558;690
1690546559;616;16184.999999999998;610;2233
1690546560;1043;32836.99999999999;5094;992
1690546561;886;16038.999999999998;610;1447
1690546562;2588;35387.99999999999;1350;624
1690546563;7861103;21002.999999999996;957;33284
1690546564;53003951;28035.999999999996;1751;34923583
1690546565;75711554;19505.999999999996;862;67827988
1690546566;73040395;52495.99999999999;558;80557547
1690546567;83730421;13153.999999999998;610;73226960
1690546568;9192793;30450.999999999996;723;46138424
1690546569;35457914;16257.999999999998;610;676
1690546570;113225132;28758.999999999996;5094;98588895
1690546571;95098769;17451.999999999996;610;109335718
1690546572;76515541;30200.999999999996;1659;79711270
1690546573;63776626;19226.999999999996;610;85011221
1690546574;616;17188.999999999996;558;11450641
1690546575;169268;17453.999999999996;775;10012
1690546576;78378894;39845.99999999999;558;41946187
1690546577;78136515;15021.999999999998;862;78209823
1690546578;6707674;24878.999999999996;558;42846122
1690546579;556;21437.999999999996;610;676
1690546580;616;21585.999999999996;558;624
1690546581;6815;26911.999999999996;5146;676
1690546582;21783;34642.99999999999;558;29519
1690546583;616;14935.999999999998;1442;2627
1690546584;28426510;26204.999999999996;894;2988140
1690546585;88023536;93879.99999999999;13795;72813102
1690546586;89819465;37739.99999999999;558;87195904
1690546587;83821890;68020.99999999999;610;89770100
1690546588;24166951;12599.999999999998;558;61468868
1690546589;616;32540.999999999996;983;676
1690546590;34893147;16622.999999999996;740;18568733
1690546591;658;28075.999999999996;5146;16350051
1690546592;850;20482.999999999996;875;624
1690546593;772;21463.999999999996;1446;1470
1690546594;616;20150.999999999996;740;806
1690546595;556;18316.999999999996;610;10674
1690546596;616;36783.99999999999;558;1090
1690546597;958;18583.999999999996;610;676
1690546598;616;17511.999999999996;558;624
1690546599;556;26882.999999999996;610;861
1690546600;1098;27452.999999999996;930;1014
1690546601;9185775;31098.999999999996;5277;25116
1690546602;54696806;16726.999999999996;811;34925082
1690546603;53816734;33142.99999999999;1402;58106075
1690546604;56159306;21972.999999999996;558;55284962
1690546605;43691318;23555.999999999996;610;36041765
1690546606;26706565;34925.99999999999;1050;37051080
1690546607;1450;17207.999999999996;1026;23018255
1690546608;616;21790.999999999996;558;1674
1690546609;745;29105.999999999996;610;841
1690546610;556;22127.999999999996;558;624
1690546611;772;20762.999999999996;5212;676
1690546612;15585689;24759.999999999996;558;10354
1690546613;19344728;25552.999999999996;1469;34943172
1690546614;37421802;22533.999999999996;760;3300333
1690546615;92651363;103501.99999999999;13225;80779168
1690546616;67747060;34062.99999999999;558;98672606
1690546617;21982212;81861.99999999999;610;15152914
1690546618;52038476;17677.999999999996;558;58192619
1690546619;77331517;32988.99999999999;610;55522000
1690546620;93659449;27872.999999999996;1050;82771006
1690546621;92312162;18712.999999999996;5278;97508770
1690546622;46951408;19222.999999999996;876;90299008
1690546623;676;31624.999999999996;610;1168
1690546624;34965390;22292.999999999996;1417;133902
1690546625;556;20630.999999999996;775;34827659
1690546626;616;43742.99999999999;556.3310069790629;
1690546627;29807014;12385.999999999998;611.8355065195586;
1690546628;60395687;26719.999999999996;558;
1690546629;84186324;16729.999999999996;610;79131681.0865191
1690546630;81618628;38929.99999999999;558;85364957
1690546631;15148548;15875.999999999998;610;33719008
1690546632;19837719;27180.999999999996;5084;34938004
1690546633;556;17031.999999999996;878;1882
1690546634;40583502;35464.99999999999;2255;17451351
1690546635;74889341;20258.999999999996;610;65401013
1690546636;877275;43621.99999999999;558;33565019
1690546637;892;8712.999999999998;775;2020
1690546638;1178;17658.999999999996;558;1764
1690546639;556;22021.999999999996;610;1020
1690546640;616;29071.999999999996;558;1764
1690546641;556;18839.999999999996;610;676
1690546642;1018;26856.999999999996;5094;1593
1690546643;556;31454.999999999996;610;2452
1690546644;616;16996.999999999996;1351;2618
1690546645;616;34167.99999999999;610;676
1690546646;1330;107208.99999999999;14133;58298
1690546647;556;79512.99999999999;610;2523
1690546648;616;14341.999999999998;558;2678
1690546649;616;26032.999999999996;983;2217
1690546650;556;31783.999999999996;558;2276
1690546651;616;24237.999999999996;610;1248
1690546652;1324;24870.999999999996;5342;4216
1690546653;616;25739.999999999996;610;5337
1690546654;772;31926.999999999996;1634;3687
1690546655;616;17321.999999999996;610;2311
1690546656;556;44885.99999999999;558;740
1690546657;616;24465.999999999996;1646;12021
1690546658;556;18729.999999999996;558;558
1690546659;616;23784.999999999996;610;795
1690546660;988;28600.999999999996;765;760
1690546661;832;16845.999999999996;610;968
1690546662;556;17465.999999999996;5259;558
1690546663;616;16263.999999999998;610;610
1690546664;556;29376.999999999996;558;723
1690546665;838;19033.999999999996;1403;1403
1690546666;832;43689.99999999999;558;558
1690546667;892;18974.999999999996;775;11686
1690546668;1238;17543.999999999996;743;558
1690546669;550;22058.999999999996;610;775
1690546670;676;34253.99999999999;558;558
1690546671;616;18581.999999999996;610;610
1690546672;610;18605.999999999996;558;558
1690546673;676;15007.999999999998;5080;610
1690546674;616;28290.999999999996;558;558
1690546675;616;20718.999999999996;1604;1610
1690546676;676;44014.99999999999;663;914
1690546677;556;155182.99999999997;14674;61402
1690546678;676;20580.999999999996;558;558
1690546679;616;25262.999999999996;610;610
1690546680;676;24991.999999999996;558;558
1690546681;1163;24153.999999999996;610;610
1690546682;952;18162.999999999996;558;558
1690546683;616;15287.999999999998;5705;1102
1690546684;735;24427.999999999996;558;558
1690546685;616;37848.99999999999;1606;1472
1690546686;676;44056.99999999999;558;558
1690546687;736;22299.999999999996;610;1648
1690546688;556;14660.999999999998;558;12150
1690546689;616;23375.999999999996;610;610
1690546690;556;26425.999999999996;558;558
1690546691;556;23630.999999999996;610;610
1690546692;676;18735.999999999996;558;723
1690546693;610;15502.999999999998;5348;610
1690546694;616;24833.999999999996;558;558
1690546695;616;25210.999999999996;1402;610
1690546696;676;36331.99999999999;558;1351
1690546697;952;25981.999999999996;610;610
1690546698;1238;16594.999999999996;723;12241
1690546699;616;31154.999999999996;1582;610
1690546700;676;21865.999999999996;558;558
1690546701;556;22117.999999999996;610;610
1690546702;676;18883.999999999996;558;558
1690546703;676;16283.999999999998;5146;610
1690546704;616;18302.999999999996;558;558
1690546705;676;27996.999999999996;1407;610
1690546706;616;37965.99999999999;558;1582
1690546707;676;74316.99999999999;610;946
1690546708;556;16075.999999999998;558;12840
1690546709;745;24445.999999999996;983;610
1690546710;676;27944.999999999996;558;558
1690546711;616;23039.999999999996;610;610
1690546712;952;19389.999999999996;740;558
1690546713;616;17549.999999999996;5317;781
1690546714;556;18676.999999999996;558;558
1690546715;556;29061.999999999996;1652;610
1690546716;616;36024.99999999999;558;1801
1690546717;616;31192.999999999996;610;610
1690546718;556;17230.999999999996;558;12240
1690546719;490;20092.999999999996;610;795
1690546720;676;22445.999999999996;765;558
1690546721;616;21640.999999999996;610;1000
1690546722;676;24740.999999999996;558;723
1690546723;745;14812.999999999998;5378;610
1690546724;676;19156.999999999996;558;723
1690546725;616;33834.99999999999;1469;610
1690546726;676;35849.99999999999;558;1419
1690546727;952;27847.999999999996;1825;610
1690546728;1238;18363.999999999996;558;12319
1690546729;556;24779.999999999996;795;610
1690546730;676;20761.999999999996;558;558
1690546731;616;18381.999999999996;610;610
1690546732;736;23196.999999999996;558;558
1690546733;676;16663.999999999996;610;610
1690546734;616;17224.999999999996;5150;765
1690546735;616;20606.999999999996;1706;610
1690546736;745;45087.99999999999;558;1601
1690546737;676;76223.99999999999;610;610
1690546738;616;18328.999999999996;558;12240
1690546739;616;21346.999999999996;610;610
1690546740;616;23542.999999999996;558;558
1690546741;1043;15720.999999999998;610;610
1690546742;1012;29085.999999999996;558;558
1690546743;616;20423.999999999996;781;781
1690546744;556;16029.999999999998;5652;1050
1690546745;616;17607.999999999996;775;610
1690546746;556;46698.99999999999;1354;558
1690546747;556;25248.999999999996;610;1428
1690546748;676;20448.999999999996;558;1581
1690546749;616;29568.999999999996;610;12203
1690546750;556;21891.999999999996;558;558
1690546751;556;18409.999999999996;610;676
1690546752;616;10338.999999999998;558;1471
1690546753;616;32183.999999999996;812;775
1690546754;556;10239.999999999998;5094;558
1690546755;556;23072.999999999996;610;610
1690546756;610;46283.99999999999;1350;558
1690546757;1012;26293.999999999996;775;1564
1690546758;1178;19183.999999999996;558;558
1690546759;676;26461.999999999996;610;12292
1690546760;616;23989.999999999996;558;558
1690546761;676;13256.999999999998;610;610
1690546762;556;17465.999999999996;558;558
1690546763;616;23751.999999999996;610;610
1690546764;676;17218.999999999996;5094;558
1690546765;616;19231.999999999996;610;610
1690546766;676;39000.99999999999;1350;729
1690546767;676;81364.99999999999;610;1403
1690546768;616;19176.999999999996;558;740
1690546769;616;21592.999999999996;798;12593
1690546770;676;30245.999999999996;743;558
1690546771;616;15037.999999999998;610;862
1690546772;886;21335.999999999996;1764;558
1690546773;616;22544.999999999996;610;610
1690546774;676;20770.999999999996;5330;663
1690546775;676;19214.999999999996;792;610
1690546776;556;40588.99999999999;1351;740
1690546777;616;21750.999999999996;610;1604
1690546778;616;23991.999999999996;558;558
1690546779;616;20311.999999999996;610;12411
1690546780;556;25222.999999999996;765;558
1690546781;556;18704.999999999996;610;963
1690546782;616;14597.999999999998;723;558
1690546783;556;22354.999999999996;610;610
1690546784;616;19452.999999999996;558;723
1690546785;616;19425.999999999996;5146;610
1690546786;556;42374.99999999999;1351;723
1690546787;952;22712.999999999996;775;610
1690546788;1118;26215.999999999996;558;1580
1690546789;556;24910.999999999996;795;12225
1690546790;616;21969.999999999996;558;558
1690546791;556;21280.999999999996;610;610
1690546792;616;19440.999999999996;558;558
1690546793;616;21245.999999999996;610;610
1690546794;556;18028.999999999996;558;765
1690546795;616;48276.99999999999;24605;6583
1690546796;556;43522.99999999999;1551;558
1690546797;556;75178.99999999999;610;795
1690546798;616;21104.999999999996;558;1351
1690546799;556;21584.999999999996;610;610
1690546800;616;25664.999999999996;558;12240
1690546801;1043;20829.999999999996;610;610
1690546802;952;25403.999999999996;558;558
1690546803;556;20044.999999999996;610;610
1690546804;735;16664.999999999996;558;558
1690546805;556;21834.999999999996;5803;1102
1690546806;616;41386.99999999999;558;558
1690546807;556;23562.999999999996;1403;610
1690546808;616;26313.999999999996;558;1417
1690546809;736;20125.999999999996;610;610
1690546810;616;25950.999999999996;1705;12372
1690546811;550;17319.999999999996;610;610
1690546812;490;25219.999999999996;558;855
1690546813;556;17647.999999999996;610;1516
1690546814;616;82133.99999999999;8076;8006
1690546815;616;16180.999999999998;5212;812
1690546816;556;38597.99999999999;558;760
1690546817;826;26257.999999999996;1473;897
1690546818;1112;27178.999999999996;723;1354
1690546819;616;33100.99999999999;775;610
1690546820;556;19440.999999999996;723;13135
1690546821;616;21647.999999999996;962;610
1690546822;616;18554.999999999996;558;558
1690546823;490;16068.999999999998;610;610
1690546824;616;22434.999999999996;740;558
1690546825;556;15731.999999999998;5212;610
1690546826;616;42488.99999999999;875;558
1690546827;556;70045.99999999999;1469;897
1690546828;616;25790.999999999996;558;558
1690546829;556;28594.999999999996;798;1579
1690546830;616;21281.999999999996;743;12376
1690546831;685;20260.999999999996;610;610
1690546832;952;15861.999999999998;740;558
