Time;{instance="10.231.0.208:9100"};{instance="192.168.221.10:9100"};{instance="192.168.221.11:9100"};{instance="192.168.221.12:9100"}
1690546352;30192909;100057.99999999999;12040;15031
1690546353;106412305;20099.999999999996;12024;134204
1690546354;108396747;54286.99999999999;12021;131263
1690546355;100867205;83077.99999999999;12556;117562
1690546356;82603876;46761.99999999999;13373;56616
1690546357;90954386;106792.99999999999;12015;75567
1690546358;41013;21717.999999999996;12030;17313
1690546359;82878147;56546.99999999999;12039;37900
1690546360;103962039;73615.99999999999;12021;38061
1690546361;104865106;18862.999999999996;12044;34070
1690546362;97704171;101014.99999999999;12041;53984
1690546363;31073377;15872.999999999998;12016;33499
1690546364;68628355;98706.99999999999;12042;25460
1690546365;58019021;33695.99999999999;12275;52285
1690546366;11967;25682.999999999996;13141;16039
1690546367;11883;84213.99999999999;12129;14850
1690546368;56208291;59331.99999999999;12053;23161
1690546369;95987967;36029.99999999999;12043;26090
1690546370;57316959;98644.99999999999;12049;30667
1690546371;11926;26556.999999999996;12047;16775
1690546372;11874;49809.99999999999;12030;15429
1690546373;11877;49564.99999999999;12117;15159
1690546374;11888;33262.99999999999;12210;17189
1690546375;11863;24126.999999999996;12053;15725
1690546376;11876;121283.99999999999;12037;15264
1690546377;11880;75697.99999999999;13341;17850
1690546378;11873;61699.20318725099;12367;16693
1690546379;11895;52744.979919678706;12089;18979
1690546380;11896;79009.99999999999;12063;17339
1690546381;12084;14495.999999999998;12030;16712
1690546382;12040;113790.99999999999;12028;16570
1690546383;12038;15535.999999999998;12164;18474
1690546384;11901;27441.999999999996;12097;16123
1690546385;12101;98331.99999999999;12115;16353
1690546386;19297;48649.99999999999;12030;19132
1690546387;31601924;88837.99999999999;13259;23934
1690546388;52555909;49083.99999999999;12118;27016
1690546389;82900703;25734.999999999996;12050;27516
1690546390;7653469;110524.99999999999;12044;20199
1690546391;3961146;23222.999999999996;12041;20175
1690546392;19346649;55072.99999999999;12051;32915
1690546393;51484819;72623.99999999999;12057;20043
1690546394;75648413;20681.999999999996;12051;23344
1690546395;59186660;60610.99999999999;12104;52290
1690546396;30599837;101714.99999999999;12549;19352
1690546397;75992601;23635.999999999996;13271;32979
1690546398;9741846;114125.99999999999;12035;18930
1690546399;25127;30056.999999999996;12032;22333
1690546400;26231092;99649.99999999999;12020;18280
1690546401;81941366;33047.99999999999;12095;51852
1690546402;54852225;15133.999999999998;12107;44492
1690546403;58160717;112416.99999999999;12043;22637
1690546404;11889;14678.999999999998;12036;19829
1690546405;11904;115363.99999999999;12119;18017
1690546406;11896;43012.99999999999;12035;19864
1690546407;11876;116451.99999999999;13422;18481
1690546408;17952806;65156.99999999999;12203;21832
1690546409;8231684;42327.99999999999;12045;28781
1690546410;28671309;128899.99999999999;12345;22970
1690546411;61605688;30635.999999999996;12039;28422
1690546412;90979340;55880.99999999999;12109;33054
1690546413;87083001;62235.99999999999;12047;75677
1690546414;65423944;21985.999999999996;12368;29109
1690546415;101510569;103172.99999999999;12047;52095
1690546416;103404756;50041.99999999999;12041;44401
1690546417;6004429;59851.297405189616;12560;34091
1690546418;60389935;79134.26853707414;12774;27814
1690546419;67619646;29836.999999999996;12036;55868
1690546420;100891797;116782.99999999999;12023;50780
1690546421;97061632;13698.999999999998;12032;58743
1690546422;99122248;68449.99999999999;12039;60929
1690546423;112016707;55451.99999999999;12041;49324
1690546424;51372075;22914.999999999996;12041;35402
1690546425;63676170;76688.99999999999;12101;31336
1690546426;12163;72591.99999999999;12049;21275
1690546427;20572115.537848607;54476.99999999999;12054;19527
1690546428;38942045.18072289;78392.99999999999;13161;24480
1690546429;33628306;25997.999999999996;12051;21969
1690546430;12054;111959.99999999999;12056;21882
1690546431;12347;13589.999999999998;12026;22715
1690546432;11877;22937.999999999996;12046;20957
1690546433;19297;103181.99999999999;12098;20552
1690546434;54946840;13923.999999999998;12041;30390
1690546435;83560951;107248.99999999999;12213;37280
1690546436;59384798;44534.99999999999;12026;25094
1690546437;44434291;77456.99999999999;12040;28054
1690546438;81150457;98059.99999999999;13412;28396.809571286147
1690546439;14056080;40519.99999999999;12099;23297.89368104313
1690546440;11867;106845.99999999999;12109;22516
1690546441;12150;61916.99999999999;12422;27309
1690546442;12038;55982.99999999999;12429;22297
1690546443;11914;64436.99999999999;12108;23842
1690546444;11896;22091.999999999996;12178;22224
1690546445;11898;50008.99999999999;12053;21773
1690546446;12117;95740.99999999999;12062;23838
1690546447;12116;21992.999999999996;12055;22692
1690546448;12040;99550.99999999999;13292;22259
1690546449;11903;31488.999999999996;12176;24335
1690546450;11903;68751.99999999999;12077;23932
1690546451;11895;64192.99999999999;12084;24767
1690546452;11926;17262.999999999996;12392;23509
1690546453;12110;56942.99999999999;12035;23476
1690546454;12113;13537.999999999998;12085;23106
1690546455;11906;26447.999999999996;12038;22810
1690546456;12091;40733.99999999999;12032;22749
1690546457;11897;22670.999999999996;12049;22824
1690546458;11900;18000.999999999996;12549;22728
1690546459;12352;35994.99999999999;12841;22754
1690546460;11887;14301.999999999998;12022;23639
1690546461;26365;41897.99999999999;12096;23532
1690546462;34971153;14468.999999999998;12042;62773
1690546463;12043;35581.99999999999;12102;22977
1690546464;11641023;14881.999999999998;12108;23548
1690546465;11890;25159.999999999996;12035;23226
1690546466;21301;45207.99999999999;12035;22529
1690546467;14324;72918.99999999999;12045;23855
1690546468;2164528;28516.999999999996;12533;22626
1690546469;67728711;44590.99999999999;12835;33195
1690546470;71466003;21501.999999999996;12027;49266
1690546471;44806892;37434.99999999999;12022;49221
1690546472;77912897;66831.99999999999;12449;36401
1690546473;85033955;26929.999999999996;12047;53563
1690546474;54556651;15034.999999999998;12205;38981
1690546475;26869979;26375.999999999996;12031;21623
1690546476;11892;26640.999999999996;12015;21399
1690546477;11886;39114.99999999999;12036;21078
1690546478;24276117;23386.999999999996;12037;23961
1690546479;106573351;24002.999999999996;13248;85378
1690546480;109338112;27699.999999999996;12040;42951
1690546481;16081526;21156.999999999996;12549;21465
1690546482;88663636;30687.999999999996;12044;25757
1690546483;71074461;15286.999999999998;12116;58729
1690546484;100262322;23859.999999999996;12107;43813
1690546485;83952569;14452.999999999998;12543;48997
1690546486;16911129;28877.999999999996;12112;29428
1690546487;11909;36010.99999999999;12488;20277
1690546488;54145658;13695.999999999998;12036;20204
1690546489;15656142;71472.99999999999;14393;20661
1690546490;6901944;26670.999999999996;12913;21703
1690546491;28041315;30485.999999999996;12025;32317
1690546492;14637;22964.999999999996;12124;20464
1690546493;90715372;25652.999999999996;12176;25267
1690546494;109833741;18088.999999999996;12392;70648
1690546495;67940634;25094.999999999996;12037;46560
1690546496;11072159;31458.999999999996;12042;20393
1690546497;33372551;76183.99999999999;12045;22168
1690546498;1570658;17559.999999999996;12042;19952
1690546499;12552;26157.999999999996;12464;19612
1690546500;12422;27087.999999999996;12933;19555
1690546501;109570;23640.999999999996;12056;20992
1690546502;34838041;85165.99999999999;12041;52236
1690546503;12335;18865.999999999996;12415;26438
1690546504;26490646;22895.999999999996;12026;19629
1690546505;58709552;32601.999999999996;12023;29239
1690546506;72641279;40989.99999999999;12027;30329
1690546507;5023475;76795.99999999999;12225;19631
1690546508;12203;23400.999999999996;12101;19781
1690546509;11878;22217.999999999996;12448;19276
1690546510;11889;23640.999999999996;12798;19268
1690546511;11884;19709.999999999996;12040;20319
1690546512;11894;24441.999999999996;12118;19563
1690546513;11886;21616.999999999996;12034;19893
1690546514;15663;21448.999999999996;12050;19190
1690546515;37930239;16257.999999999998;12043;29136
1690546516;68539086;38757.99999999999;12047;57888
1690546517;21667258;20207.999999999996;12035;19539
1690546518;8730977;22899.999999999996;12020;19120
1690546519;61088486;21637.999999999996;12376;28308
1690546520;12055;27769.999999999996;12715;18885
1690546521;32097529;14996.999999999998;12236;19652
1690546522;26082970;31503.999999999996;12572;23575
1690546523;234950;22714.999999999996;12038;20076
1690546524;73963999;16512.999999999996;12174;35845
1690546525;42189615;19971.999999999996;12054;31918
1690546526;11883;42260.99999999999;12048;18805
1690546527;1525922;87284.99999999999;12187;21651
1690546528;68598969;25026.999999999996;12048;143356
1690546529;44463624;30563.999999999996;12768;21896
1690546530;47206399;32091.999999999996;12552;49667
1690546531;87014987;25259.999999999996;12867;52020
1690546532;105135347;18091.999999999996;12051;36782
1690546533;97520720;87299.99999999999;12232;43065
1690546534;64369106;17850.999999999996;12105;33343
1690546535;31696148;17116.999999999996;12036;21171
1690546536;11905;24861.999999999996;12022;17932
1690546537;12212;32143.999999999996;12039;17697
1690546538;11879;24799.999999999996;12095;17893
1690546539;18860;26772.999999999996;12035;18031
1690546540;34934033;24505.999999999996;12866;45348
1690546541;11898;38013.99999999999;12854;19097
1690546542;34175674;13897.999999999998;12047;18983
1690546543;61557739;35037.99999999999;12061;22640
1690546544;61838670;13526.999999999998;12063;35770
1690546545;72649347;25992.999999999996;12048;27059
1690546546;49190780;27442.999999999996;12180;30067
1690546547;11881;25143.999999999996;12106;22756
1690546548;11895;25807.999999999996;12042;17438
1690546549;68736430;24856.999999999996;12038;30777
1690546550;94634575;24476.999999999996;12618;31339
1690546551;65811357;31272.999999999996;12053;31276
1690546552;79804128;21848.999999999996;12860;37828
1690546553;75174131;23835.999999999996;12104;30753
1690546554;40721973;87260.99999999999;12499;45173
1690546555;5884983;15346.999999999998;12053;25699
1690546556;11651128;43815.99999999999;12058;18619
1690546557;34910798;63665.99999999999;12034;56918
1690546558;11889;29880.999999999996;12033;17093
1690546559;11907;16184.999999999998;12037;18212
1690546560;11896;32836.99999999999;12531;17066
1690546561;12081;16038.999999999998;12043;17310
1690546562;14489;35387.99999999999;12841;16759
1690546563;7841079;21002.999999999996;12165;19509
1690546564;53047793;28035.999999999996;12632;28811
1690546565;75723457;19505.999999999996;12412;40886
1690546566;73035816;52495.99999999999;12037;33758
1690546567;83758775;15623.999999999998;12034;35770
1690546568;9204694;30450.999999999996;12087;19471
1690546569;35153465;16257.999999999998;12033;16340
1690546570;113553352;28758.999999999996;12628;64491
1690546571;95110678;17451.999999999996;12035;52797
1690546572;76465077;30200.999999999996;12975;30487
1690546573;63850856;19226.999999999996;12033;28879
1690546574;11895;22857.999999999996;12053;15969
1690546575;181157;17453.999999999996;12105;16567
1690546576;77915359;39845.99999999999;12042;24912
1690546577;78175021;15021.999999999998;12422;30859
1690546578;6719581;24878.999999999996;12049;16184
1690546579;11867;21437.999999999996;12046;15949
1690546580;11871;21585.999999999996;12048;15963
1690546581;18707;26911.999999999996;12557;15981
1690546582;33665;34642.99999999999;12029;18745
1690546583;11879;14935.999999999998;12909;17041
1690546584;28438391;26204.999999999996;12282;15993
1690546585;88035455;93879.99999999999;12874;35861
1690546586;89831486;37739.99999999999;12039;32227
1690546587;83833785;68020.99999999999;12055;35389
1690546588;24178862;13691.999999999998;12046;21545
1690546589;11906;32540.999999999996;12162;15611
1690546590;34905056;18573.999999999996;12106;15618
1690546591;11979;28075.999999999996;12487;15745
1690546592;12000;20482.999999999996;12313;15612
1690546593;12040;21463.999999999996;12851;16423
1690546594;11876;20150.999999999996;12124;15683
1690546595;11899;23785.999999999996;12047;16299
1690546596;11877;36783.99999999999;12034;16022
1690546597;12146;18583.999999999996;12034;15622
1690546598;11877;17511.999999999996;12029;15748
1690546599;11887;26882.999999999996;12036;15732
1690546600;12041;27452.999999999996;12182;15820
1690546601;8875887;31098.999999999996;12560;17567
1690546602;55030489;16726.999999999996;12383;27996
1690546603;53828623;33142.99999999999;12851;34481
1690546604;55779835;21972.999999999996;12039;22366
1690546605;44094567;23722.999999999996;12041;21772
1690546606;26718418;34925.99999999999;12089;16042
1690546607;12509;17207.999999999996;12262;15281
1690546608;11875;21790.999999999996;12051;15823
1690546609;11879;29105.999999999996;12034;15347
1690546610;11883;22127.999999999996;12036;15286
1690546611;12030;20762.999999999996;12369;15282
1690546612;15597565;24759.999999999996;12048;16719
1690546613;19356625;25552.999999999996;12770;36639
1690546614;37433691;22533.999999999996;12104;17019
1690546615;92663273;103501.99999999999;12344;36289
1690546616;67758962;34062.99999999999;12033;41105
1690546617;21565043;81861.99999999999;12026;15888
1690546618;52025364;17677.999999999996;12038;33617
1690546619;77700278;32988.99999999999;12043;29176
1690546620;93654866;27872.999999999996;12082;31256
1690546621;92324062;18988.999999999996;12516;34010
1690546622;46979989;19222.999999999996;12354;31453
1690546623;11885;31624.999999999996;12031;14632
1690546624;34977277;22292.999999999996;12845;17695
1690546625;11894;25325.999999999996;12117;51958
1690546626;11879;43742.99999999999;12000.000000000002;
1690546627;29818907;13531.999999999998;12088.264794383149;
1690546628;60407580;26719.999999999996;12024;
1690546629;84198245;16729.999999999996;12041;28532.19315895372
1690546630;81630504;38929.99999999999;12031;29902
1690546631;15079142;19925.999999999996;12043;20245
1690546632;19877762;27180.999999999996;12454;51249
1690546633;11872;17031.999999999996;12556;15022
1690546634;40447229;35464.99999999999;12983;18544
1690546635;75049403;24879.999999999996;12026;22979
1690546636;889110;43621.99999999999;12030;14850
1690546637;12072;13701.999999999998;12114;14655
1690546638;11868;17658.999999999996;12035;15389
1690546639;11875;22021.999999999996;12035;14089
1690546640;11866;29071.999999999996;12030;18701
1690546641;11870;18839.999999999996;12026;13838
1690546642;12138;26856.999999999996;12550;14514
1690546643;11871;31454.999999999996;12025;15048
1690546644;11864;16996.999999999996;12836;15682
1690546645;11877;34167.99999999999;12013;13908
1690546646;12492;107208.99999999999;12608;25875
1690546647;11881;79512.99999999999;12038;14545
1690546648;11892;15406.999999999998;12029;15232
1690546649;11875;26032.999999999996;12145;14035
1690546650;11885;31783.999999999996;12024;14455
1690546651;11876;24237.999999999996;12048;13500
1690546652;12451;24870.999999999996;12668;16036
1690546653;11876;25739.999999999996;12049;15468
1690546654;12045;31926.999999999996;12965;14131
1690546655;11872;17321.999999999996;12056;13567
1690546656;11867;44885.99999999999;12024;12335
1690546657;11873;24465.999999999996;12604;13162
1690546658;11868;18729.999999999996;12041;12276
1690546659;11866;23784.999999999996;12038;12367
1690546660;12187;28600.999999999996;12088;12348
1690546661;12039;16845.999999999996;12003;12422
1690546662;11899;18279.999999999996;12628;12290
1690546663;11884;16263.999999999998;12053;12289
1690546664;11882;29376.999999999996;12049;12354
1690546665;12106;19033.999999999996;12856;13110
1690546666;12032;43689.99999999999;12044;12278
1690546667;12079;18974.999999999996;12117;12966
1690546668;11882;17543.999999999996;12105;12287
1690546669;11879;22058.999999999996;12036;12350
1690546670;11894;34253.99999999999;12048;12289
1690546671;11883;18581.999999999996;12038;12286
1690546672;11877;18605.999999999996;12051;12286
1690546673;11887;15007.999999999998;12554;12281
1690546674;11895;28290.999999999996;12062;12281
1690546675;11862;20718.999999999996;12932;13155
1690546676;11865;44014.99999999999;12228;12519
1690546677;11875;155182.99999999997;12351;24394
1690546678;11871;20580.999999999996;12066;12272
1690546679;11868;25262.999999999996;12038;12284
1690546680;11853;24991.999999999996;12047;12283
1690546681;11869;24153.999999999996;12049;12293
1690546682;12064;19124.999999999996;12032;12282
1690546683;11877;15287.999999999998;12690;12357
1690546684;11890;24427.999999999996;12043;12288
1690546685;11887;37848.99999999999;12917;13024
1690546686;11876;44056.99999999999;12043;12278
1690546687;11925;26166.999999999996;12041;12749
1690546688;11885;14660.999999999998;12046;12781
1690546689;11875;23375.999999999996;12046;12285
1690546690;11886;26425.999999999996;12064;12287
1690546691;11892;23630.999999999996;12058;12291
1690546692;11895;18735.999999999996;12042;12359
1690546693;11883;18069.999999999996;12626;12296
1690546694;11876;24833.999999999996;12068;12302
1690546695;11885;25210.999999999996;12841;12293
1690546696;11883;36331.99999999999;12056;13098
1690546697;12078;25981.999999999996;12033;12272
1690546698;11884;16594.999999999996;12089;13043
1690546699;11873;31154.999999999996;12567;12269
1690546700;11883;21865.999999999996;12039;12282
1690546701;11881;22117.999999999996;12036;12278
1690546702;11886;18883.999999999996;12048;12276
1690546703;11881;18064.999999999996;12542;12296
1690546704;11875;18302.999999999996;12045;12292
1690546705;11882;27996.999999999996;12863;12276
1690546706;11873;37965.99999999999;12057;13162
1690546707;11887;74316.99999999999;12067;12524
1690546708;11887;16075.999999999998;12026;13239
1690546709;11880;24445.999999999996;12173;12368
1690546710;11878;27944.999999999996;12044;12293
1690546711;11879;23039.999999999996;12046;12270
1690546712;12076;19389.999999999996;12094;12260
1690546713;11881;18058.999999999996;12710;12447
1690546714;11873;18676.999999999996;12038;12280
1690546715;11874;29061.999999999996;13014;12294
1690546716;11883;36024.99999999999;12042;13338
1690546717;11888;31192.999999999996;12035;12267
1690546718;11904;17230.999999999996;12041;13006
1690546719;11880;20092.999999999996;12046;12327
1690546720;11882;22445.999999999996;12109;12276
1690546721;11884;21640.999999999996;12042;12400
1690546722;11876;24740.999999999996;12053;12327
1690546723;11880;18294.999999999996;12529;12257
1690546724;11859;19156.999999999996;12054;12353
1690546725;11872;33834.99999999999;12861;12285
1690546726;11864;35849.99999999999;12048;13093
1690546727;12077;27847.999999999996;12637;12271
1690546728;11864;25279.999999999996;12051;12945
1690546729;11884;24779.999999999996;12099;12272
1690546730;11872;20761.999999999996;12038;12261
1690546731;11850;18381.999999999996;12044;12256
1690546732;11921;23196.999999999996;12032;12275
1690546733;11879;18332.999999999996;12042;12264
1690546734;11884;17224.999999999996;12548;12322
1690546735;11882;20606.999999999996;12977;12265
1690546736;11871;45087.99999999999;12039;13161
1690546737;11881;76223.99999999999;12028;12301
1690546738;11874;25208.999999999996;12021;13147
1690546739;11865;21346.999999999996;12031;12282
1690546740;11861;23542.999999999996;12031;12297
1690546741;11874;15720.999999999998;12050;12274
1690546742;12056;29085.999999999996;12054;12260
1690546743;11879;20423.999999999996;12199;12439
1690546744;11878;18316.999999999996;12671;12346
1690546745;11875;17607.999999999996;12102;12272
1690546746;11879;46698.99999999999;12852;12277
1690546747;11874;25248.999999999996;12041;13026
1690546748;11877;26150.999999999996;12035;12743
1690546749;11884;29568.999999999996;12046;12784
1690546750;11876;21891.999999999996;12051;12297
1690546751;11877;18409.999999999996;12038;12697
1690546752;11879;13693.999999999998;12047;12354
1690546753;11872;32183.999999999996;12105;12350
1690546754;11873;18056.999999999996;12556;12262
1690546755;11880;23072.999999999996;12033;12288
1690546756;11879;46283.99999999999;12841;12291
1690546757;12092;26293.999999999996;12107;13164
1690546758;11887;25213.999999999996;12061;12290
1690546759;11894;26461.999999999996;12049;13156
1690546760;11893;23989.999999999996;12033;12293
1690546761;11894;13542.999999999998;12041;12295
1690546762;11876;17465.999999999996;12046;12290
1690546763;11871;23751.999999999996;12051;12281
1690546764;11881;18068.999999999996;12534;12290
1690546765;11882;19231.999999999996;12029;12298
1690546766;11878;39000.99999999999;12777;12470
1690546767;11889;81364.99999999999;12024;13096
1690546768;11883;25497.999999999996;12037;12349
1690546769;11875;21592.999999999996;12117;13020
1690546770;11879;30245.999999999996;12106;12287
1690546771;11875;15037.999999999998;12038;12632
1690546772;12066;21335.999999999996;12632;12290
1690546773;11888;22544.999999999996;12056;12297
1690546774;11886;20770.999999999996;12785;12457
1690546775;11880;19214.999999999996;12112;12299
1690546776;11890;40588.99999999999;12863;12372
1690546777;11926;21750.999999999996;12043;13188
1690546778;11882;25163.999999999996;12035;12282
1690546779;11869;20311.999999999996;12037;13174
1690546780;11871;25222.999999999996;12121;12308
1690546781;11875;18704.999999999996;12049;12432
1690546782;11880;14597.999999999998;12100;12293
1690546783;11869;22354.999999999996;12045;12289
1690546784;11880;19452.999999999996;12044;12338
1690546785;11878;19425.999999999996;12551;12291
1690546786;11877;42374.99999999999;12853;12341
1690546787;12077;22712.999999999996;12122;12291
1690546788;11889;26215.999999999996;12041;13437
1690546789;11882;25261.999999999996;12103;12878
1690546790;11885;21969.999999999996;12040;12273
1690546791;11869;21280.999999999996;12038;12270
1690546792;11874;19440.999999999996;12036;12275
1690546793;11863;21245.999999999996;12048;12274
1690546794;11872;18028.999999999996;12053;12354
1690546795;11876;48276.99999999999;14283;12456
1690546796;11884;43522.99999999999;12924;12280
1690546797;11869;75178.99999999999;12032;12344
1690546798;11862;21104.999999999996;12038;13106
1690546799;11879;25212.999999999996;12023;12271
1690546800;11880;25664.999999999996;12036;12961
1690546801;11879;20829.999999999996;12026;12285
1690546802;12090;25403.999999999996;12042;12286
1690546803;11871;20044.999999999996;12038;12283
1690546804;11881;16664.999999999996;12050;12286
1690546805;11874;21834.999999999996;12683;12341
1690546806;11872;41386.99999999999;12044;12291
1690546807;11889;23562.999999999996;12858;12288
1690546808;11866;26313.999999999996;12057;13091
1690546809;11892;25334.999999999996;12031;12298
1690546810;11884;25950.999999999996;12741;12945
1690546811;11889;17319.999999999996;12051;12273
1690546812;11882;25219.999999999996;12040;12774
1690546813;11894;17647.999999999996;12045;12413
1690546814;11896;82133.99999999999;12306;12593
1690546815;11867;18325.999999999996;12465;12347
1690546816;11880;38597.99999999999;12038;12351
1690546817;12067;26257.999999999996;12847;12614
1690546818;11872;27178.999999999996;12113;13084
1690546819;11883;33100.99999999999;12118;12311
1690546820;11872;19440.999999999996;12120;13587
1690546821;11879;21647.999999999996;12405;12293
1690546822;11916;18554.999999999996;12051;12292
1690546823;11883;16068.999999999998;12047;12298
1690546824;11860;22434.999999999996;12115;12275
1690546825;11870;18131.999999999996;12452;12301
1690546826;11864;42488.99999999999;12368;12269
1690546827;11877;70045.99999999999;12847;12524
1690546828;11877;25790.999999999996;12054;12281
1690546829;11881;28594.999999999996;12126;13157
1690546830;11875;21281.999999999996;12115;13146
1690546831;11867;20260.999999999996;12050;12291
1690546832;12068;15861.999999999998;12122;12292
