Time;{mode="idle"};{mode="iowait"};{mode="irq"};{mode="nice"};{mode="softirq"};{mode="steal"};{mode="system"};{mode="user"}
1690546352;1.4399999999986903;0.060000000000002274;0;0;0.010000000000001563;0;0.18000000000000682;0.21000000000003638
1690546353;0.9699999999993452;0.0700000000000216;0;0;0.040000000000000924;0.05000000000001137;0.25;0.5600000000000591
1690546354;0.2600000000002183;0.07999999999998408;0;0;0.05000000000000071;0;0.29000000000002046;1.25
1690546355;0.31999999999970896;0.12000000000000455;0;0;0.04999999999999716;0.01999999999998181;0.37999999999999545;1.0899999999999181
1690546356;0.09000000000196451;0.0800000000000125;0;0;0.02999999999999936;0;0.29000000000002046;1.470000000000141
1690546357;0.06999999999970896;0.09999999999999432;0;0;0.07000000000000028;0.010000000000005116;0.3699999999999477;1.419999999999959
1690546358;0.05999999999949068;0.03999999999999204;0;0;0.040000000000000924;0.010000000000005116;0.30000000000001137;1.4899999999998954
1690546359;0.019999999998617568;0.05000000000001137;0;0;0.009999999999999787;0;0.18999999999999773;1.7200000000000273
1690546360;0.06000000000130967;0.08999999999997499;0;0;0.0400000000000027;0;0.2300000000000182;1.5900000000000318
1690546361;0.049999999999272404;0.0800000000000125;0;0;0.04999999999999716;0;0.3100000000000023;1.4700000000000273
1690546362;0.040000000000873115;0.0800000000000125;0;0;0.05000000000000249;0.020000000000010232;0.2300000000000182;1.5399999999999636
1690546363;0.030000000000654836;0.1699999999999875;0;0;0.04999999999999716;0.01999999999998181;0.20999999999997954;1.5300000000000864
1690546364;0.20999999999912689;0.15000000000000568;0;0;0.02000000000000135;0;0.2699999999999818;1.3199999999999363
1690546365;0.09000000000014552;0.0800000000000125;0;0;0.030000000000001137;0.010000000000005116;0.21000000000003638;1.5799999999999272
1690546366;0.48000000000138243;0.46000000000000796;0;0;0.019999999999997797;0.010000000000005116;0.2599999999999909;0.7700000000000955
1690546367;0.06999999999970896;1.8199999999999932;0;0;0;0;0.040000000000020464;0.05999999999994543
1690546368;0.07999999999810825;0.8999999999999773;0;0;0.030000000000001137;0.01999999999999602;0.21999999999997044;0.7700000000000955
1690546369;0.050000000001091394;0.060000000000002274;0;0;0.009999999999999787;0;0.37000000000000455;1.4800000000000182
1690546370;0.010000000000218279;0.11000000000001364;0;0;0.0400000000000027;0;0.2599999999999909;1.5699999999999363
1690546371;0.06999999999970896;0.10999999999998522;0;0;0.019999999999999574;0.010000000000005116;0.2300000000000182;1.5199999999999818
1690546372;0.00999999999839929;0.030000000000001137;0;0;0;0;0.160000000000025;1.7699999999999818
1690546373;0.32000000000152795;0.28000000000000114;0;0;0.019999999999999574;0;0.11000000000001364;1.259999999999991
1690546374;0.7199999999993452;0.75;0;0;0.009999999999999787;0.01999999999999602;0.029999999999972715;0.4900000000000091
1690546375;0.040000000000873115;0.020000000000010232;0;0;0;0;0.22000000000002728;1.6999999999999318
1690546376;0.3099999999994907;0.549999999999983;0;0;0.009999999999999787;0;0.0999999999999659;1.0100000000001046
1690546377;0.37000000000080036;0.36000000000001364;0;0;0;0;0.12000000000000455;1.1299999999999955
1690546378;0.049999999999272404;0.020000000000010232;0;0;0.00999999999999801;0;0.2899999999999636;1.6200000000000045
1690546379;0.19000000000050932;0.19999999999998863;0;0;0.02000000000000135;0;0.11000000000007049;1.4800000000000182
1690546380;0.75;0.7700000000000102;0;0;0;0;0.049999999999954525;0.4199999999999591
1690546381;0.06999999999788997;0.01999999999998181;0;0;0;0;0.19999999999998863;1.6700000000000728
1690546382;0.4600000000009459;0.4800000000000182;0;0;0.009999999999999787;0;0.10000000000002274;0.9399999999998272
1690546383;0.12999999999919964;0.14999999999997726;0;0;0.030000000000001137;0;0.18000000000000682;1.5600000000001728
1690546384;0.33000000000174623;1.5800000000000125;0;0;0;0.010000000000005116;0.049999999999954525;0.01999999999998181
1690546385;0.8299999999999272;0.8400000000000034;0;0;0;0.009999999999990905;0.07000000000005002;0.2400000000000091
1690546386;0.11000000000058208;0.009999999999990905;0;0;0.009999999999999787;0;0.34000000000003183;1.4499999999999318
1690546387;0.039999999999054126;0.3199999999999932;0;0;0.019999999999997797;0;0.21999999999997044;1.3799999999999955
1690546388;0.020000000000436557;0.5700000000000216;0;0;0.05000000000000249;0;0.2599999999999909;1.07000000000005
1690546389;0.09000000000014552;0.03999999999999204;0;0;0.03999999999999915;0.009999999999990905;0.36000000000001364;1.4699999999999136
1690546390;0.020000000000436557;0.09000000000000341;0;0;0.019999999999999574;0.010000000000005116;0.24999999999994316;1.6000000000000227
1690546391;0.05999999999949068;0.01999999999998181;0;0;0.00999999999999801;0;0.3100000000000023;1.5500000000000682
1690546392;0.12999999999919964;0.660000000000025;0;0;0.05000000000000071;0;0.24000000000006594;0.8899999999999864
1690546393;0.6499999999996362;0.6200000000000045;0;0;0.009999999999999787;0;0.15999999999996817;0.5499999999999545
1690546394;0.07000000000152795;0.2899999999999636;0;0;0.030000000000001137;0.030000000000001137;0.4800000000000182;1.080000000000041
1690546395;0.030000000000654836;0.09000000000000341;0;0;0.06999999999999851;0.010000000000005116;0.3299999999999841;1.4600000000000364
1690546396;0.019999999998617568;1.5900000000000318;0;0;0;0.01999999999999602;0.07999999999998408;0.30999999999983174
1690546397;0.06999999999970896;0.03999999999999204;0;0;0.05000000000000071;0;0.3100000000000023;1.5200000000000955
1690546398;0.020000000000436557;0.07999999999998408;0;0;0.02000000000000135;0;0.10000000000002274;1.740000000000009
1690546399;0.05999999999949068;0.020000000000010232;0;0;0.02000000000000135;0.010000000000005116;0.37000000000000455;1.490000000000009
1690546400;0.020000000000436557;1.420000000000016;0;0;0.00999999999999801;0.020000000000010232;0.07999999999998408;0.42999999999995
1690546401;0.1000000000003638;0.10999999999998522;0;0;0.05000000000000071;0.01999999999998181;0.4199999999999591;1.2500000000001137
1690546402;0.039999999999054126;0.06999999999999318;0;0;0.049999999999998934;0;0.3199999999999932;1.4999999999998863
1690546403;0.12999999999919964;0.10000000000002274;0;0;0.03999999999999915;0.020000000000010232;0.25000000000005684;1.4400000000000546
1690546404;0.09000000000196451;0.05999999999997385;0;0;0.019999999999999574;0;0.3100000000000023;1.4800000000000182
1690546405;0.5899999999983265;0.5600000000000307;0;0;0.019999999999999574;0.010000000000005116;0.13999999999998636;0.7099999999999227
1690546406;0.1500000000014552;0.03999999999999204;0;0;0;0.030000000000001137;0.2599999999999909;1.5600000000000591
1690546407;0.12999999999919964;0;0;0;0;0;0.18999999999999773;1.5899999999999181
1690546408;0.020000000000436557;0.029999999999972715;0;0;0;0;0.25;1.6800000000000637
1690546409;0.020000000000436557;1.3900000000000148;0;0;0.05000000000000249;0.009999999999990905;0.12999999999999545;0.4500000000000455
1690546410;0.039999999999054126;1.4000000000000057;0;0;0.030000000000001137;0.020000000000010232;0.18000000000000682;0.2999999999999545
1690546411;0.12000000000080036;0.01999999999998181;0;0;0.03999999999999915;0.009999999999990905;0.35000000000002274;1.3899999999999864
1690546412;0.029999999998835847;0.0700000000000216;0;0;0.02999999999999936;0;0.3199999999999932;1.5399999999999636
1690546413;0.12000000000080036;0.14999999999997726;0;0;0.05000000000000071;0.009999999999990905;0.36000000000001364;1.25
1690546414;0.07999999999992724;0.14000000000001478;0;0;0.04999999999999716;0.010000000000005116;0.24999999999994316;1.490000000000009
1690546415;0.09000000000014552;0.07999999999998408;0;0;0.030000000000001137;0;0.32000000000005;1.3999999999999773
1690546416;0.06999999999970896;0.0800000000000125;0;0;0.05000000000000071;0;0.3299999999999841;1.4200000000000728
1690546417;0.040000000000873115;0.35000000000002274;0;0;0.05000000000000071;0.010000000000005116;0.2699999999999818;1.3000000000000682
1690546418;0.059999999997671694;1.0199999999999818;0;0;0.009999999999999787;0;0.18999999999999773;0.6899999999999409
1690546419;0.07000000000152795;0.060000000000002274;0;0;0.0799999999999983;0;0.4200000000000159;1.3399999999999181
1690546420;0.050000000001091394;0.28999999999999204;0;0;0.0600000000000005;0.010000000000005116;0.2599999999999909;1.4200000000000728
1690546421;0.15999999999985448;0.15000000000000568;0;0;0.07000000000000028;0.01999999999998181;0.2400000000000091;1.3199999999999363
1690546422;0.07999999999810825;0.04999999999998295;0;0;0.09000000000000163;0;0.35000000000002274;1.3900000000001
1690546423;0.040000000000873115;0.09000000000000341;0;0;0.05000000000000071;0;0.2799999999999727;1.4999999999998863
1690546424;0.06999999999970896;0.0800000000000125;0;0;0.04999999999999716;0;0.3100000000000023;1.4500000000000455
1690546425;0.06000000000130967;0.05000000000001137;0;0;0.05000000000000249;0.010000000000005116;0.18999999999999773;1.6599999999999682
1690546426;0.569999999999709;0.589999999999975;0;0;0.02999999999999936;0;0.1500000000000341;0.6399999999999864
1690546427;0.569999999999709;1.2700000000000102;0;0;0.00999999999999801;0;0.06999999999993634;0.08000000000015461
1690546428;0.12999999999919964;0.12000000000000455;0;0;0.0400000000000027;0.010000000000005116;0.29000000000002046;1.4299999999998363
1690546429;0.050000000001091394;0.0800000000000125;0;0;0.02999999999999936;0;0.3300000000000409;1.5100000000001046
1690546430;0.020000000000436557;0.009999999999990905;0;0;0.00999999999999801;0.010000000000005116;0.16999999999995907;1.7999999999999545
1690546431;0.049999999999272404;0.01999999999998181;0;0;0.010000000000001563;0;0.21000000000003638;1.6700000000000728
1690546432;0;1.490000000000009;0;0;0.019999999999999574;0;0.06999999999999318;0.42999999999995
1690546433;0;1.8100000000000023;0;0;0.009999999999999787;0;0.060000000000002274;0.08000000000004093
1690546434;0.06999999999970896;0.060000000000002274;0;0;0.02999999999999936;0.010000000000005116;0.3299999999999841;1.4799999999999045
1690546435;0.030000000000654836;0.09000000000000341;0;0;0.060000000000002274;0.009999999999990905;0.3100000000000023;1.5000000000001137
1690546436;0.010000000000218279;0.06999999999999318;0;0;0.05999999999999872;0.009999999999990905;0.30000000000001137;1.5899999999999181
1690546437;0.22999999999774445;0.19999999999998863;0;0;0.02999999999999936;0;0.2899999999999636;1.1599999999999682
1690546438;0.029910269193075614;0.04985044865404922;0;0;0.0498504486540386;0.00997008973081268;0.2791625124626417;1.6350947158525426
1690546439;0.08024072216642653;0.060180541624876904;0;0;0.020060180541626227;0;0.27081243731191756;1.514543630892669
1690546440;0;0.01999999999998181;0;0;0.00999999999999801;0;0.16999999999995907;1.849999999999909
1690546441;0.18000000000029104;0.20000000000001705;0;0;0.030000000000001137;0;0.20000000000004547;1.3500000000000227
1690546442;0.9099999999998545;0.9099999999999966;0;0;0;0;0.060000000000002274;0.08000000000004093
1690546443;0.08000000000174623;0;0;0;0.02000000000000135;0.010000000000005116;0.28000000000002956;1.6000000000000227
1690546444;0.10999999999876309;0.10000000000002274;0;0;0.019999999999999574;0;0.2899999999999636;1.4799999999999045
1690546445;0.6700000000000728;1.2199999999999704;0;0;0;0.010000000000005116;0.020000000000038654;0.08000000000004093
1690546446;0.029999999998835847;0.9900000000000091;0;0;0;0;0.08999999999997499;0.8700000000000045
1690546447;0.06000000000130967;0.01999999999998181;0;0;0.009999999999999787;0;0.3100000000000023;1.57000000000005
1690546448;0.06999999999970896;0.5400000000000205;0;0;0.019999999999999574;0.01999999999999602;0.160000000000025;1.2199999999999136
1690546449;0.6499999999996362;0.6100000000000136;0;0;0;0;0.07999999999998408;0.6600000000000819
1690546450;0.030000000000654836;0.01999999999998181;0;0;0;0;0.21999999999997044;1.7100000000000364
1690546451;0;0.009999999999990905;0;0;0;0;0.18000000000000682;1.7599999999998772
1690546452;0.06000000000130967;0.040000000000020464;0;0;0;0;0.25;1.650000000000091
1690546453;0.05999999999949068;1.2199999999999989;0;0;0.019999999999999574;0;0.12000000000000455;0.5499999999999545
1690546454;0.16999999999825377;0.20999999999997954;0;0;0;0;0.14999999999997726;1.4700000000000273
1690546455;0.010000000000218279;0.020000000000010232;0;0;0.019999999999999574;0.01999999999999602;0.160000000000025;1.759999999999991
1690546456;0.43000000000029104;0.45999999999997954;0;0;0;0;0.14999999999997726;0.9600000000000364
1690546457;0.06000000000130967;0.09000000000003183;0;0;0.019999999999999574;0;0.19000000000005457;1.599999999999909
1690546458;0.18000000000029104;1.1699999999999875;0;0;0.010000000000001563;0;0.12000000000000455;0.5400000000000773
1690546459;0.13999999999759893;0.15000000000000568;0;0;0.009999999999999787;0;0.14999999999997726;1.5399999999999636
1690546460;0;0.020000000000010232;0;0;0.019999999999999574;0;0.12000000000000455;1.7899999999999636
1690546461;0.5900000000001455;0.5199999999999818;0;0;0;0;0.10000000000002274;0.7599999999999909
1690546462;0.040000000000873115;0.4099999999999966;0;0;0.019999999999997797;0;0.38999999999998636;1.1100000000001273
1690546463;0;1.8900000000000148;0;0;0.009999999999999787;0.010000000000005116;0.029999999999972715;0.03999999999996362
1690546464;0.11000000000058208;0.6100000000000136;0;0;0.02000000000000135;0;0.25;0.9399999999999409
1690546465;0.020000000000436557;0.01999999999998181;0;0;0.010000000000001563;0;0.17999999999994998;1.7999999999999545
1690546466;0.019999999998617568;0.01999999999998181;0;0;0.010000000000001563;0;0.20000000000004547;1.7200000000000273
1690546467;0.049999999999272404;0.4399999999999977;0;0;0.019999999999999574;0;0.2300000000000182;1.240000000000009
1690546468;0.040000000000873115;1.660000000000025;0;0;0.019999999999999574;0;0.11000000000001364;0.17000000000007276
1690546469;0.1499999999996362;0.3400000000000034;0;0;0.04999999999999716;0.010000000000005116;0.339999999999975;1.0599999999999454
1690546470;0.18000000000029104;0.05999999999997385;0;0;0.0400000000000027;0.010000000000005116;0.4199999999999591;1.2200000000000273
1690546471;0.11000000000058208;0.060000000000030695;0;0;0.05999999999999872;0.009999999999990905;0.28000000000002956;1.4699999999999136
1690546472;0.2600000000002183;0.3199999999999932;0;0;0.029999999999997584;0.01999999999999602;0.30000000000001137;1.0600000000000591
1690546473;0.029999999998835847;0.0800000000000125;0;0;0.09000000000000341;0;0.28000000000002956;1.580000000000041
1690546474;0.07999999999992724;0.539999999999992;0;0;0.019999999999997797;0;0.19999999999998863;1.1399999999999864
1690546475;0.030000000000654836;0.05999999999997385;0;0;0.030000000000001137;0.01999999999999602;0.18000000000000682;1.7200000000000273
1690546476;0.010000000000218279;0.009999999999990905;0;0;0.010000000000001563;0;0.14999999999997726;1.8299999999999272
1690546477;0.6200000000008004;0.6500000000000057;0;0;0;0;0.060000000000002274;0.5499999999999545
1690546478;0.7100000000009459;0.6700000000000159;0;0;0;0;0.17000000000001592;0.4600000000000364
1690546479;0.039999999997235136;0.06999999999999318;0;0;0.04999999999999716;0.010000000000005116;0.3499999999999659;1.4800000000000182
1690546480;0.020000000000436557;0.11000000000001364;0;0;0.0600000000000005;0;0.2300000000000182;1.580000000000041
1690546481;0.010000000000218279;1.0800000000000125;0;0;0.05000000000000071;0.009999999999990905;0.19999999999998863;0.6299999999999955
1690546482;0.1000000000003638;0.5099999999999909;0;0;0.03999999999999737;0.010000000000005116;0.25;1.009999999999991
1690546483;0.030000000000654836;0.10999999999998522;0;0;0.030000000000001137;0.009999999999990905;0.25;1.6200000000000045
1690546484;0.020000000000436557;0.1699999999999875;0;0;0.030000000000001137;0.010000000000005116;0.22000000000002728;1.5600000000000591
1690546485;0.09999999999854481;0.28000000000000114;0;0;0.05000000000000249;0;0.18999999999994088;1.2999999999998408
1690546486;0.030000000000654836;0.0700000000000216;0;0;0.02999999999999936;0.010000000000005116;0.18999999999999773;1.7100000000000364
1690546487;0.9400000000005093;0.9000000000000057;0;0;0;0;0.07000000000005002;0.10000000000002274
1690546488;0.5900000000001455;0.5999999999999943;0;0;0.019999999999997797;0.010000000000005116;0.12000000000000455;0.5899999999999181
1690546489;0.039999999999054126;0.12999999999999545;0;0;0.02999999999999936;0.010000000000005116;0.19999999999998863;1.6000000000001364
1690546490;0.029999999998835847;0.09000000000000341;0;0;0;0;0.1500000000000341;1.6999999999999318
1690546491;0.010000000000218279;0.25;0;0;0.040000000000000924;0.009999999999990905;0.2899999999999636;1.3700000000000045
1690546492;0.13000000000101863;1.6699999999999875;0;0;0;0.009999999999990905;0.08999999999997499;0.08000000000004093
1690546493;0.3999999999996362;0.4099999999999966;0;0;0.030000000000001137;0.010000000000005116;0.2699999999999818;0.8500000000000227
1690546494;0.07000000000152795;0.09000000000003183;0;0;0.0799999999999983;0;0.2800000000000864;1.4600000000000364
1690546495;0.020000000000436557;0.12999999999999545;0;0;0.07000000000000028;0.020000000000010232;0.18999999999994088;1.5799999999999272
1690546496;0.06999999999788997;0.12999999999999545;0;0;0.0400000000000027;0;0.2699999999999818;1.5199999999999818
1690546497;0.4599999999991269;0.4300000000000068;0;0;0.00999999999999801;0.01999999999999602;0.22000000000002728;0.7999999999999545
1690546498;0.1500000000014552;0.4099999999999966;0;0;0.010000000000001563;0.01999999999999602;0.18999999999999773;1.2400000000001228
1690546499;0.5599999999994907;0.549999999999983;0;0;0.00999999999999801;0;0.07000000000005002;0.7599999999999909
1690546500;0;0.01999999999998181;0;0;0;0;0.0999999999999659;1.8599999999999
1690546501;0;0.040000000000020464;0;0;0;0;0.13999999999998636;1.830000000000041
1690546502;0.43000000000029104;0.950000000000017;0;0;0.0600000000000005;0.010000000000005116;0.3199999999999932;1.509999999999991
1690546503;0.27000000000043656;0.3299999999999841;0;0;0;0.009999999999990905;0.040000000000020464;0.029999999999972715
1690546504;0;1.7300000000000182;0;0;0.00999999999999801;0;0.049999999999954525;0.16000000000008185
1690546505;0.050000000001091394;0.030000000000001137;0;0;0.030000000000001137;0.010000000000005116;0.22000000000002728;1.6999999999999318
1690546506;0.049999999997453415;0.05999999999997385;0;0;0.030000000000001137;0.010000000000005116;0.21000000000003638;1.580000000000041
1690546507;0.06999999999970896;0.0700000000000216;0;0;0.030000000000001137;0;0.19999999999998863;1.6599999999999682
1690546508;0.15999999999985448;0.14999999999997726;0;0;0.019999999999997797;0;0.17999999999994998;1.4700000000000273
1690546509;0.9800000000013824;0.950000000000017;0;0;0.009999999999999787;0.009999999999990905;0.03000000000002956;0.03999999999996362
1690546510;0.25;0.22999999999998977;0;0;0.010000000000001563;0;0.11000000000001364;1.3799999999999955
1690546511;0;0.020000000000010232;0;0;0;0;0.14999999999997726;1.8000000000000682
1690546512;0.020000000000436557;0.060000000000002274;0;0;0;0;0.1500000000000341;1.8099999999999454
1690546513;0.6399999999994179;0.6199999999999761;0;0;0.040000000000000924;0.010000000000005116;0.1099999999999568;0.5400000000000773
1690546514;0.3600000000005821;1.5400000000000205;0;0;0;0;0.07000000000005002;0.05999999999994543
1690546515;0.030000000000654836;0.3100000000000023;0;0;0.029999999999997584;0;0.21999999999997044;1.419999999999959
1690546516;0.029999999998835847;0.14999999999997726;0;0;0.040000000000000924;0;0.18000000000000682;1.5500000000000682
1690546517;0.010000000000218279;0.060000000000002274;0;0;0.00999999999999801;0;0.2599999999999909;1.6499999999999773
1690546518;0.06999999999970896;1.3500000000000227;0;0;0;0;0.09000000000003183;0.4800000000000182
1690546519;0.18000000000029104;0.18999999999999773;0;0;0.02000000000000135;0.009999999999990905;0.18999999999994088;1.3799999999999955
1690546520;0.1499999999996362;0.1799999999999784;0;0;0.040000000000000924;0.010000000000005116;0.160000000000025;1.5
1690546521;0.8900000000012369;0.8300000000000125;0;0;0;0;0.040000000000020464;0.20000000000004547
1690546522;0.030000000000654836;0.0800000000000125;0;0;0.019999999999999574;0.010000000000005116;0.22999999999996135;1.6099999999999
1690546523;0.33999999999832653;0.4199999999999875;0;0;0.009999999999999787;0;0.19000000000005457;1.0400000000000773
1690546524;0.06999999999970896;0.060000000000002274;0;0;0.019999999999997797;0;0.1999999999999318;1.599999999999909
1690546525;0.039999999999054126;0.060000000000002274;0;0;0.08000000000000185;0.010000000000005116;0.27000000000003865;1.5500000000000682
1690546526;0.8100000000013097;0.6099999999999852;0;0;0.010000000000001563;0;0.08999999999997499;0.4500000000000455
1690546527;0.040000000000873115;0.040000000000020464;0;0;0;0;0.25;1.6599999999999682
1690546528;0.010000000000218279;0.28999999999999204;0;0;0.03999999999999737;0;0.410000000000025;1.240000000000009
1690546529;0.1499999999996362;0.9000000000000057;0;0;0.019999999999999574;0;0.30000000000001137;0.5699999999999363
1690546530;0.11000000000058208;0.12000000000000455;0;0;0.0400000000000027;0;0.2400000000000091;1.5500000000000682
1690546531;0.18999999999869033;0.19999999999998863;0;0;0.030000000000001137;0.01999999999998181;0.17999999999994998;1.3099999999999454
1690546532;0.09000000000014552;0.11999999999997613;0;0;0.04999999999999716;0;0.2400000000000091;1.4400000000000546
1690546533;0.13000000000101863;0.11000000000001364;0;0;0.060000000000002274;0.010000000000005116;0.25000000000005684;1.419999999999959
1690546534;0.20999999999912689;0.11000000000001364;0;0;0.05999999999999872;0.020000000000010232;0.2199999999999136;1.3999999999999773
1690546535;0.1400000000012369;0.07999999999998408;0;0;0.019999999999997797;0.010000000000005116;0.21000000000003638;1.5399999999999636
1690546536;0.5599999999994907;0.5500000000000114;0;0;0.010000000000001563;0;0.12000000000000455;0.6800000000000637
1690546537;0.9400000000005093;0.960000000000008;0;0;0.010000000000001563;0.009999999999990905;0.060000000000002274;0.05999999999994543
1690546538;0.3499999999985448;0.18999999999999773;0;0;0;0;0.0999999999999659;1.3400000000000318
1690546539;0.15999999999985448;0.029999999999972715;0;0;0;0;0.16000000000008185;1.5900000000000318
1690546540;0.07999999999992724;0.14000000000001478;0;0;0.030000000000001137;0;0.3199999999999932;1.4600000000000364
1690546541;0.030000000000654836;1.6299999999999955;0;0;0.00999999999999801;0.01999999999999602;0.049999999999954525;0.2300000000000182
1690546542;0.049999999999272404;1.1399999999999864;0;0;0.009999999999999787;0.010000000000005116;0.0999999999999659;0.7099999999999227
1690546543;0.1400000000012369;0.09000000000003183;0;0;0.02000000000000135;0.010000000000005116;0.30000000000001137;1.3600000000000136
1690546544;0.010000000000218279;0.07999999999998408;0;0;0.04999999999999716;0.009999999999990905;0.22000000000002728;1.6599999999999682
1690546545;0.049999999997453415;0.060000000000002274;0;0;0.030000000000001137;0;0.18000000000000682;1.6400000000001
1690546546;0.06000000000130967;0.13000000000002387;0;0;0.05000000000000071;0.020000000000010232;0.2300000000000182;1.4899999999998954
1690546547;0.12999999999919964;0.8699999999999761;0;0;0.019999999999997797;0.009999999999990905;0.20999999999997954;0.7799999999999727
1690546548;0.7400000000016007;0.9099999999999966;0;0;0;0.009999999999990905;0.07999999999998408;0.2300000000000182
1690546549;0.41999999999825377;0.3599999999999852;0;0;0.030000000000002913;0.010000000000005116;0.20000000000004547;0.9900000000000091
1690546550;0.040000000000873115;0.08000000000004093;0;0;0.05000000000000071;0.020000000000010232;0.2300000000000182;1.5499999999999545
1690546551;0.050000000001091394;0.13999999999998636;0;0;0.07000000000000028;0.009999999999990905;0.21999999999997044;1.4800000000001319
1690546552;0.029999999998835847;0.060000000000002274;0;0;0.06999999999999851;0.010000000000005116;0.25999999999993406;1.669999999999959
1690546553;0.010000000000218279;0.10999999999998522;0;0;0.02999999999999936;0;0.25000000000005684;1.5299999999999727
1690546554;0.11000000000058208;0.3100000000000307;0;0;0.02000000000000135;0;0.17999999999994998;1.3299999999999272
1690546555;0;0.75;0;0;0.019999999999997797;0;0.20000000000004547;1.0600000000000591
1690546556;0.26999999999861757;1.089999999999975;0;0;0.009999999999999787;0;0.10000000000002274;0.44000000000005457
1690546557;0.010000000000218279;0.3100000000000023;0;0;0.05000000000000249;0;0.339999999999975;1.3600000000000136
1690546558;0.1000000000003638;1.6100000000000136;0;0;0;0.01999999999999602;0.12000000000000455;0.08999999999991815
1690546559;0.3000000000010914;0.19999999999998863;0;0;0.009999999999999787;0;0.18999999999999773;1.2900000000000773
1690546560;0.039999999999054126;0.030000000000001137;0;0;0;0;0.2699999999999818;1.669999999999959
1690546561;0.10999999999876309;0.2699999999999818;0;0;0.009999999999999787;0;0.1500000000000341;1.4400000000000546
1690546562;0.25;1.6000000000000227;0;0;0.02000000000000135;0;0.06999999999993634;0.07999999999992724
1690546563;0.2400000000016007;0.24999999999997158;0;0;0.00999999999999801;0;0.22000000000002728;1.2300000000000182
1690546564;0.21999999999934516;0.24000000000003752;0;0;0.030000000000001137;0.020000000000010232;0.22000000000002728;1.2800000000000864
1690546565;0.07999999999992724;0.06999999999999318;0;0;0.02999999999999936;0;0.2300000000000182;1.6199999999998909
1690546566;0.030000000000654836;0.09000000000000341;0;0;0.03999999999999915;0.009999999999990905;0.24999999999994316;1.5500000000000682
1690546567;0.09000000000014552;0.0800000000000125;0;0;0.0600000000000005;0.010000000000005116;0.3100000000000023;1.4800000000000182
1690546568;0.039999999999054126;0.6799999999999784;0;0;0.040000000000000924;0.010000000000005116;0.22000000000002728;0.9700000000000273
1690546569;0.18000000000029104;1.710000000000008;0;0;0;0.009999999999990905;0.06999999999999318;0.029999999999972715
1690546570;0.10999999999876309;0.060000000000002274;0;0;0.05999999999999872;0.009999999999990905;0.28000000000002956;1.42999999999995
1690546571;0.030000000000654836;0.09999999999999432;0;0;0.07000000000000206;0;0.2699999999999818;1.5300000000000864
1690546572;0.040000000000873115;0.10999999999998522;0;0;0.03999999999999915;0.020000000000010232;0.21000000000003638;1.5699999999999363
1690546573;0.020000000000436557;0.09000000000000341;0;0;0.049999999999998934;0;0.1999999999999318;1.6200000000000045
1690546574;0.28000000000065484;0.3499999999999943;0;0;0.02999999999999936;0.010000000000005116;0.18000000000000682;1.17999999999995
1690546575;0.9799999999995634;0.960000000000008;0;0;0;0;0.029999999999972715;0.029999999999972715
1690546576;0.3899999999994179;0.36000000000001364;0;0;0.009999999999999787;0;0.1400000000000432;1.07000000000005
1690546577;0.030000000000654836;0.07999999999998408;0;0;0.05000000000000071;0;0.18000000000000682;1.6399999999999864
1690546578;0.020000000000436557;0.06999999999999318;0;0;0.03999999999999915;0.010000000000005116;0.18000000000000682;1.6400000000001
1690546579;0.010000000000218279;0.030000000000001137;0;0;0;0;0.1099999999999568;1.8599999999999
1690546580;0.17000000000007276;0.5500000000000114;0;0;0.019999999999999574;0;0.160000000000025;1.080000000000041
1690546581;0.3099999999976717;0.2699999999999818;0;0;0;0;0.1500000000000341;1.2799999999999727
1690546582;0.040000000000873115;0.410000000000025;0;0;0.02000000000000135;0;0.21999999999997044;1.259999999999991
1690546583;0.3600000000005821;1.4499999999999886;0;0;0.02000000000000135;0.01999999999998181;0.1300000000000523;0.06000000000005912
1690546584;0.2899999999990541;1.2900000000000205;0;0;0.00999999999999801;0.020000000000010232;0.1199999999999477;0.2099999999999227
1690546585;0.07000000000152795;0.07999999999998408;0;0;0.009999999999999787;0.010000000000005116;0.2699999999999818;1.5499999999999545
1690546586;0.049999999999272404;0.11000000000001364;0;0;0.040000000000000924;0.010000000000005116;0.19000000000005457;1.6600000000000819
1690546587;0.019999999998617568;0.12000000000000455;0;0;0.02000000000000135;0;0.18999999999994088;1.6200000000000045
1690546588;0.010000000000218279;0.06999999999999318;0;0;0.04999999999999716;0.009999999999990905;0.28000000000002956;1.5699999999999363
1690546589;0;1.8100000000000023;0;0;0;0;0.01999999999998181;0.14999999999997726
1690546590;0.09000000000014552;0.9299999999999784;0;0;0.030000000000001137;0.009999999999990905;0.12999999999999545;0.8400000000001455
1690546591;0.040000000000873115;0.03999999999999204;0;0;0.019999999999999574;0;0.13999999999998636;1.7300000000000182
1690546592;0;0.009999999999990905;0;0;0;0;0.1400000000000432;1.8299999999999272
1690546593;0.020000000000436557;0.15000000000000568;0;0;0.030000000000001137;0;0.20999999999997954;1.5900000000000318
1690546594;0;1.9300000000000068;0;0;0;0;0.01999999999998181;0.01999999999998181
1690546595;0;0.9700000000000273;0;0;0;0;0.10000000000002274;0.92999999999995
1690546596;0.010000000000218279;0.009999999999990905;0;0;0.009999999999999787;0;0.11000000000001364;1.8500000000000227
1690546597;0;0.01999999999998181;0;0;0;0;0.18000000000000682;1.830000000000041
1690546598;0.06999999999970896;0.06999999999999318;0;0;0.05999999999999872;0.010000000000005116;0.19999999999998863;1.57000000000005
1690546599;0.7600000000002183;0.7700000000000102;0;0;0;0;0.029999999999972715;0.4199999999998454
1690546600;0.9599999999991269;0.9199999999999875;0;0;0;0;0.05000000000001137;0.07000000000005002
1690546601;0.2899999999990541;0.29000000000002046;0;0;0.010000000000001563;0;0.20999999999997954;1.1599999999999682
1690546602;0.23000000000138243;0.25;0;0;0.040000000000000924;0;0.21000000000003638;1.3000000000000682
1690546603;0.040000000000873115;0.07999999999998408;0;0;0.02999999999999936;0.010000000000005116;0.2599999999999909;1.509999999999991
1690546604;0.019999999998617568;0.11000000000001364;0;0;0.029999999999997584;0.009999999999990905;0.21000000000003638;1.6700000000000728
1690546605;0.12999999999919964;0.21999999999999886;0;0;0.030000000000001137;0;0.1199999999999477;1.3999999999999773
1690546606;0.07000000000152795;0.46999999999999886;0;0;0.0400000000000027;0.010000000000005116;0.160000000000025;1.259999999999991
1690546607;0.1499999999996362;0.060000000000002274;0;0;0.029999999999997584;0;0.18000000000000682;1.5599999999999454
1690546608;0.21000000000094587;0.01999999999998181;0;0;0;0;0.21000000000003638;1.5499999999999545
1690546609;0.059999999997671694;0.020000000000038654;0;0;0;0;0.18999999999994088;1.7100000000000364
1690546610;0.5100000000002183;0.46999999999999886;0;0;0.029999999999997584;0;0.12999999999999545;0.8500000000000227
1690546611;0.9400000000005093;0.9699999999999989;0;0;0;0;0.040000000000020464;0.049999999999954525
1690546612;0.15999999999985448;0.20999999999997954;0;0;0;0;0.22000000000002728;1.4100000000000819
1690546613;0.020000000000436557;0.4399999999999977;0;0;0.0400000000000027;0.010000000000005116;0.21999999999997044;1.2699999999999818
1690546614;0.12000000000080036;1.420000000000016;0;0;0.019999999999999574;0;0.14999999999997726;0.1999999999999318
1690546615;0.039999999999054126;0.04999999999998295;0;0;0.030000000000001137;0.009999999999990905;0.26000000000004775;1.6300000000001091
1690546616;0.040000000000873115;0.09000000000000341;0;0;0.07000000000000028;0.010000000000005116;0.30999999999994543;1.42999999999995
1690546617;0;1.5600000000000023;0;0;0.03999999999999915;0.010000000000005116;0.10000000000002274;0.30999999999994543
1690546618;0.12000000000080036;0.060000000000002274;0;0;0.05000000000000071;0;0.28000000000002956;1.490000000000009
1690546619;0.10999999999876309;0.060000000000002274;0;0;0.05999999999999872;0.009999999999990905;0.18000000000000682;1.5299999999999727
1690546620;0.050000000001091394;0.0800000000000125;0;0;0.05000000000000071;0.010000000000005116;0.20999999999997954;1.650000000000091
1690546621;0.049999999997453415;0.07999999999998408;0;0;0.05000000000000071;0.009999999999990905;0.2300000000000182;1.5299999999999727
1690546622;0.030000000000654836;0.07999999999998408;0;0;0.03999999999999915;0;0.15999999999996817;1.669999999999959
1690546623;0.039999999999054126;0.3900000000000148;0;0;0.00999999999999801;0.010000000000005116;0.18000000000000682;1.3600000000000136
1690546624;0.3500000000003638;0.3100000000000023;0;0;0.010000000000001563;0;0.28000000000002956;1.0499999999999545
1690546625;0.1000000000003638;1.0400000000000205;0;0;0.030000000000001137;0.010000000000005116;0.20999999999997954;0.6299999999999955
1690546629;0.06036217303771698;0.06036217303823166;0;0;0.02012072434607603;0;0.20120724346075314;1.50905432595562
1690546630;0.040000000000873115;0.11999999999997613;0;0;0.03999999999999915;0;0.2400000000000091;1.5700000000001637
1690546631;0.039999999999054126;0.060000000000002274;0;0;0.00999999999999801;0;0.18999999999999773;1.6599999999999682
1690546632;0.010000000000218279;0.8300000000000125;0;0;0.030000000000001137;0;0.17000000000001592;0.9399999999999409
1690546633;0.030000000000654836;1.789999999999992;0;0;0.010000000000001563;0.030000000000001137;0.11000000000001364;0.049999999999954525
1690546634;0;1.0500000000000114;0;0;0;0;0.16999999999995907;0.7100000000000364
1690546635;0.06999999999970896;0.060000000000002274;0;0;0.04999999999999716;0.010000000000005116;0.2699999999999818;1.5400000000000773
1690546636;0.029999999998835847;0.04999999999998295;0;0;0.030000000000001137;0;0.17000000000001592;1.6900000000000546
1690546637;0;0.009999999999990905;0;0;0.010000000000001563;0;0.13999999999998636;1.879999999999768
1690546638;0.030000000000654836;0.060000000000030695;0;0;0.019999999999999574;0;0.1400000000000432;1.71000000000015
1690546639;0.9400000000005093;0.9699999999999989;0;0;0;0;0.05999999999994543;0.03999999999996362
1690546640;0.07999999999992724;0.09999999999999432;0;0;0.010000000000001563;0;0.12999999999999545;1.669999999999959
1690546641;0.06999999999970896;0.009999999999990905;0;0;0.00999999999999801;0;0.1500000000000341;1.71000000000015
1690546642;0.7099999999991269;0.6700000000000159;0;0;0.010000000000001563;0.029999999999986926;0.060000000000002274;0.5099999999999909
1690546643;0.010000000000218279;0.6200000000000045;0;0;0.019999999999999574;0;0.21999999999997044;1.1399999999998727
1690546644;0.040000000000873115;1.7799999999999727;0;0;0;0.010000000000005116;0.060000000000002274;0.05999999999994543
1690546645;0.15999999999985448;0.7900000000000205;0;0;0.019999999999999574;0.010000000000005116;0.19999999999998863;0.7900000000000773
1690546646;0.05999999999949068;0.029999999999972715;0;0;0;0;0.1500000000000341;1.7599999999998772
1690546647;0.010000000000218279;0.020000000000010232;0;0;0.00999999999999801;0;0.13999999999998636;1.8100000000001728
1690546648;0.4900000000016007;0.28000000000000114;0;0;0.03000000000000469;0.009999999999990905;0.21999999999997044;0.9700000000000273
1690546649;0.6700000000000728;0.6899999999999977;0;0;0.00999999999999801;0.010000000000005116;0.09000000000003183;0.5199999999999818
1690546650;0.049999999999272404;0.020000000000010232;0;0;0;0;0.21999999999997044;1.6999999999999318
1690546651;0.019999999998617568;0.01999999999998181;0;0;0.010000000000001563;0;0.1300000000000523;1.8500000000000227
1690546652;0.050000000001091394;1.1200000000000045;0;0;0.00999999999999801;0.010000000000005116;0.19999999999998863;0.5900000000001455
1690546653;0.4399999999986903;1.0500000000000114;0;0;0;0;0.21999999999997044;0.1999999999998181
1690546654;1.7200000000011642;0.009999999999990905;0;0;0;0;0.11000000000001364;0.13999999999998636
1690546655;1.9100000000016735;0;0;0;0;0;0.01999999999998181;0.05999999999994543
1690546656;1.889999999997599;0;0;0;0.010000000000001563;0;0.030000000000086402;0.06000000000005912
1690546657;1.9200000000018917;0;0;0;0;0.009999999999990905;0.01999999999998181;0.03000000000020009
1690546658;1.9399999999986903;0;0;0;0;0;0.009999999999990905;0.01999999999998181
1690546659;1.8999999999996362;0.010000000000019327;0;0;0;0;0.049999999999954525;0.029999999999972715
1690546660;1.890000000001237;0;0;0;0;0;0.040000000000020464;0.049999999999954525
1690546661;1.8699999999989814;0;0;0;0.00999999999999801;0;0.05000000000001137;0.07999999999992724
1690546662;1.930000000000291;0;0;0;0;0;0.01999999999998181;0.07000000000005002
1690546663;1.9500000000007276;0;0;0;0;0.010000000000005116;0;0.01999999999998181
1690546664;1.8999999999996362;0;0;0;0;0;0.01999999999998181;0.049999999999954525
1690546665;1.889999999999418;0;0;0;0;0;0.05000000000001137;0.03999999999996362
1690546666;1.9600000000009459;0;0;0;0;0;0.020000000000038654;0.01999999999998181
1690546667;1.9099999999998545;0;0;0;0;0;0.009999999999990905;0.03999999999996362
1690546668;1.930000000000291;0;0;0;0;0;0.029999999999972715;0.04000000000007731
1690546669;1.7599999999983993;0.009999999999990905;0;0;0;0;0.09000000000003183;0.12000000000011823
1690546670;1.8700000000008004;0;0;0;0;0.010000000000005116;0.049999999999954525;0.049999999999954525
1690546671;1.820000000001528;0.009999999999990905;0;0;0;0;0.040000000000020464;0.09000000000003183
1690546672;1.929999999998472;0;0;0;0;0;0.009999999999990905;0.05999999999994543
1690546673;1.9599999999991269;0;0;0;0;0;0.020000000000038654;0.029999999999972715
1690546674;1.9200000000018917;0;0;0;0;0;0.029999999999972715;0.029999999999972715
1690546675;1.8799999999991996;0;0;0;0;0;0.06999999999999318;0.03999999999996362
1690546676;1.9200000000000728;0;0;0;0;0;0.009999999999990905;0.05000000000006821
1690546677;1.9000000000014552;0;0;0;0;0.009999999999990905;0.020000000000038654;0.01999999999998181
1690546678;1.9599999999991269;0;0;0;0.00999999999999801;0;0.009999999999990905;0.049999999999954525
1690546679;1.9499999999989086;0;0;0;0;0;0.009999999999990905;0.01999999999998181
1690546680;1.8700000000008004;0;0;0;0;0.010000000000005116;0.049999999999954525;0.020000000000209184
1690546681;1.9400000000005093;0;0;0;0;0;0.030000000000086402;0.029999999999972715
1690546682;1.9199999999982538;0;0;0;0;0;0.01999999999998181;0.05999999999994543
1690546683;1.9599999999991269;0.009999999999990905;0;0;0;0;0.009999999999990905;0.029999999999972715
1690546684;1.9200000000018917;0;0;0;0;0;0;0.020000000000095497
1690546685;1.8799999999991996;0;0;0;0;0;0.049999999999954525;0.049999999999954525
1690546686;1.9600000000009459;0;0;0;0.010000000000001563;0;0.009999999999990905;0.03999999999996362
1690546687;1.930000000000291;0;0;0;0;0;0.020000000000038654;0.009999999999990905
1690546688;1.9199999999982538;0;0;0;0;0;0.009999999999990905;0.049999999999954525
1690546689;1.9700000000011642;0;0;0;0;0;0.009999999999990905;0.029999999999972715
1690546690;1.8799999999991996;0;0;0;0;0;0.060000000000002274;0.03999999999996362
1690546691;1.9100000000016735;0;0;0;0;0;0.020000000000038654;0.07000000000005002
1690546692;1.9099999999980355;0;0;0;0;0;0.009999999999990905;0.08000000000015461
1690546693;1.9400000000005093;0;0;0;0;0;0.009999999999990905;0.029999999999972715
1690546694;1.930000000000291;0;0;0;0;0;0.01999999999998181;0.029999999999972715
1690546695;1.8799999999991996;0;0;0;0;0;0.060000000000002274;0.029999999999972715
1690546696;1.9600000000009459;0;0;0;0;0;0.040000000000020464;0.03999999999996362
1690546697;1.9200000000000728;0;0;0;0.010000000000001563;0;0.01999999999998181;0.01999999999998181
1690546698;1.9599999999991269;0;0;0;0;0;0.020000000000038654;0.029999999999972715
1690546699;1.9400000000023283;0;0;0;0;0;0.009999999999990905;0.01999999999998181
1690546700;1.889999999997599;0;0;0;0;0;0.03999999999996362;0.029999999999972715
1690546701;1.9200000000000728;0;0;0;0;0;0.020000000000038654;0.05000000000006821
1690546702;1.930000000000291;0;0;0;0;0;0.029999999999972715;0.09000000000014552
1690546703;1.9200000000000728;0;0;0;0;0;0.009999999999990905;0.03999999999996362
1690546704;1.9200000000000728;0;0;0;0;0.009999999999990905;0.05000000000001137;0.01999999999998181
1690546705;1.8999999999996362;0.009999999999990905;0;0;0;0;0.05000000000001137;0.04000000000007731
1690546706;1.9400000000005093;0;0;0;0;0;0.009999999999990905;0.01999999999998181
1690546707;1.8999999999996362;0;0;0;0;0;0.009999999999990905;0.049999999999954525
1690546708;1.93000000000211;0;0;0;0;0;0.029999999999972715;0.029999999999972715
1690546709;1.9599999999991269;0;0;0;0;0;0.030000000000086402;0.029999999999972715
1690546710;1.8799999999991996;0;0;0;0;0.010000000000005116;0.049999999999954525;0.04000000000007731
1690546711;1.9200000000000728;0;0;0;0;0;0.01999999999998181;0.029999999999972715
1690546712;1.9099999999998545;0;0;0;0;0;0.009999999999990905;0.05999999999994543
1690546713;1.9699999999993452;0;0;0;0;0;0.040000000000020464;0.029999999999972715
1690546714;1.930000000000291;0;0;0;0;0;0;0.009999999999990905
1690546715;1.890000000001237;0;0;0;0;0;0.05000000000001137;0.05999999999994543
1690546716;1.9399999999986903;0;0;0;0;0;0.009999999999990905;0.030000000000086402
1690546717;1.9500000000007276;0;0;0;0;0;0.01999999999998181;0.049999999999954525
1690546718;1.9099999999998545;0;0;0;0.00999999999999801;0;0.009999999999990905;0.05999999999994543
1690546719;1.9500000000007276;0;0;0;0;0;0.009999999999990905;0.01999999999998181
1690546720;1.8699999999989814;0;0;0;0;0;0.06000000000005912;0.020000000000209184
1690546721;1.9200000000000728;0;0;0;0;0;0.05999999999994543;0.03999999999996362
1690546722;1.9100000000016735;0;0;0;0;0;0;0.05000000000006821
1690546723;1.9599999999991269;0;0;0;0;0;0;0.029999999999972715
1690546724;1.9399999999986903;0;0;0;0;0;0.03000000000002956;0.029999999999972715
1690546725;1.8700000000008004;0;0;0;0;0;0.040000000000020464;0.049999999999954525
1690546726;1.9399999999986903;0;0;0;0;0;0.01999999999998181;0.029999999999972715
1690546727;1.9500000000025466;0;0;0;0;0;0.009999999999990905;0.01999999999998181
1690546728;1.930000000000291;0;0;0;0;0;0.020000000000038654;0.049999999999954525
1690546729;1.9599999999991269;0;0;0;0;0;0.009999999999990905;0.03999999999996362
1690546730;1.8500000000003638;0;0;0;0;0.010000000000005116;0.049999999999954525;0.04000000000007731
1690546731;1.9199999999982538;0;0;0;0;0;0.040000000000020464;0.029999999999972715
1690546732;1.9200000000000728;0;0;0;0.010000000000001563;0;0.03000000000002956;0.08000000000015461
1690546733;1.930000000000291;0;0;0;0;0;0.009999999999990905;0.029999999999972715
1690546734;1.9200000000000728;0;0;0;0;0;0.029999999999972715;0.029999999999972715
1690546735;1.890000000001237;0;0;0;0;0;0.01999999999998181;0.03999999999996362
1690546736;1.9799999999977445;0;0;0;0;0;0.01999999999998181;0.03999999999996362
1690546737;1.9400000000023283;0;0;0;0;0;0.010000000000047748;0.029999999999972715
1690546738;1.9499999999989086;0;0;0;0;0;0.020000000000038654;0.030000000000086402
1690546739;1.9500000000007276;0;0;0;0;0;0.01999999999998181;0.029999999999972715
1690546740;1.8699999999989814;0;0;0;0;0;0.049999999999954525;0.01999999999998181
1690546741;1.9200000000000728;0;0;0;0;0;0.009999999999990905;0.03999999999996362
1690546742;1.9099999999998545;0;0;0;0;0;0.03000000000002956;0.07999999999992724
1690546743;1.9500000000007276;0;0;0;0;0;0.010000000000047748;0.030000000000086402
1690546744;1.9499999999989086;0;0;0;0;0;0.009999999999990905;0.040000000000190994
1690546745;1.8800000000010186;0;0;0;0;0.010000000000005116;0.07999999999992724;0.01999999999998181
1690546746;1.9399999999986903;0;0;0;0;0;0.020000000000038654;0.01999999999998181
1690546747;1.93000000000211;0;0;0;0;0;0.020000000000038654;0.029999999999972715
1690546748;1.9599999999991269;0;0;0;0;0;0;0.01999999999998181
1690546749;1.9400000000005093;0;0;0;0;0;0.029999999999972715;0.05999999999994543
1690546750;1.8799999999991996;0;0;0;0;0.009999999999990905;0.060000000000002274;0.029999999999972715
1690546751;1.8999999999996362;0;0;0;0.00999999999999801;0;0.01999999999998181;0.049999999999954525
1690546752;1.9099999999998545;0;0;0;0;0;0.029999999999972715;0.05999999999994543
1690546753;1.9700000000011642;0;0;0;0;0;0.010000000000047748;0.029999999999972715
1690546754;1.9099999999998545;0.010000000000019327;0;0;0;0;0.029999999999972715;0.020000000000209184
1690546755;1.889999999999418;0;0;0;0;0;0.06999999999999318;0.009999999999990905
1690546756;1.930000000000291;0;0;0;0;0;0.040000000000020464;0.029999999999972715
1690546757;1.930000000000291;0;0;0;0;0.010000000000005116;0;0.03999999999996362
1690546758;1.9599999999991269;0;0;0;0;0;0.01999999999998181;0.029999999999972715
1690546759;1.9100000000016735;0;0;0;0;0;0;0.05999999999994543
1690546760;1.889999999999418;0;0;0;0;0;0.05000000000001137;0.060000000000172804
1690546761;1.8999999999996362;0;0;0;0;0;0.020000000000038654;0.029999999999972715
1690546762;1.9099999999998545;0;0;0;0.010000000000001563;0;0.01999999999998181;0.05999999999994543
1690546763;1.9099999999998545;0;0;0;0;0;0.029999999999972715;0.05999999999994543
1690546764;1.9200000000000728;0;0;0;0;0;0.01999999999998181;0.029999999999972715
1690546765;1.8999999999996362;0;0;0;0;0;0.05000000000006821;0.07999999999992724
1690546766;1.9400000000005093;0;0;0;0;0;0.009999999999990905;0.009999999999990905
1690546767;1.9500000000007276;0;0;0;0;0;0.01999999999998181;0.040000000000190994
1690546768;1.929999999998472;0;0;0;0;0.010000000000005116;0.01999999999998181;0.01999999999998181
1690546769;1.930000000000291;0;0;0;0;0;0.020000000000038654;0.01999999999998181
1690546770;1.9000000000014552;0;0;0;0;0;0.05999999999994543;0.060000000000172804
1690546771;1.9499999999989086;0;0;0;0;0;0.040000000000020464;0.029999999999972715
1690546772;1.890000000001237;0;0;0;0;0;0.040000000000020464;0.05999999999994543
1690546773;1.9499999999989086;0;0;0;0;0;0;0
1690546774;1.9499999999989086;0;0;0;0;0;0.009999999999990905;0.01999999999998181
1690546775;1.890000000001237;0;0;0;0;0;0.060000000000002274;0.05999999999994543
1690546776;1.9599999999991269;0;0;0;0;0;0.009999999999990905;0.029999999999972715
1690546777;1.9400000000005093;0;0;0;0;0;0.009999999999990905;0.03999999999996362
1690546778;1.9200000000000728;0;0;0;0;0;0.010000000000047748;0.01999999999998181
1690546779;1.9000000000014552;0;0;0;0.010000000000001563;0;0.01999999999998181;0.05999999999994543
1690546780;1.889999999999418;0;0;0;0;0.009999999999990905;0.03999999999996362;0.03000000000020009
1690546781;1.9199999999982538;0;0;0;0;0;0.020000000000038654;0.06999999999993634
1690546782;1.890000000001237;0;0;0;0;0;0.009999999999990905;0.049999999999954525
1690546783;1.9699999999993452;0;0;0;0;0;0.029999999999972715;0.01999999999998181
1690546784;1.9099999999998545;0;0;0;0;0;0.01999999999998181;0.009999999999990905
1690546785;1.9099999999998545;0;0;0;0;0;0.05000000000006821;0.049999999999954525
1690546786;1.9500000000007276;0;0;0;0;0;0.009999999999990905;0.03000000000020009
1690546787;1.930000000000291;0;0;0;0;0;0;0.029999999999972715
1690546788;1.9499999999989086;0;0;0;0;0;0.03999999999996362;0.03999999999996362
1690546789;1.93000000000211;0;0;0;0;0;0;0.01999999999998181
1690546790;1.9499999999989086;0;0;0;0;0;0.029999999999972715;0.03999999999996362
1690546791;1.9200000000000728;0;0;0;0.00999999999999801;0;0.040000000000020464;0.029999999999972715
1690546792;1.8800000000010186;0;0;0;0;0.009999999999990905;0.020000000000038654;0.08000000000015461
1690546793;1.9799999999995634;0;0;0;0;0;0;0.029999999999972715
1690546794;1.9199999999982538;0;0;0;0;0;0.009999999999990905;0.009999999999990905
1690546795;1.93000000000211;0;0;0;0;0;0.029999999999972715;0.03999999999996362
1690546796;1.9199999999982538;0;0;0;0;0;0.05000000000001137;0.01999999999998181
1690546797;1.9200000000000728;0;0;0;0;0.010000000000005116;0.029999999999972715;0.029999999999972715
1690546798;1.9600000000009459;0;0;0;0;0;0.03000000000002956;0.01999999999998181
1690546799;1.9500000000007276;0;0;0;0;0;0.009999999999990905;0.029999999999972715
1690546800;1.929999999998472;0;0;0;0;0;0.040000000000020464;0.03999999999996362
1690546801;1.9100000000016735;0;0;0;0;0;0.01999999999998181;0.029999999999972715
1690546802;1.9099999999980355;0;0;0;0;0;0.040000000000020464;0.060000000000172804
1690546803;1.9499999999989086;0;0;0;0;0;0.009999999999990905;0.029999999999972715
1690546804;1.93000000000211;0;0;0;0;0;0.009999999999990905;0.03999999999996362
1690546805;1.929999999998472;0;0;0;0.010000000000001563;0;0.029999999999972715;0.060000000000172804
1690546806;1.890000000001237;0;0;0;0;0;0.040000000000020464;0.01999999999998181
1690546807;1.9599999999991269;0;0;0;0;0;0.03000000000002956;0.049999999999954525
1690546808;1.930000000000291;0;0;0;0;0;0.01999999999998181;0.01999999999998181
1690546809;1.9400000000005093;0;0;0;0;0;0.009999999999990905;0.009999999999990905
1690546810;1.929999999998472;0;0;0;0.00999999999999801;0.010000000000005116;0.03999999999996362;0.03999999999996362
1690546811;1.8800000000010186;0;0;0;0;0;0.03000000000002956;0.03999999999996362
1690546812;1.9099999999998545;0;0;0;0;0;0.03000000000002956;0.06999999999993634
1690546813;1.930000000000291;0;0;0;0;0;0.01999999999998181;0.01999999999998181
1690546814;1.9599999999991269;0;0;0;0;0;0.029999999999972715;0.03999999999996362
1690546815;1.9100000000016735;0;0;0;0;0;0.03000000000002956;0.01999999999998181
1690546816;1.9199999999982538;0;0;0;0;0;0.060000000000002274;0.01999999999998181
1690546817;1.9500000000025466;0;0;0;0;0;0.009999999999990905;0.03000000000020009
1690546818;1.929999999998472;0;0;0;0;0;0.03000000000002956;0.029999999999972715
1690546819;1.9500000000007276;0;0;0;0;0;0.009999999999990905;0.03999999999996362
1690546820;1.9199999999982538;0;0;0;0;0.010000000000005116;0.049999999999954525;0.03000000000020009
1690546821;1.9000000000014552;0;0;0;0;0;0.05000000000006821;0.01999999999998181
1690546822;1.860000000000582;0;0;0;0;0;0.029999999999972715;0.05999999999994543
1690546823;1.9099999999980355;0;0;0;0;0.010000000000005116;0.049999999999954525;0.029999999999972715
1690546824;1.9400000000005093;0;0;0;0;0;0.009999999999990905;0.05999999999994543
1690546825;1.9200000000000728;0;0;0;0;0;0.020000000000038654;0.01999999999998181
1690546826;1.9000000000014552;0;0;0;0;0;0.05000000000001137;0.06999999999993634
1690546827;1.9399999999986903;0;0;0;0;0;0.009999999999990905;0.01999999999998181
1690546828;1.9500000000007276;0;0;0;0;0;0.009999999999990905;0.029999999999972715
1690546829;1.9399999999986903;0;0;0;0;0.009999999999990905;0.020000000000038654;0.029999999999972715
1690546830;1.9100000000016735;0;0;0;0;0;0.029999999999972715;0.01999999999998181
1690546831;1.929999999998472;0;0;0;0.010000000000001563;0;0.040000000000020464;0.029999999999972715
1690546832;1.8800000000010186;0;0;0;0;0;0.03999999999996362;0.08000000000015461
