Time;{instance="10.231.0.208:9100"};{instance="192.168.221.10:9100"};{instance="192.168.221.11:9100"};{instance="192.168.221.12:9100"}
1690728312;0;24575.999999999996;0;0
1690728313;0;167935.99999999997;0;0
1690728314;0;16383.999999999998;0;589824
1690728315;0;196607.99999999997;0;2551808
1690728316;0;61439.99999999999;0;32595968
1690728317;0;98303.99999999999;0;1605632
1690728318;0;151551.99999999997;0;182259712
1690728319;0;1826815.9999999998;12288;688128
1690728320;45056;139263.99999999997;0;381132800
1690728321;0;81919.99999999999;0;1564672
1690728322;0;81919.99999999999;0;1028096
1690728323;16384;110591.99999999999;0;183439360
1690728324;45056;45055.99999999999;0;36864
1690728325;8192;114687.99999999999;249856;176869376
1690728326;28672;159743.99999999997;0;179695616
1690728327;0;32767.999999999996;0;36864
1690728328;0;102399.99999999999;0;176164864
1690728329;16384;24575.999999999996;0;89026560
1690728330;4096;98303.99999999999;0;593920
1690728331;8192;53247.99999999999;0;115290112
1690728332;0;86015.99999999999;0;133537792
1690728333;0;28671.999999999996;12288;220528640
1690728334;32768;147455.99999999997;0;173842432
1690728335;0;86015.99999999999;0;942080
1690728336;0;24575.999999999996;0;225411072
1690728337;0;53247.99999999999;0;0
1690728338;0;102399.99999999999;73728;285392896
1690728339;0;24575.999999999996;0;0
1690728340;0;28671.999999999996;0;20717568
1690728341;0;53247.99999999999;20480;94109696
1690728342;0;73727.99999999999;0;0
1690728343;0;24575.999999999996;143360;321658880
1690728344;0;49151.99999999999;0;227655680
1690728345;0;86015.99999999999;0;62902272
1690728346;0;24575.999999999996;0;0
1690728347;0;36863.99999999999;16384;88268800
1690728348;0;131071.99999999999;0;186646528
1690728349;0;24575.999999999996;0;176160768
1690728350;0;24575.999999999996;0;90112
1690728351;0;28671.999999999996;0;73240576
1690728352;0;69631.99999999999;0;0
1690728353;0;28671.999999999996;0;322592768
1690728354;0;106495.99999999999;0;103374848
1690728355;0;4095.9999999999995;0;159625216
1690728356;0;57343.99999999999;0;122421248
1690728357;0;36863.99999999999;143360;0
1690728358;0;49151.99999999999;0;0
1690728359;0;32767.999999999996;0;314839040
1690728360;0;36863.99999999999;0;138485760
1690728361;0;106495.99999999999;24576;3145728
1690728362;0;0;0;109236224
1690728363;0;53247.99999999999;0;193486848
1690728364;0;16383.999999999998;0;282447872
1690728365;0;57343.99999999999;0;73728
1690728366;0;28671.999999999996;16384;113508352
1690728367;0;53247.99999999999;0;0
1690728368;0;102399.99999999999;0;150736896
1690728369;0;49151.99999999999;0;164626432
1690728370;0;94207.99999999999;0;306266112
1690728371;0;24575.999999999996;0;0
1690728372;0;32767.999999999996;0;65986560
1690728373;0;45055.99999999999;0;95682560
1690728374;0;12287.999999999998;0;0
1690728375;0;32767.999999999996;0;214638592
1690728376;0;40959.99999999999;0;61440
1690728377;32768;57343.99999999999;0;75603968
1690728378;0;81919.99999999999;0;121733120
1690728379;0;86015.99999999999;0;49926144
1690728380;0;24575.999999999996;0;0
1690728381;0;24575.999999999996;0;176320512
1690728382;8192;69631.99999999999;0;88080384
1690728383;16384;28671.999999999996;0;165769216
1690728384;4096;40959.99999999999;0;141115392
1690728385;0;24575.999999999996;0;0
1690728386;0;24575.999999999996;0;0
1690728387;0;57343.99999999999;0;8863744
1690728388;8192;53247.99999999999;0;758644736
1690728389;0;24575.999999999996;0;61440
1690728390;0;315391.99999999994;0;42917888
1690728391;0;53247.99999999999;0;0
1690728392;0;53247.99999999999;0;0
1690728393;0;28671.999999999996;0;0
1690728394;0;40959.99999999999;0;446390272
1690728395;0;0;0;235405312
1690728396;0;40959.99999999999;0;39763968
1690728397;0;24575.999999999996;0;4096
1690728398;0;57343.99999999999;0;176160768
1690728399;32768;28671.999999999996;0;57913344
1690728400;0;69631.99999999999;0;0
1690728401;0;57343.99999999999;0;147894272
1690728402;0;24575.999999999996;0;121106432
1690728403;0;49151.99999999999;0;109527040
1690728404;8192;20479.999999999996;0;374108160
1690728405;16384;45055.99999999999;0;0
1690728406;0;61439.99999999999;0;0
1690728407;0;24575.999999999996;0;83890176
1690728408;0;57343.99999999999;0;83886080
1690728409;0;45055.99999999999;0;379174912
1690728410;8192;40959.99999999999;0;0
1690728411;0;24575.999999999996;0;0
1690728412;0;45055.99999999999;0;57417728
1690728413;0;81919.99999999999;0;118829056
1690728414;0;36863.99999999999;0;375414784
1690728415;0;24575.999999999996;0;0
1690728416;0;4095.9999999999995;0;0
1690728417;0;45055.99999999999;0;57364480
1690728418;0;28671.999999999996;0;118816768
1690728419;0;86015.99999999999;0;239226880
1690728420;0;20479.999999999996;0;86978560
1690728421;0;184319.99999999997;0;109096960
1690728422;0;61439.99999999999;0;0
1690728423;0;28671.999999999996;0;176193536
1690728424;0;53247.99999999999;0;32768
1690728425;0;36863.99999999999;0;40960
1690728426;0;24575.999999999996;0;19423232
1690728427;0;49151.99999999999;0;225640448
1690728428;0;94207.99999999999;0;0
1690728429;0;49151.99999999999;0;176173056
1690728430;0;49151.99999999999;0;176160768
1690728431;0;32767.999999999996;0;110592
1690728432;0;61439.99999999999;159744;96468992
1690728433;0;4095.9999999999995;0;66457600
1690728434;0;53247.99999999999;0;75628544
1690728435;0;53247.99999999999;0;201850880
1690728436;0;32767.999999999996;0;54255616
1690728437;0;24575.999999999996;0;4521984
1690728438;0;114687.99999999999;0;205520896
1690728439;0;0;0;370003968
1690728440;0;94207.99999999999;0;0
1690728441;0;53247.99999999999;0;69632
1690728442;0;24575.999999999996;0;55447552
1690728443;0;81919.99999999999;0;0
1690728444;0;16383.999999999998;0;0
1690728445;0;28671.999999999996;0;296878080
1690728446;0;49151.99999999999;16384;376492032
1690728447;0;110591.99999999999;4096;0
1690728448;0;36863.99999999999;0;0
1690728449;0;32767.999999999996;0;48480256
1690728450;0;98303.99999999999;0;52805632
1690728451;0;40959.99999999999;0;348053504
1690728452;0;184319.99999999997;0;0
1690728453;0;126975.99999999999;0;163119104
1690728454;0;16383.999999999998;0;0
1690728455;0;49151.99999999999;0;88080384
1690728456;0;24575.999999999996;0;176201728
1690728457;0;192511.99999999997;0;55869440
1690728458;0;36863.99999999999;0;0
1690728459;0;73727.99999999999;0;380375040
1690728460;0;32767.999999999996;0;0
1690728461;0;32767.999999999996;0;40087552
1690728462;0;40959.99999999999;0;0
1690728463;0;28671.999999999996;12288;24940544
1690728464;0;86015.99999999999;0;177246208
1690728465;0;24575.999999999996;0;110227456
1690728466;0;24575.999999999996;0;606208
1690728467;0;49151.99999999999;0;268836864
1690728468;0;114687.99999999999;0;0
1690728469;0;204799.99999999997;0;88080384
1690728470;0;24575.999999999996;0;88150016
1690728471;0;32767.999999999996;0;176209920
1690728472;0;45055.99999999999;0;57126912
1690728473;0;24575.999999999996;139264;55070720
1690728474;0;65535.99999999999;0;54001664
1690728475;0;0;0;270012416
1690728476;0;49151.99999999999;0;54079488
1690728477;0;57343.99999999999;0;0
1690728478;0;61439.99999999999;0;210243584
1690728479;0;28671.999999999996;4096;372965376
1690728480;0;24575.999999999996;0;0
1690728481;0;24575.999999999996;0;53248
1690728482;0;28671.999999999996;0;47484928
1690728483;0;24575.999999999996;0;85577728
1690728484;0;36863.99999999999;0;0
1690728485;0;86015.99999999999;0;219283456
1690728486;0;4095.9999999999995;0;368435200
1690728487;0;77823.99999999999;0;0
1690728488;0;4095.9999999999995;0;0
1690728489;0;53247.99999999999;0;50155520
1690728490;0;94207.99999999999;0;0
1690728491;0;0;0;302235648
1690728492;0;49151.99999999999;0;56565760
1690728493;0;53247.99999999999;0;167399424
1690728494;0;81919.99999999999;176128;213680128
1690728495;0;45055.99999999999;0;0
1690728496;0;53247.99999999999;0;16756736
1690728497;0;45055.99999999999;0;71380992
1690728498;0;4095.9999999999995;0;105058304
1690728499;0;86015.99999999999;0;198877184
1690728500;0;53247.99999999999;4096;132276224
1690728501;0;57343.99999999999;0;40960
1690728502;0;0;0;48283648
1690728503;0;36863.99999999999;0;74600448
1690728504;0;53247.99999999999;0;429101056
1690728505;0;24575.999999999996;24576;32768
1690728506;0;69631.99999999999;0;53248
1690728507;0;16383.999999999998;0;0
1690728508;0;184319.99999999997;0;44339200
1690728509;0;53247.99999999999;0;81793024
1690728510;0;73727.99999999999;0;0
1690728511;0;4095.9999999999995;0;20480
1690728512;0;53247.99999999999;0;188624896
1690728513;32768;24575.999999999996;0;258875392
1690728514;0;32767.999999999996;0;188416
1690728515;0;24575.999999999996;0;0
1690728516;0;8191.999999999999;0;141557760
1690728517;0;69631.99999999999;0;4096
1690728518;8192;176127.99999999997;0;210763776
1690728519;16384;28671.999999999996;0;129953792
1690728520;0;45055.99999999999;0;47603712
1690728521;0;98303.99999999999;0;10231808
1690728522;0;24575.999999999996;0;586612736
1690728523;0;24575.999999999996;0;31932416
1690728524;4096;106495.99999999999;0;0
1690728525;0;28671.999999999996;0;0
1690728526;0;45055.99999999999;0;286720
1690728527;0;65535.99999999999;0;140406784
1690728528;20480;98303.99999999999;0;22056960
1690728529;0;65535.99999999999;163840;168468480
1690728530;0;102399.99999999999;0;69595136
1690728531;0;32767.999999999996;0;70787072
1690728532;0;57343.99999999999;0;124084224
1690728533;0;61439.99999999999;0;298221568
1690728534;24576;266239.99999999994;0;156200960
1690728535;0;0;4096;0
1690728536;0;102399.99999999999;0;0
1690728537;0;24575.999999999996;0;176160768
1690728538;0;24575.999999999996;0;49152
1690728539;16384;86015.99999999999;0;52551680
1690728540;0;36863.99999999999;16384;107634688
1690728541;0;53247.99999999999;0;15003648
1690728542;0;0;0;261021696
1690728543;0;24575.999999999996;0;88125440
1690728544;0;36863.99999999999;0;53907456
1690728545;0;28671.999999999996;0;300253184
1690728546;0;49151.99999999999;0;82051072
1690728547;0;24575.999999999996;0;0
1690728548;0;28671.999999999996;0;88129536
1690728549;0;45055.99999999999;0;50888704
1690728550;0;36863.99999999999;0;0
1690728551;0;4095.9999999999995;0;103059456
1690728552;0;57343.99999999999;0;476024832
1690728553;0;28671.999999999996;0;90112
1690728554;0;118783.99999999999;0;0
1690728555;0;0;0;0
1690728556;0;24575.999999999996;0;0
1690728557;0;122879.99999999999;0;0
1690728558;0;36863.99999999999;0;108306432
1690728559;0;86015.99999999999;0;302637056
1690728560;0;28671.999999999996;0;0
1690728561;0;49151.99999999999;0;110702592
1690728562;36864;69631.99999999999;0;208367616
1690728563;0;24575.999999999996;0;49152
1690728564;0;36863.99999999999;0;176021504
1690728565;0;20479.999999999996;0;32768
1690728566;0;57343.99999999999;0;112762880
1690728567;28672;77823.99999999999;0;152752128
1690728568;0;53247.99999999999;0;228560896
1690728569;0;49151.99999999999;0;175964160
1690728570;0;90111.99999999999;0;21467136
1690728571;0;53247.99999999999;0;99938304
1690728572;12288;73727.99999999999;0;151552
1690728573;0;0;159744;20480
1690728574;24576;110591.99999999999;0;177209344
1690728575;0;49151.99999999999;0;0
1690728576;0;45055.99999999999;0;271372288
1690728577;0;28671.999999999996;0;196608
1690728578;0;49151.99999999999;0;106168320
1690728579;16384;36863.99999999999;0;0
1690728580;0;188415.99999999997;0;316411904
1690728581;0;73727.99999999999;0;0
1690728582;0;32767.999999999996;0;228663296
1690728583;0;40959.99999999999;0;0
1690728584;0;28671.999999999996;0;49586176
1690728585;0;155647.99999999997;0;233017344
1690728586;0;28671.999999999996;0;129814528
1690728587;0;73727.99999999999;0;86228992
1690728588;0;53247.99999999999;0;0
1690728589;0;81919.99999999999;0;0
1690728590;0;20479.999999999996;0;343076864
1690728591;0;32767.999999999996;0;111411200
1690728592;0;118783.99999999999;0;0
1690728593;0;36863.99999999999;0;215736320
1690728594;0;20479.999999999996;0;145076224
1690728595;0;106495.99999999999;0;192512
1690728596;0;28671.999999999996;0;159383552
1690728597;0;114687.99999999999;0;165699584
1690728598;0;36863.99999999999;0;217088
1690728599;0;53247.99999999999;0;2719744
1690728600;0;12287.999999999998;0;238649344
1690728601;0;114687.99999999999;0;176160768
1690728602;0;32767.999999999996;0;107769856
1690728603;0;102399.99999999999;0;68489216
1690728604;0;16383.999999999998;12288;60297216
1690728605;0;53247.99999999999;0;368607232
1690728606;0;24575.999999999996;0;0
1690728607;0;28671.999999999996;0;60817408
1690728608;0;40959.99999999999;0;154251264
1690728609;0;28671.999999999996;0;113795072
1690728610;0;86015.99999999999;0;0
1690728611;0;61439.99999999999;0;317321216
1690728612;0;28671.999999999996;0;26132480
1690728613;0;32767.999999999996;163840;77668352
1690728614;0;81919.99999999999;4096;98455552
1690728615;0;8191.999999999999;0;4096
1690728616;0;49151.99999999999;0;141737984
1690728617;16384;24575.999999999996;0;125145088
1690728618;0;28671.999999999996;0;150573056
1690728619;0;69631.99999999999;0;84127744
1690728620;0;53247.99999999999;0;272949248
1690728621;0;294911.99999999994;0;0
1690728622;0;0;0;153714688
1690728623;0;73727.99999999999;0;141258752
1690728624;0;24575.999999999996;0;79314944
1690728625;0;86015.99999999999;0;151764992
1690728626;36864;0;0;31485952
1690728627;0;77823.99999999999;0;212529152
1690728628;0;32767.999999999996;0;236748800
1690728629;0;28671.999999999996;0;153522176
1690728630;0;0;0;165810176
1690728631;24576;77823.99999999999;0;180457472
1690728632;0;0;0;54591488
1690728633;0;4095.9999999999995;0;0
1690728634;0;49151.99999999999;0;0
1690728635;0;32767.999999999996;143360;0
1690728636;0;53247.99999999999;0;0
1690728637;8192;32767.999999999996;0;0
1690728638;0;4095.9999999999995;0;747782144
1690728639;0;90111.99999999999;0;0
1690728640;0;4095.9999999999995;20480;35975168
1690728641;0;73727.99999999999;16384;41230336
1690728642;0;20479.999999999996;0;304529408
1690728643;0;40959.99999999999;0;188854272
1690728644;0;32767.999999999996;0;272142336
1690728645;0;28671.999999999996;0;128974848
1690728646;0;53247.99999999999;0;142606336
1690728647;0;45055.99999999999;0;34488320
1690728648;0;81919.99999999999;0;173772800
1690728649;0;32767.999999999996;0;109318144
1690728650;0;28671.999999999996;0;0
1690728651;0;77823.99999999999;0;0
1690728652;0;32767.999999999996;0;4096
1690728653;0;49151.99999999999;0;670330880
1690728654;0;81919.99999999999;0;15421440
1690728655;0;53247.99999999999;0;106569728
1690728656;0;32767.999999999996;0;0
1690728657;0;65535.99999999999;0;0
1690728658;0;65535.99999999999;0;0
1690728659;0;57343.99999999999;0;0
1690728660;0;90111.99999999999;0;311037952
1690728661;0;0;0;0
1690728662;0;135167.99999999997;0;637571072
1690728663;0;0;0;0
1690728664;0;61439.99999999999;0;125833216
1690728665;0;24575.999999999996;0;167886848
1690728666;0;28671.999999999996;0;47255552
1690728667;0;45055.99999999999;0;0
1690728668;0;28671.999999999996;0;0
1690728669;0;32767.999999999996;0;0
1690728670;0;28671.999999999996;0;0
1690728671;0;86015.99999999999;28672;0
1690728672;0;61439.99999999999;4096;0
1690728673;0;53247.99999999999;0;603095040
1690728674;0;36863.99999999999;0;239702016
1690728675;0;28671.999999999996;0;0
1690728676;0;32767.999999999996;135168;280436736
1690728677;0;73727.99999999999;16384;2097152
1690728678;0;16383.999999999998;0;288849920
1690728679;0;102399.99999999999;0;287571968
1690728680;0;4095.9999999999995;0;37855232
1690728681;0;45055.99999999999;0;45543424
1690728682;0;98303.99999999999;0;0
1690728683;0;24575.999999999996;0;0
1690728684;0;28671.999999999996;0;0
1690728685;0;61439.99999999999;0;0
1690728686;0;81919.99999999999;0;740134912
1690728687;0;212991.99999999997;0;0
1690728688;0;8191.999999999999;0;50855936
1690728689;0;81919.99999999999;0;0
1690728690;0;32767.999999999996;0;0
1690728691;4096;57343.99999999999;0;0
1690728692;12288;0;0;28930048
1690728693;0;28671.999999999996;0;727846912
1690728694;0;45055.99999999999;0;0
1690728695;0;53247.99999999999;0;0
1690728696;0;28671.999999999996;0;49602560
1690728697;0;28671.999999999996;0;86900736
1690728698;32768;69631.99999999999;0;0
1690728699;0;36863.99999999999;0;60276736
1690728700;0;57343.99999999999;0;190922752
1690728701;0;40959.99999999999;0;98668544
1690728702;0;57343.99999999999;139264;94588928
1690728703;8192;0;0;614400
1690728704;16384;69631.99999999999;0;125992960
1690728705;0;45055.99999999999;0;363679744
1690728706;0;28671.999999999996;0;32768
1690728707;0;28671.999999999996;16384;0
1690728708;0;28671.999999999996;4096;0
1690728709;8192;118783.99999999999;0;221184
1690728710;0;28671.999999999996;0;106496
1690728711;0;73727.99999999999;0;0
1690728712;0;0;0;96768000
1690728713;0;110591.99999999999;12288;111136768
1690728714;0;16383.999999999998;0;90304512
1690728715;0;77823.99999999999;0;53645312
1690728716;0;0;0;80572416
1690728717;0;69631.99999999999;0;316686336
1690728718;0;180223.99999999997;0;76832768
1690728719;0;24575.999999999996;0;53248
1690728720;0;61439.99999999999;0;0
1690728721;0;28671.999999999996;0;47157248
1690728722;0;57343.99999999999;0;189341696
1690728723;0;0;0;65556480
1690728724;0;81919.99999999999;0;371281920
1690728725;0;0;0;49152
1690728726;0;94207.99999999999;0;0
1690728727;0;28671.999999999996;0;53080064
1690728728;0;90111.99999999999;0;114860032
1690728729;0;20479.999999999996;0;368996352
1690728730;0;40959.99999999999;0;0
1690728731;0;28671.999999999996;0;0
1690728732;0;53247.99999999999;0;39481344
1690728733;0;61439.99999999999;0;79310848
1690728734;0;40959.99999999999;0;428314624
1690728735;0;8191.999999999999;0;0
1690728736;0;45055.99999999999;0;0
1690728737;0;24575.999999999996;0;44367872
1690728738;0;258047.99999999997;0;131825664
1690728739;0;49151.99999999999;0;176201728
1690728740;0;28671.999999999996;0;0
1690728741;0;81919.99999999999;0;48709632
1690728742;0;53247.99999999999;0;387358720
1690728743;0;81919.99999999999;0;0
1690728744;0;57343.99999999999;0;45056
1690728745;0;32767.999999999996;0;102965248
1690728746;0;24575.999999999996;0;30523392
1690728747;0;53247.99999999999;0;130797568
1690728748;0;61439.99999999999;0;41558016
1690728749;0;339967.99999999994;0;0
1690728750;0;36863.99999999999;0;311341056
1690728751;0;57343.99999999999;0;4096
1690728752;0;24575.999999999996;159744;503808
1690728753;0;118783.99999999999;0;0
1690728754;0;102399.99999999999;0;0
1690728755;0;53247.99999999999;0;176394240
1690728756;0;0;0;0
1690728757;0;94207.99999999999;0;176160768
1690728758;0;32767.999999999996;0;176300032
1690728759;0;20479.999999999996;0;0
1690728760;0;45055.99999999999;0;45056
1690728761;0;28671.999999999996;0;0
1690728762;0;24575.999999999996;0;0
1690728763;0;77823.99999999999;0;4096
1690728764;0;69631.99999999999;0;385875968
1690728765;0;24575.999999999996;0;40960
1690728766;0;24575.999999999996;0;0
1690728767;0;49151.99999999999;0;4096
1690728768;0;65535.99999999999;0;176218112
1690728769;0;65535.99999999999;0;163745792
1690728770;0;28671.999999999996;0;204394496
1690728771;0;28671.999999999996;0;0
1690728772;0;20479.999999999996;0;0
1690728773;0;98303.99999999999;0;56430592
1690728774;0;221183.99999999997;0;119734272
1690728775;0;24575.999999999996;0;47738880
1690728776;0;28671.999999999996;0;384872448
1690728777;0;73727.99999999999;0;0
1690728778;0;86015.99999999999;0;0
1690728779;0;20479.999999999996;0;153108480
1690728780;0;65535.99999999999;0;33251328
1690728781;0;4095.9999999999995;0;6512640
1690728782;0;49151.99999999999;0;72744960
1690728783;0;73727.99999999999;0;0
1690728784;0;36863.99999999999;0;342626304
1690728785;0;24575.999999999996;0;50147328
1690728786;0;28671.999999999996;0;0
1690728787;0;102399.99999999999;0;3899392
1690728788;0;57343.99999999999;20480;382205952
1690728789;0;20479.999999999996;0;0
1690728790;0;65535.99999999999;0;176218112
1690728791;0;53247.99999999999;0;28917760
1690728792;0;28671.999999999996;0;40108032
1690728793;0;61439.99999999999;0;200044544
1690728794;0;77823.99999999999;0;165781504
1690728795;0;12287.999999999998;0;40960
1690728796;0;40959.99999999999;0;32768
1690728797;0;49151.99999999999;0;52932608
1690728798;0;28671.999999999996;0;203816960
1690728799;0;57343.99999999999;0;503808
1690728800;0;172031.99999999997;0;94208
1690728801;0;94207.99999999999;0;251084800
1690728802;0;0;0;13271040
1690728803;0;53247.99999999999;0;0
1690728804;0;45055.99999999999;0;374181888
1690728805;0;45055.99999999999;0;57344
1690728806;0;24575.999999999996;0;
1690728807;0;24575.999999999996;0;
1690728808;0;53247.99999999999;0;
1690728809;0;45055.99999999999;0;0
1690728810;0;81919.99999999999;0;7903.233691164328
1690728811;0;53247.99999999999;0;0
1690728812;0;86015.99999999999;0;176160768
1690728813;0;53247.99999999999;0;18784256
1690728814;0;69631.99999999999;139264;157413376
1690728815;0;24575.999999999996;0;128135168
1690728816;0;24575.999999999996;0;0
1690728817;0;45055.99999999999;0;0
1690728818;0;69631.99999999999;0;248197120
1690728819;0;4095.9999999999995;16384;55726080
1690728820;0;81919.99999999999;0;88121344
1690728821;0;28671.999999999996;0;43913216
1690728822;0;45055.99999999999;0;0
1690728823;0;28671.999999999996;0;392298496
1690728824;0;98303.99999999999;0;0
1690728825;0;90111.99999999999;0;88125440
1690728826;0;0;0;47845376
1690728827;0;28671.999999999996;0;0
1690728828;0;77823.99999999999;0;0
1690728829;0;45055.99999999999;0;384172032
1690728830;0;45055.99999999999;0;48443392
1690728831;0;0;0;0
1690728832;0;114687.99999999999;0;0
1690728833;0;24575.999999999996;20480;572129280
1690728834;0;69631.99999999999;0;0
1690728835;0;32767.999999999996;0;45056
1690728836;0;28671.999999999996;0;32018432
1690728837;0;40959.99999999999;0;13500416
1690728838;0;28671.999999999996;0;94773248
1690728839;0;110591.99999999999;0;2625536
1690728840;0;0;0;551624704
1690728841;0;20479.999999999996;0;65536
1690728842;0;53247.99999999999;0;0
1690728843;0;28671.999999999996;0;53420032
1690728844;0;36863.99999999999;0;0
1690728845;0;32767.999999999996;0;34697216
1690728846;0;270335.99999999994;0;330293248
1690728847;0;24575.999999999996;0;0
1690728848;0;86015.99999999999;0;0
1690728849;0;24575.999999999996;0;176160768
1690728850;0;65535.99999999999;0;88080384
1690728851;0;24575.999999999996;0;44376064
1690728852;0;8191.999999999999;0;0
1690728853;0;49151.99999999999;0;0
1690728854;0;61439.99999999999;0;0
1690728855;0;28671.999999999996;0;169807872
1690728856;0;20479.999999999996;0;270921728
1690728857;0;77823.99999999999;0;0
1690728858;0;57343.99999999999;147456;331272192
1690728859;0;53247.99999999999;0;47792128
1690728860;0;73727.99999999999;0;88080384
1690728861;0;98303.99999999999;0;43368448
1690728862;0;53247.99999999999;0;0
1690728863;0;40959.99999999999;40960;0
1690728864;0;86015.99999999999;0;309256192
1690728865;0;24575.999999999996;0;356319232
1690728866;0;36863.99999999999;0;61440
1690728867;0;24575.999999999996;0;0
1690728868;0;57343.99999999999;0;
1690728869;0;53247.99999999999;0;
1690728870;0;45055.99999999999;0;
1690728871;0;53247.99999999999;0;0
1690728872;0;20479.999999999996;0;0
1690728873;0;61439.99999999999;0;88080384
1690728874;0;24575.999999999996;0;88113152
1690728875;0;20479.999999999996;0;176160768
1690728876;0;28671.999999999996;0;40960
1690728877;0;106495.99999999999;0;38670336
1690728878;0;98303.99999999999;0;0
1690728879;0;49151.99999999999;0;397541376
1690728880;0;8191.999999999999;0;8048640
1690728881;0;45055.99999999999;0;125726720
1690728882;0;24575.999999999996;0;0
1690728883;0;65535.99999999999;0;0
1690728884;0;40959.99999999999;0;0
1690728885;0;28671.999999999996;0;664489984
1690728886;0;4095.9999999999995;0;49152
1690728887;0;200703.99999999997;0;0
1690728888;0;28671.999999999996;0;42258432
1690728889;0;94207.99999999999;0;0
1690728890;0;57343.99999999999;0;0
1690728891;0;65535.99999999999;0;206917632
1690728892;0;176127.99999999997;0;16470016
1690728893;0;73727.99999999999;0;199823360
1690728894;0;73727.99999999999;0;182493184
1690728895;0;0;0;30216192
1690728896;0;53247.99999999999;0;70234112
1690728897;36864;4095.9999999999995;0;98144256
1690728898;0;159743.99999999997;0;12881920
1690728899;0;49151.99999999999;0;162500608
1690728900;0;176127.99999999997;0;326340608
1690728901;0;28671.999999999996;0;225280
1690728902;8192;53247.99999999999;0;54317056
1690728903;16384;94207.99999999999;327680;0
1690728904;0;40959.99999999999;0;0
1690728905;0;45055.99999999999;4096;161566720
1690728906;0;24575.999999999996;0;473153536
1690728907;0;69631.99999999999;0;111837184
1690728908;8192;102399.99999999999;0;2621440
1690728909;0;49151.99999999999;4096;93859840
1690728910;0;24575.999999999996;0;0
1690728911;0;53247.99999999999;0;0
1690728912;0;0;0;464683008
1690728913;0;24575.999999999996;0;277323776
1690728914;0;49151.99999999999;0;0
1690728915;0;24575.999999999996;0;46026752
1690728916;0;28671.999999999996;0;0
1690728917;0;49151.99999999999;0;15286272
1690728918;0;45055.99999999999;0;504983552
1690728919;0;49151.99999999999;0;182480896
1690728920;0;24575.999999999996;45056;43089920
1690728921;0;73727.99999999999;0;0
1690728922;0;57343.99999999999;0;0
1690728923;0;319487.99999999994;0;0
1690728924;0;110591.99999999999;0;0
1690728925;0;24575.999999999996;0;752537600
1690728926;0;45055.99999999999;0;0
1690728927;0;28671.999999999996;0;52363264
1690728928;0;86015.99999999999;0;191627264
1690728929;0;73727.99999999999;0;13963264
1690728930;0;24575.999999999996;0;308178944
1690728931;0;49151.99999999999;0;110592
1690728932;0;8191.999999999999;0;0
1690728933;0;40959.99999999999;0;146362368
1690728934;4096;12287.999999999998;0;897024
1690728935;12288;45055.99999999999;0;129703936
1690728936;0;32767.999999999996;167936;154877952
1690728937;0;126975.99999999999;4096;110592
1690728938;0;118783.99999999999;0;0
1690728939;0;0;0;811008
1690728940;0;28671.999999999996;0;276926464
1690728941;0;65535.99999999999;0;134426624
1690728942;0;53247.99999999999;0;134217728
1690728943;0;69631.99999999999;0;206110720
1690728944;32768;16383.999999999998;0;142680064
1690728945;0;32767.999999999996;0;48672768
1690728946;0;28671.999999999996;0;0
1690728947;0;28671.999999999996;0;0
1690728948;0;110591.99999999999;0;0
1690728949;8192;28671.999999999996;0;0
1690728950;16384;28671.999999999996;0;0
1690728951;0;77823.99999999999;0;332967936
1690728952;0;32767.999999999996;16384;270176256
1690728953;0;28671.999999999996;0;44843008
1690728954;0;53247.99999999999;0;1236992
1690728955;8192;40959.99999999999;0;385978368
1690728956;0;49151.99999999999;0;95629312
1690728957;0;0;0;0
1690728958;0;86015.99999999999;0;0
1690728959;0;77823.99999999999;0;0
1690728960;0;28671.999999999996;0;0
1690728961;0;36863.99999999999;0;817938432
1690728962;0;77823.99999999999;0;0
1690728963;0;24575.999999999996;0;0
1690728964;0;139263.99999999997;0;200704
1690728965;0;4095.9999999999995;0;193462272
1690728966;0;77823.99999999999;0;124411904
1690728967;0;32767.999999999996;0;0
1690728968;0;110591.99999999999;0;0
1690728969;0;200703.99999999997;0;0
1690728970;0;24575.999999999996;0;308707328
1690728971;0;24575.999999999996;176128;180273152
1690728972;0;69631.99999999999;0;86069248
1690728973;0;32767.999999999996;0;0
1690728974;0;65535.99999999999;0;95830016
1690728975;0;0;0;595734528
1690728976;0;36863.99999999999;0;101666816
1690728977;0;49151.99999999999;0;35516416
1690728978;0;4095.9999999999995;0;8609792
1690728979;0;69631.99999999999;0;0
1690728980;32768;73727.99999999999;0;0
1690728981;0;20479.999999999996;0;50581504
1690728982;0;20479.999999999996;0;194347008
1690728983;0;36863.99999999999;0;142389248
1690728984;0;73727.99999999999;0;284549120
1690728985;8192;28671.999999999996;0;53248
1690728986;16384;86015.99999999999;0;0
1690728987;0;24575.999999999996;0;195956736
1690728988;0;36863.99999999999;0;0
1690728989;0;16383.999999999998;0;272908288
1690728990;0;73727.99999999999;0;0
1690728991;40960;24575.999999999996;0;134279168
1690728992;0;49151.99999999999;20480;67112960
1690728993;0;4095.9999999999995;0;209797120
1690728994;4096;45055.99999999999;147456;91729920
1690728995;0;53247.99999999999;0;104521728
1690728996;0;0;0;156258304
1690728997;16384;61439.99999999999;0;382558208
1690728998;0;24575.999999999996;16384;0
1690728999;0;114687.99999999999;0;4096
1690729000;0;28671.999999999996;0;0
1690729001;0;126975.99999999999;0;359632896
1690729002;0;4095.9999999999995;0;196874240
1690729003;0;45055.99999999999;0;0
1690729004;0;65535.99999999999;0;0
1690729005;0;253951.99999999997;0;293605376
1690729006;0;36863.99999999999;0;168001536
1690729007;0;45055.99999999999;0;8314880
1690729008;0;4095.9999999999995;0;98566144
1690729009;0;61439.99999999999;0;0
1690729010;0;24575.999999999996;0;65888256
1690729011;0;4095.9999999999995;0;232562688
1690729012;0;53247.99999999999;0;151674880
1690729013;0;24575.999999999996;0;4096
1690729014;0;36863.99999999999;0;186044416
1690729015;0;61439.99999999999;0;95641600
1690729016;0;114687.99999999999;0;46452736
1690729017;0;0;0;161677312
1690729018;0;45055.99999999999;0;57753600
1690729019;0;61439.99999999999;0;152170496
1690729020;0;57343.99999999999;0;141602816
1690729021;4096;57343.99999999999;0;348160
1690729022;12288;77823.99999999999;0;0
1690729023;0;77823.99999999999;0;0
1690729024;0;40959.99999999999;0;147415040
1690729025;0;53247.99999999999;0;12046336
1690729026;0;53247.99999999999;0;159514624
1690729027;4096;8191.999999999999;0;57995264
1690729028;0;49151.99999999999;0;0
1690729029;0;36863.99999999999;8192;260919296
1690729030;0;24575.999999999996;0;372178944
1690729031;0;102399.99999999999;0;69632
1690729032;0;24575.999999999996;0;0
1690729033;0;0;0;0
1690729034;0;73727.99999999999;0;46678016
1690729035;0;98303.99999999999;0;0
1690729036;0;53247.99999999999;0;0
1690729037;0;24575.999999999996;0;633012224
1690729038;0;40959.99999999999;0;4096
1690729039;0;24575.999999999996;0;0
1690729040;0;28671.999999999996;0;159424512
1690729041;0;45055.99999999999;0;0
1690729042;0;28671.999999999996;0;159440896
1690729043;0;28671.999999999996;0;44470272
1690729044;0;61439.99999999999;0;0
1690729045;0;28671.999999999996;159744;387547136
1690729046;0;53247.99999999999;0;0
1690729047;0;24575.999999999996;0;83988480
1690729048;0;24575.999999999996;0;53153792
1690729049;0;45055.99999999999;0;0
1690729050;0;45055.99999999999;0;4096
1690729051;0;356351.99999999994;4096;295309312
1690729052;0;24575.999999999996;0;126529536
1690729053;0;32767.999999999996;0;0
1690729054;0;86015.99999999999;0;0
1690729055;0;36863.99999999999;0;385191936
1690729056;0;57343.99999999999;0;32186368
1690729057;0;32767.999999999996;0;0
1690729058;0;77823.99999999999;0;106815488
1690729059;0;4095.9999999999995;0;136138752
1690729060;0;24575.999999999996;0;191758336
1690729061;0;32767.999999999996;0;8151040
1690729062;0;45055.99999999999;0;45772800
1690729063;0;49151.99999999999;0;184320
1690729064;0;126975.99999999999;0;185606144
1690729065;0;49151.99999999999;0;58630144
1690729066;0;122879.99999999999;0;117870592
1690729067;0;65535.99999999999;0;176160768
1690729068;0;24575.999999999996;0;49152
1690729069;0;65535.99999999999;0;51642368
1690729070;0;28671.999999999996;0;0
1690729071;0;28671.999999999996;0;0
1690729072;0;40959.99999999999;0;348069888
1690729073;0;28671.999999999996;0;65937408
1690729074;0;28671.999999999996;0;41680896
1690729075;0;73727.99999999999;0;0
1690729076;0;36863.99999999999;0;394530816
1690729077;0;24575.999999999996;0;0
1690729078;0;28671.999999999996;20480;37789696
1690729079;0;40959.99999999999;0;0
1690729080;0;69631.99999999999;0;0
1690729081;0;0;0;394285056
1690729082;0;53247.99999999999;0;371523584
1690729083;0;24575.999999999996;0;49152
1690729084;0;16383.999999999998;0;0
1690729085;0;61439.99999999999;0;7393280
1690729086;0;204799.99999999997;0;36012032
1690729087;0;8191.999999999999;0;0
1690729088;0;106495.99999999999;0;0
1690729089;0;40959.99999999999;0;331272192
1690729090;0;8191.999999999999;0;57528320
1690729091;0;40959.99999999999;0;299978752
1690729092;0;32767.999999999996;0;127709184
1690729093;0;45055.99999999999;0;0
1690729094;0;57343.99999999999;0;0
1690729095;0;8191.999999999999;0;159444992
1690729096;0;53247.99999999999;0;38551552
1690729097;0;86015.99999999999;0;0
1690729098;0;102399.99999999999;0;393637888
1690729099;0;61439.99999999999;0;0
1690729100;0;4095.9999999999995;0;57966592
1690729101;0;45055.99999999999;0;67506176
1690729102;0;94207.99999999999;0;0
1690729103;0;45055.99999999999;0;76644352
1690729104;0;20479.999999999996;0;37093376
1690729105;0;139263.99999999997;0;1171456
1690729106;0;61439.99999999999;0;371855360
1690729107;0;28671.999999999996;167936;11558912
1690729108;0;131071.99999999999;0;0
1690729109;0;8191.999999999999;0;147488768
1690729110;0;45055.99999999999;0;102400
1690729111;0;65535.99999999999;0;90112
1690729112;0;237567.99999999997;8192;0
1690729113;0;0;24576;0
1690729114;0;94207.99999999999;0;0
1690729115;0;45055.99999999999;0;88264704
1690729116;0;49151.99999999999;0;6270976
1690729117;0;0;0;82800640
1690729118;0;86015.99999999999;0;88301568
1690729119;0;73727.99999999999;0;34586624
1690729120;0;28671.999999999996;0;325308416
1690729121;0;20479.999999999996;0;0
1690729122;0;86015.99999999999;0;16384
1690729123;0;24575.999999999996;0;45056
1690729124;0;65535.99999999999;0;0
1690729125;0;24575.999999999996;0;53248
1690729126;0;28671.999999999996;0;88215552
1690729127;0;118783.99999999999;0;88231936
1690729128;0;73727.99999999999;0;0
1690729129;0;159743.99999999997;0;88080384
1690729130;0;20479.999999999996;0;363175936
1690729131;0;69631.99999999999;0;0
1690729132;0;28671.999999999996;0;0
1690729133;0;20479.999999999996;0;0
1690729134;0;102399.99999999999;0;4096
1690729135;0;24575.999999999996;0;24576
1690729136;0;24575.999999999996;0;88100864
1690729137;0;24575.999999999996;0;0
1690729138;0;73727.99999999999;0;88080384
1690729139;0;151551.99999999997;0;88080384
1690729140;0;28671.999999999996;0;24576
1690729141;0;57343.99999999999;0;36864
1690729142;0;24575.999999999996;0;342282240
1690729143;0;53247.99999999999;0;0
1690729144;0;73727.99999999999;12288;0
1690729145;0;24575.999999999996;0;73728
1690729146;0;4095.9999999999995;0;0
1690729147;0;49151.99999999999;0;88088576
1690729148;0;8191.999999999999;0;0
1690729149;0;122879.99999999999;20480;88137728
1690729150;0;49151.99999999999;0;88104960
1690729151;0;69631.99999999999;0;0
1690729152;0;0;0;88092672
1690729153;0;69631.99999999999;0;75214848
1690729154;0;24575.999999999996;0;285298688
1690729155;0;45055.99999999999;0;40960
1690729156;0;24575.999999999996;0;0
1690729157;0;24575.999999999996;0;0
1690729158;0;86015.99999999999;0;4096
1690729159;0;118783.99999999999;0;0
1690729160;0;57343.99999999999;0;88129536
1690729161;0;24575.999999999996;0;88092672
1690729162;0;49151.99999999999;0;0
1690729163;0;229375.99999999997;0;88080384
1690729164;0;28671.999999999996;0;361828352
1690729165;0;40959.99999999999;0;36864
1690729166;0;61439.99999999999;0;0
1690729167;0;49151.99999999999;0;0
1690729168;0;57343.99999999999;0;4096
1690729169;0;49151.99999999999;0;0
1690729170;0;81919.99999999999;0;88117248
1690729171;0;45055.99999999999;0;4096
1690729172;0;28671.999999999996;20480;88080384
1690729173;0;110591.99999999999;0;88080384
1690729174;0;53247.99999999999;0;0
1690729175;0;40959.99999999999;147456;360357888
1690729176;0;49151.99999999999;0;0
1690729177;0;49151.99999999999;0;36864
1690729178;0;36863.99999999999;0;278528
1690729179;0;53247.99999999999;0;0
1690729180;0;90111.99999999999;24576;69632
1690729181;0;49151.99999999999;0;0
1690729182;0;24575.999999999996;0;0
1690729183;0;49151.99999999999;0;169558016
1690729184;0;12287.999999999998;0;0
1690729185;0;53247.99999999999;0;40960
1690729186;0;24575.999999999996;0;255844352
1690729187;0;69631.99999999999;0;145895424
1690729188;0;57343.99999999999;0;0
1690729189;0;53247.99999999999;0;0
1690729190;0;45055.99999999999;0;40960
1690729191;0;49151.99999999999;0;0
1690729192;0;28671.999999999996;0;4096
1690729193;0;98303.99999999999;0;88256512
1690729194;0;57343.99999999999;0;88080384
1690729195;0;32767.999999999996;0;32768
1690729196;0;45055.99999999999;0;88084480
1690729197;0;53247.99999999999;0;362418176
1690729198;0;114687.99999999999;0;0
1690729199;0;69631.99999999999;0;0
1690729200;0;106495.99999999999;0;32768
1690729201;0;28671.999999999996;0;0
1690729202;0;86015.99999999999;0;0
1690729203;0;28671.999999999996;0;88121344
1690729204;0;204799.99999999997;0;0
1690729205;0;90111.99999999999;0;88109056
1690729206;0;86015.99999999999;0;88092672
1690729207;0;36863.99999999999;0;0
1690729208;0;90111.99999999999;0;362647552
1690729209;0;49151.99999999999;0;0
1690729210;0;24575.999999999996;0;32768
1690729211;0;28671.999999999996;4096;0
1690729212;0;81919.99999999999;0;0
1690729213;0;28671.999999999996;0;315392
1690729214;0;28671.999999999996;0;137867264
1690729215;0;24575.999999999996;0;73728
1690729216;0;73727.99999999999;0;176164864
1690729217;0;24575.999999999996;0;0
1690729218;0;32767.999999999996;0;0
1690729219;0;106495.99999999999;0;330678272
1690729220;0;28671.999999999996;0;33304576
1690729221;0;40959.99999999999;0;0
1690729222;0;110591.99999999999;0;0
1690729223;0;24575.999999999996;0;4096
1690729224;0;40959.99999999999;0;0
1690729225;0;24575.999999999996;0;88195072
1690729226;0;73727.99999999999;0;4096
1690729227;0;57343.99999999999;0;88088576
1690729228;0;57343.99999999999;0;88080384
1690729229;0;28671.999999999996;0;0
1690729230;0;53247.99999999999;0;361111552
1690729231;0;45055.99999999999;0;0
1690729232;0;28671.999999999996;155648;0
1690729233;0;106495.99999999999;4096;0
1690729234;0;40959.99999999999;0;4096
1690729235;0;176127.99999999997;0;12288
1690729236;0;28671.999999999996;0;88080384
1690729237;0;69631.99999999999;0;45649920
1690729238;0;57343.99999999999;0;42446848
1690729239;0;24575.999999999996;20480;88080384
1690729240;0;28671.999999999996;0;7405568
1690729241;0;69631.99999999999;0;102154240
1690729242;0;49151.99999999999;0;318394368
1690729243;0;110591.99999999999;0;0
1690729244;0;40959.99999999999;0;0
1690729245;0;53247.99999999999;0;32768
1690729246;0;8191.999999999999;0;0
1690729247;0;53247.99999999999;0;0
1690729248;0;73727.99999999999;0;88129536
1690729249;0;77823.99999999999;0;242708480
1690729250;0;24575.999999999996;0;21663744
1690729251;0;49151.99999999999;0;966656
1690729252;0;24575.999999999996;0;90112
1690729253;0;122879.99999999999;0;0
1690729254;0;16383.999999999998;0;0
1690729255;0;61439.99999999999;0;0
1690729256;0;0;0;1048576
1690729257;0;53247.99999999999;0;0
1690729258;0;94207.99999999999;0;57344
1690729259;0;53247.99999999999;0;0
1690729260;0;0;0;0
1690729261;0;65535.99999999999;0;0
1690729262;0;49151.99999999999;0;0
1690729263;0;139263.99999999997;151552;45056
1690729264;0;16383.999999999998;0;0
1690729265;0;32767.999999999996;0;0
1690729266;0;24575.999999999996;0;0
1690729267;0;73727.99999999999;0;0
1690729268;0;57343.99999999999;0;0
1690729269;0;32767.999999999996;12288;0
1690729270;0;0;0;0
1690729271;0;49151.99999999999;0;0
1690729272;0;24575.999999999996;0;0
1690729273;0;77823.99999999999;0;0
1690729274;0;40959.99999999999;0;0
1690729275;0;28671.999999999996;0;0
1690729276;0;180223.99999999997;0;0
1690729277;0;98303.99999999999;0;0
1690729278;0;57343.99999999999;0;0
1690729279;0;49151.99999999999;0;0
1690729280;0;65535.99999999999;0;0
1690729281;0;61439.99999999999;0;0
1690729282;0;4095.9999999999995;0;45056
1690729283;0;102399.99999999999;0;0
1690729284;0;86015.99999999999;0;0
1690729285;0;81919.99999999999;0;0
1690729286;0;0;0;0
1690729287;0;53247.99999999999;0;24576
1690729288;0;36863.99999999999;0;0
1690729289;0;69631.99999999999;0;0
1690729290;0;0;0;0
1690729291;0;53247.99999999999;0;0
1690729292;0;0;16384;163840
1690729293;0;73727.99999999999;0;0
1690729294;0;122879.99999999999;20480;0
1690729295;0;49151.99999999999;0;0
1690729296;0;0;0;0
1690729297;0;73727.99999999999;0;0
1690729298;0;36863.99999999999;0;0
1690729299;0;49151.99999999999;0;110592
1690729300;0;0;24576;0
1690729301;0;86015.99999999999;0;0
1690729302;0;24575.999999999996;0;0
1690729303;0;65535.99999999999;0;0
1690729304;0;45055.99999999999;0;0
1690729305;0;77823.99999999999;0;147456
1690729306;0;0;0;0
1690729307;0;188415.99999999997;0;0
1690729308;0;49151.99999999999;0;0
1690729309;0;98303.99999999999;0;0
1690729310;0;0;0;0
1690729311;0;28671.999999999996;20480;45056
1690729312;0;0;0;0
1690729313;0;57343.99999999999;0;0
1690729314;0;61439.99999999999;0;0
1690729315;0;102399.99999999999;0;0
1690729316;0;0;0;1040384
1690729317;0;114687.99999999999;0;1376256
1690729318;0;32767.999999999996;0;0
1690729319;0;57343.99999999999;0;0
1690729320;0;0;0;0
1690729321;0;49151.99999999999;0;4182016
1690729322;0;0;0;0
1690729323;0;81919.99999999999;0;0
1690729324;0;122879.99999999999;4096;0
1690729325;0;372735.99999999994;1048576;0
1690729326;0;49151.99999999999;0;0
1690729327;0;53247.99999999999;0;12288
1690729328;0;57343.99999999999;0;0
1690729329;0;77823.99999999999;0;0
1690729330;0;0;176128;4763648
1690729331;0;49151.99999999999;0;0
1690729332;0;278527.99999999994;0;126976
1690729333;0;151551.99999999997;0;0
1690729334;0;20479.999999999996;0;0
1690729335;0;143359.99999999997;0;0
1690729336;0;0;0;0
1690729337;0;425983.99999999994;0;106496
1690729338;0;688127.9999999999;0;0
1690729339;0;184319.99999999997;0;0
1690729340;0;98303.99999999999;0;0
1690729341;0;36863.99999999999;0;0
1690729342;0;188415.99999999997;0;0
1690729343;0;40959.99999999999;0;0
1690729344;0;16383.999999999998;0;0
1690729345;0;503807.99999999994;0;0
1690729346;0;0;0;0
1690729347;0;409599.99999999994;0;0
1690729348;0;1794047.9999999998;0;0
1690729349;0;65535.99999999999;0;0
1690729350;0;192511.99999999997;0;4096
1690729351;0;86015.99999999999;0;0
1690729352;0;24575.999999999996;0;0
1690729353;0;49151.99999999999;0;0
1690729354;0;16383.999999999998;0;0
1690729355;0;36863.99999999999;0;0
1690729356;0;45055.99999999999;307200;4096
1690729357;0;28671.999999999996;0;0
1690729358;0;65535.99999999999;0;0
1690729359;0;69631.99999999999;0;0
1690729360;0;0;0;0
1690729361;0;28671.999999999996;94208;1196032
1690729362;0;24575.999999999996;24576;0
1690729363;0;8191.999999999999;0;0
1690729364;0;57343.99999999999;0;0
1690729365;0;20479.999999999996;0;0
1690729366;0;73727.99999999999;0;368640
1690729367;0;4095.9999999999995;0;0
1690729368;0;368639.99999999994;0;0
1690729369;0;4095.9999999999995;0;0
1690729370;0;24575.999999999996;0;0
1690729371;0;4095.9999999999995;0;12288
1690729372;0;106495.99999999999;0;0
1690729373;0;24575.999999999996;0;0
1690729374;0;45055.99999999999;0;0
1690729375;0;0;0;0
1690729376;0;102399.99999999999;0;0
1690729377;0;0;0;0
1690729378;0;233471.99999999997;0;0
1690729379;0;24575.999999999996;0;0
1690729380;0;69631.99999999999;0;0
1690729381;0;0;0;0
1690729382;0;49151.99999999999;0;0
1690729383;0;32767.999999999996;0;0
1690729384;0;86015.99999999999;0;0
1690729385;0;0;0;0
1690729386;0;102399.99999999999;0;0
1690729387;0;0;0;0
1690729388;0;102399.99999999999;0;0
1690729389;0;24575.999999999996;0;0
1690729390;0;106495.99999999999;0;0
1690729391;0;0;0;0
1690729392;0;49151.99999999999;0;0
1690729393;0;32767.999999999996;16384;0
1690729394;0;77823.99999999999;0;0
1690729395;0;0;0;0
1690729396;0;77823.99999999999;20480;0
1690729397;0;24575.999999999996;0;0
1690729398;0;102399.99999999999;0;12288
1690729399;0;24575.999999999996;0;0
1690729400;0;53247.99999999999;0;0
1690729401;0;0;0;0
1690729402;0;69631.99999999999;0;8192
1690729403;0;24575.999999999996;0;0
1690729404;0;90111.99999999999;0;0
1690729405;0;0;0;0
1690729406;0;69631.99999999999;0;0
1690729407;0;57343.99999999999;0;0
1690729408;0;118783.99999999999;0;0
1690729409;0;28671.999999999996;0;0
1690729410;0;49151.99999999999;0;0
1690729411;0;0;0;0
1690729412;0;81919.99999999999;0;0
1690729413;0;4095.9999999999995;0;0
1690729414;0;126975.99999999999;0;0
1690729415;0;28671.999999999996;0;0
1690729416;0;53247.99999999999;0;0
1690729417;0;81919.99999999999;0;0
1690729418;0;36863.99999999999;0;0
1690729419;0;81919.99999999999;0;0
1690729420;0;53247.99999999999;20480;0
1690729421;0;65535.99999999999;0;20480
1690729422;0;81919.99999999999;0;0
1690729423;0;57343.99999999999;143360;0
1690729424;0;65535.99999999999;0;0
1690729425;0;0;0;0
1690729426;0;77823.99999999999;0;0
1690729427;0;28671.999999999996;0;0
1690729428;0;61439.99999999999;12288;20480
1690729429;0;294911.99999999994;4096;0
1690729430;0;102399.99999999999;0;0
1690729431;0;32767.999999999996;0;0
1690729432;0;86015.99999999999;0;1024000
1690729433;4096;139263.99999999997;0;2457600
1690729434;0;102399.99999999999;0;32354304
1690729435;0;135167.99999999997;0;892928
1690729436;0;65535.99999999999;0;182681600
1690729437;0;57343.99999999999;0;125165568
1690729438;57344;196607.99999999997;0;56868864
1690729439;0;69631.99999999999;0;134815744
1690729440;0;212991.99999999997;0;182452224
1690729441;0;28671.999999999996;0;626688
1690729442;0;90111.99999999999;0;111628288
1690729443;8192;81919.99999999999;0;212860928
1690729444;24576;24575.999999999996;0;56864768
1690729445;0;94207.99999999999;0;117702656
1690729446;0;131071.99999999999;0;54558720
1690729447;0;69631.99999999999;0;107241472
1690729448;0;94207.99999999999;0;201318400
1690729449;24576;126975.99999999999;0;130252800
1690729450;0;0;0;177209344
1690729451;0;32767.999999999996;0;0
1690729452;0;0;0;276045824
1690729453;0;49151.99999999999;0;0
1690729454;0;36863.99999999999;0;57954304
1690729455;16384;61439.99999999999;0;128204800
1690729456;0;36863.99999999999;0;4096
1690729457;0;0;0;0
1690729458;0;110591.99999999999;0;510922752
1690729459;0;36863.99999999999;0;9023488
1690729460;0;49151.99999999999;0;120586240
1690729461;0;36863.99999999999;0;64172032
1690729462;0;0;0;83886080
1690729463;0;49151.99999999999;0;161480704
1690729464;0;16383.999999999998;0;141668352
1690729465;0;90111.99999999999;0;109051904
1690729466;12288;24575.999999999996;0;207687680
1690729467;0;49151.99999999999;0;0
1690729468;0;53247.99999999999;0;124149760
1690729469;0;45055.99999999999;0;110206976
1690729470;0;73727.99999999999;0;125829120
1690729471;4096;24575.999999999996;0;0
1690729472;0;57343.99999999999;0;204214272
1690729473;0;49151.99999999999;0;121479168
1690729474;0;4095.9999999999995;0;177328128
1690729475;0;40959.99999999999;180224;115605504
1690729476;0;184319.99999999997;0;0
1690729477;0;77823.99999999999;0;138305536
1690729478;0;53247.99999999999;0;257810432
1690729479;0;61439.99999999999;0;110592
1690729480;0;36863.99999999999;0;56623104
1690729481;0;45055.99999999999;0;65540096
1690729482;0;90111.99999999999;20480;443072512
1690729483;0;24575.999999999996;0;0
1690729484;0;24575.999999999996;0;110592
1690729485;0;32767.999999999996;0;115605504
1690729486;0;90111.99999999999;0;0
1690729487;0;65535.99999999999;0;248254464
1690729488;0;28671.999999999996;0;208666624
1690729489;0;81919.99999999999;0;122880
1690729490;0;49151.99999999999;0;103784448
1690729491;0;4095.9999999999995;0;0
1690729492;0;94207.99999999999;0;290623488
1690729493;0;24575.999999999996;0;248573952
1690729494;0;24575.999999999996;0;114688
1690729495;0;20479.999999999996;0;75476992
1690729496;0;36863.99999999999;0;0
1690729497;0;106495.99999999999;0;0
1690729498;0;4095.9999999999995;0;327180288
1690729499;0;69631.99999999999;0;260161536
1690729500;0;36863.99999999999;0;0
1690729501;0;266239.99999999994;0;108810240
1690729502;0;57343.99999999999;0;0
1690729503;0;24575.999999999996;0;238292992
1690729504;0;40959.99999999999;0;242368512
1690729505;0;77823.99999999999;0;0
1690729506;0;135167.99999999997;16384;107999232
1690729507;0;69631.99999999999;0;160722944
1690729508;0;4095.9999999999995;40960;264318976
1690729509;0;57343.99999999999;0;147456
1690729510;0;28671.999999999996;0;0
1690729511;0;102399.99999999999;266240;108527616
1690729512;0;4095.9999999999995;0;167251968
1690729513;0;73727.99999999999;0;161480704
1690729514;0;16383.999999999998;0;116748288
1690729515;0;32767.999999999996;0;0
1690729516;0;20479.999999999996;0;180097024
1690729517;0;28671.999999999996;12288;339804160
1690729518;0;61439.99999999999;0;0
1690729519;0;90111.99999999999;0;114688
1690729520;0;20479.999999999996;0;131461120
1690729521;0;24575.999999999996;0;0
1690729522;0;57343.99999999999;0;241836032
1690729523;0;4095.9999999999995;0;217096192
1690729524;0;45055.99999999999;0;0
1690729525;0;24575.999999999996;0;76009472
1690729526;0;0;0;163012608
1690729527;32768;86015.99999999999;0;133173248
1690729528;0;32767.999999999996;0;206630912
1690729529;0;61439.99999999999;0;174063616
1690729530;0;24575.999999999996;0;66871296
1690729531;0;4095.9999999999995;0;132374528
1690729532;0;348159.99999999994;0;217042944
1690729533;45056;8191.999999999999;0;77012992
1690729534;0;114687.99999999999;0;241938432
1690729535;0;0;0;214237184
1690729536;0;49151.99999999999;12288;2621440
1690729537;0;12287.999999999998;0;229896192
1690729538;28672;61439.99999999999;0;210337792
1690729539;0;40959.99999999999;0;129269760
1690729540;0;45055.99999999999;0;0
1690729541;0;49151.99999999999;0;0
1690729542;0;118783.99999999999;57344;634769408
1690729543;0;86015.99999999999;0;113967104
1690729544;8192;65535.99999999999;0;102436864
1690729545;0;24575.999999999996;0;0
1690729546;0;24575.999999999996;0;0
1690729547;0;114687.99999999999;0;0
1690729548;0;94207.99999999999;0;128765952
1690729549;0;28671.999999999996;0;631975936
1690729550;0;49151.99999999999;0;1310720
1690729551;0;0;0;30371840
1690729552;0;49151.99999999999;0;92532736
1690729553;0;77823.99999999999;0;0
1690729554;0;45055.99999999999;0;496672768
1690729555;0;24575.999999999996;0;109228032
1690729556;0;28671.999999999996;0;0
1690729557;0;73727.99999999999;0;0
1690729558;0;57343.99999999999;20480;525189120
1690729559;0;65535.99999999999;0;169140224
1690729560;0;32767.999999999996;0;84791296
1690729561;0;45055.99999999999;0;0
1690729562;0;65535.99999999999;0;0
1690729563;0;61439.99999999999;0;0
1690729564;0;65535.99999999999;0;475058176
1690729565;0;24575.999999999996;0;278773760
1690729566;0;32767.999999999996;0;0
1690729567;0;28671.999999999996;20480;4096
1690729568;0;36863.99999999999;0;306520064
1690729569;0;65535.99999999999;0;159588352
1690729570;0;0;0;50982912
1690729571;0;32767.999999999996;0;0
1690729572;0;20479.999999999996;0;104050688
1690729573;0;135167.99999999997;28672;407072768
1690729574;0;69631.99999999999;0;207642624
1690729575;0;24575.999999999996;0;65159168
1690729576;0;61439.99999999999;0;31137792
1690729577;0;53247.99999999999;0;0
1690729578;0;249855.99999999997;0;0
1690729579;0;106495.99999999999;0;632606720
1690729580;0;24575.999999999996;0;49967104
1690729581;0;24575.999999999996;0;0
1690729582;0;24575.999999999996;0;0
1690729583;0;57343.99999999999;143360;0
1690729584;0;94207.99999999999;0;233402368
1690729585;0;45055.99999999999;0;476090368
1690729586;0;0;0;0
1690729587;0;77823.99999999999;0;183742464
1690729588;0;28671.999999999996;8192;159588352
1690729589;0;86015.99999999999;4096;192221184
1690729590;0;28671.999999999996;0;55119872
1690729591;0;36863.99999999999;0;0
1690729592;0;45055.99999999999;0;95674368
1690729593;0;0;0;650838016
1690729594;0;53247.99999999999;20480;0
1690729595;0;57343.99999999999;12288;86814720
1690729596;0;45055.99999999999;0;0
1690729597;0;0;0;0
1690729598;0;45055.99999999999;0;0
1690729599;0;69631.99999999999;0;416391168
1690729600;0;28671.999999999996;0;285929472
1690729601;32768;45055.99999999999;0;37552128
1690729602;0;0;0;0
1690729603;0;49151.99999999999;0;0
1690729604;0;24575.999999999996;0;501444608
1690729605;0;98303.99999999999;0;43778048
1690729606;40960;49151.99999999999;0;0
1690729607;0;4095.9999999999995;0;158134272
1690729608;0;28671.999999999996;0;205299712
1690729609;0;188415.99999999997;0;58101760
1690729610;0;24575.999999999996;0;206286848
1690729611;24576;61439.99999999999;0;86499328
1690729612;0;0;0;270598144
1690729613;4096;28671.999999999996;0;99082240
1690729614;0;40959.99999999999;0;0
1690729615;0;69631.99999999999;0;227000320
1690729616;0;53247.99999999999;0;175153152
1690729617;4096;24575.999999999996;0;90112
1690729618;12288;32767.999999999996;0;49709056
1690729619;0;303103.99999999994;12288;209661952
1690729620;0;32767.999999999996;0;297369600
1690729621;0;45055.99999999999;0;30007296
1690729622;0;32767.999999999996;0;157208576
1690729623;4096;24575.999999999996;0;0
1690729624;0;36863.99999999999;0;0
1690729625;0;53247.99999999999;0;0
1690729626;0;73727.99999999999;0;474906624
1690729627;0;24575.999999999996;0;323903488
1690729628;0;32767.999999999996;0;0
1690729629;0;45055.99999999999;20480;0
1690729630;0;77823.99999999999;0;0
1690729631;0;90111.99999999999;0;0
1690729632;0;32767.999999999996;0;659619840
1690729633;0;32767.999999999996;0;65933312
1690729634;0;53247.99999999999;0;90923008
1690729635;0;57343.99999999999;16384;0
1690729636;0;61439.99999999999;0;88088576
1690729637;0;28671.999999999996;0;176230400
1690729638;4096;57343.99999999999;0;43626496
1690729639;12288;86015.99999999999;0;281726976
1690729640;0;49151.99999999999;0;0
1690729641;0;81919.99999999999;0;101642240
1690729642;0;32767.999999999996;0;139063296
1690729643;0;24575.999999999996;0;303104
1690729644;4096;94207.99999999999;0;252977152
1690729645;0;24575.999999999996;0;0
1690729646;0;49151.99999999999;0;122195968
1690729647;0;61439.99999999999;0;82268160
1690729648;0;49151.99999999999;0;0
1690729649;0;40959.99999999999;0;52183040
1690729650;0;221183.99999999997;0;306221056
1690729651;0;282623.99999999994;0;101859328
1690729652;0;65535.99999999999;0;0
1690729653;0;65535.99999999999;20480;154554368
1690729654;0;40959.99999999999;0;170110976
1690729655;0;167935.99999999997;0;9617408
1690729656;0;61439.99999999999;0;152158208
1690729657;0;53247.99999999999;0;9359360
1690729658;0;53247.99999999999;0;194330624
1690729659;0;36863.99999999999;151552;79486976
1690729660;36864;24575.999999999996;0;203362304
1690729661;0;57343.99999999999;0;94208
1690729662;0;73727.99999999999;0;257499136
1690729663;0;24575.999999999996;0;92905472
1690729664;0;94207.99999999999;0;126664704
1690729665;24576;24575.999999999996;4096;302542848
1690729666;0;28671.999999999996;0;16384
1690729667;0;81919.99999999999;0;197517312
1690729668;0;36863.99999999999;0;176160768
1690729669;0;49151.99999999999;0;156278784
1690729670;0;65535.99999999999;0;356945920
1690729671;8192;65535.99999999999;0;0
1690729672;0;73727.99999999999;0;51662848
1690729673;0;0;0;0
1690729674;0;45055.99999999999;0;32153600
1690729675;0;0;0;714252288
1690729676;0;45055.99999999999;0;0
1690729677;0;32767.999999999996;0;28762112
1690729678;0;4095.9999999999995;0;0
1690729679;0;86015.99999999999;0;90337280
1690729680;0;16383.999999999998;0;445075456
1690729681;0;36863.99999999999;0;51814400
1690729682;0;53247.99999999999;0;0
1690729683;0;53247.99999999999;0;380338176
1690729684;4096;57343.99999999999;0;0
1690729685;12288;24575.999999999996;0;82874368
1690729686;0;110591.99999999999;0;176455680
1690729687;0;28671.999999999996;0;28872704
1690729688;0;81919.99999999999;0;276201472
1690729689;0;73727.99999999999;0;0
1690729690;4096;28671.999999999996;0;161320960
1690729691;0;196607.99999999997;0;155648
1690729692;0;28671.999999999996;0;52137984
1690729693;0;81919.99999999999;0;0
1690729694;0;53247.99999999999;0;0
1690729695;0;53247.99999999999;0;299126784
1690729696;0;24575.999999999996;0;135098368
1690729697;0;45055.99999999999;0;0
1690729698;0;32767.999999999996;0;238755840
1690729699;0;73727.99999999999;0;0
1690729700;0;0;0;270266368
1690729701;0;61439.99999999999;0;37822464
1690729702;0;61439.99999999999;0;102830080
1690729703;0;24575.999999999996;0;130658304
1690729704;0;61439.99999999999;0;152838144
1690729705;0;0;0;45293568
1690729706;0;57343.99999999999;0;67899392
1690729707;0;24575.999999999996;0;101482496
1690729708;0;61439.99999999999;0;176160768
1690729709;0;61439.99999999999;0;154947584
1690729710;0;49151.99999999999;0;0
1690729711;0;0;0;88145920
1690729712;0;24575.999999999996;0;51318784
1690729713;0;69631.99999999999;0;0
1690729714;0;61439.99999999999;0;301006848
1690729715;0;86015.99999999999;0;348438528
1690729716;0;20479.999999999996;0;73728
1690729717;0;32767.999999999996;0;0
1690729718;0;28671.999999999996;20480;25550848
1690729719;0;61439.99999999999;0;0
1690729720;0;32767.999999999996;0;238727168
1690729721;0;53247.99999999999;0;347963392
1690729722;0;24575.999999999996;0;4096
1690729723;0;24575.999999999996;0;0
1690729724;0;122879.99999999999;0;176431104
1690729725;0;24575.999999999996;0;0
1690729726;0;57343.99999999999;0;87592960
1690729727;0;69631.99999999999;0;86466560
1690729728;0;163839.99999999997;0;262270976
1690729729;0;24575.999999999996;0;0
1690729730;0;24575.999999999996;0;68386816
1690729731;0;81919.99999999999;0;176234496
1690729732;0;12287.999999999998;0;52465664
1690729733;0;45055.99999999999;0;0
1690729734;0;57343.99999999999;0;0
1690729735;0;49151.99999999999;0;379777024
1690729736;0;24575.999999999996;0;2543616
1690729737;0;69631.99999999999;20480;133533696
1690729738;0;53247.99999999999;0;0
1690729739;0;53247.99999999999;0;298602496
1690729740;0;57343.99999999999;0;39845888
1690729741;0;28671.999999999996;0;66080768
1690729742;0;192511.99999999997;0;157929472
1690729743;0;24575.999999999996;139264;339005440
1690729744;0;69631.99999999999;0;0
1690729745;0;24575.999999999996;0;0
1690729746;0;28671.999999999996;0;88190976
1690729747;0;40959.99999999999;0;0
1690729748;0;122879.99999999999;12288;99721216
1690729749;0;49151.99999999999;4096;443813888
1690729750;0;61439.99999999999;0;0
1690729751;0;24575.999999999996;0;49152
1690729752;0;45055.99999999999;0;54317056
1690729753;0;28671.999999999996;0;0
1690729754;0;81919.99999999999;0;14536704
1690729755;0;32767.999999999996;0;283586560
1690729756;0;20479.999999999996;0;44273664
1690729757;0;110591.99999999999;0;52588544
1690729758;0;4095.9999999999995;0;251002880
1690729759;0;73727.99999999999;0;36798464
1690729760;0;0;0;47845376
1690729761;0;40959.99999999999;0;340373504
1690729762;0;49151.99999999999;0;118784
1690729763;0;12287.999999999998;0;0
1690729764;0;69631.99999999999;0;88109056
1690729765;0;24575.999999999996;0;176160768
1690729766;0;86015.99999999999;0;190115840
1690729767;0;32767.999999999996;0;169943040
1690729768;0;155647.99999999997;0;0
1690729769;0;110591.99999999999;0;0
1690729770;0;36863.99999999999;0;32952320
1690729771;0;32767.999999999996;0;231374848
1690729772;0;24575.999999999996;0;88219648
1690729773;0;73727.99999999999;0;0
1690729774;0;40959.99999999999;0;344002560
1690729775;0;106495.99999999999;0;0
1690729776;0;28671.999999999996;0;172630016
1690729777;0;24575.999999999996;0;81920
1690729778;0;172031.99999999997;0;46272512
1690729779;0;28671.999999999996;0;0
1690729780;0;86015.99999999999;0;74440704
1690729781;0;0;0;303382528
1690729782;0;24575.999999999996;0;176226304
1690729783;0;32767.999999999996;0;47288320
1690729784;0;45055.99999999999;0;0
1690729785;0;90111.99999999999;0;0
1690729786;0;0;0;384540672
1690729787;0;24575.999999999996;0;21655552
1690729788;0;57343.99999999999;20480;33128448
1690729789;0;110591.99999999999;0;0
1690729790;0;32767.999999999996;0;578375680
1690729791;0;45055.99999999999;0;0
1690729792;0;57343.99999999999;0;61440
1690729793;0;24575.999999999996;0;51703808
1690729794;0;53247.99999999999;0;62210048
1690729795;0;77823.99999999999;0;121376768
1690729796;0;69631.99999999999;0;236400640
1690729797;0;28671.999999999996;0;82952192
1690729798;0;69631.99999999999;0;53485568
1690729799;0;73727.99999999999;0;88080384
1690729800;0;24575.999999999996;0;164245504
1690729801;0;98303.99999999999;0;245112832
1690729802;0;24575.999999999996;0;110592
1690729803;0;114687.99999999999;0;0
1690729804;0;4095.9999999999995;0;47579136
1690729805;0;77823.99999999999;0;109682688
1690729806;0;86015.99999999999;0;385724416
1690729807;0;24575.999999999996;0;49152
1690729808;0;28671.999999999996;0;0
1690729809;0;40959.99999999999;0;37830656
1690729810;0;135167.99999999997;0;120115200
1690729811;0;49151.99999999999;0;383647744
1690729812;0;36863.99999999999;0;61440
