Time;{instance="10.231.0.208:9100"};{instance="192.168.221.10:9100"};{instance="192.168.221.11:9100"};{instance="192.168.221.12:9100"}
1690728312;0;0;0;0
1690728313;0;0;0;0
1690728314;0;0;0;376832
1690728315;33947648;0;0;5689344
1690728316;99487744;0;0;733184
1690728317;116129792;0;0;270336
1690728318;134635520;0;0;114688
1690728319;117440512;0;0;1036288
1690728320;117440512;0;0;0
1690728321;109051904;0;0;364544
1690728322;121634816;0;0;200704
1690728323;113184768;0;0;118784
1690728324;117768192;0;0;131072
1690728325;117510144;0;0;339968
1690728326;117440512;0;0;1232896
1690728327;117440512;0;0;131072
1690728328;117440512;0;0;0
1690728329;80072704;0;0;0
1690728330;81408000;0;0;438272
1690728331;113061888;0;0;512000
1690728332;110362624;0;0;102400
1690728333;119042048;0;0;0
1690728334;126005248;0;0;90112
1690728335;100663296;0;0;548864
1690728336;121634816;0;0;0
1690728337;119058432;0;0;0
1690728338;111734784;0;0;0
1690728339;121634816;0;0;0
1690728340;109051904;0;0;0
1690728341;117440512;0;0;0
1690728342;111673344;0;0;0
1690728343;119013376;0;0;0
1690728344;108527616;0;0;0
1690728345;118079488;0;0;0
1690728346;121634816;0;0;0
1690728347;117440512;0;0;0
1690728348;113246208;0;0;1142784
1690728349;121634816;0;0;217088
1690728350;109051904;0;0;0
1690728351;121634816;0;0;0
1690728352;121634816;0;0;94208
1690728353;104857600;0;0;2478080
1690728354;122175488;0;0;262144
1690728355;117964800;0;0;73728
1690728356;112197632;0;0;49152
1690728357;119640064;0;0;258048
1690728358;112480256;0;0;339968
1690728359;117440512;0;0;270336
1690728360;120061952;0;0;0
1690728361;106504192;0;0;0
1690728362;121634816;0;0;24576
1690728363;113246208;0;0;102400
1690728364;115867648;0;0;638976
1690728365;110624768;0;0;0
1690728366;121692160;0;0;77824
1690728367;117440512;0;0;0
1690728368;112971776;0;0;28672
1690728369;117313536;0;0;49152
1690728370;110624768;0;0;0
1690728371;121212928;0;0;0
1690728372;105586688;0;0;0
1690728373;109740032;0;0;131072
1690728374;106250240;0;0;204800
1690728375;720896;0;0;53248
1690728376;0;0;0;159744
1690728377;0;0;0;61440
1690728378;6176768;0;0;0
1690728379;71303168;0;0;28585984
1690728380;58720256;0;0;52678656
1690728381;68419584;0;0;47046656
1690728382;85196800;0;0;46739456
1690728383;85458944;0;0;39501824
1690728384;90456064;0;0;40730624
1690728385;92274688;0;0;44453888
1690728386;75497472;0;0;49119232
1690728387;25165824;0;0;13729792
1690728388;100663296;0;0;27983872
1690728389;101974016;0;0;41664512
1690728390;100663296;0;0;40857600
1690728391;103284736;0;0;37879808
1690728392;41943040;0;0;37781504
1690728393;0;0;0;3502080
1690728394;21676032;0;0;6455296
1690728395;0;0;0;54800384
1690728396;0;0;0;51908608
1690728397;0;0;0;60555264
1690728398;0;0;0;58593280
1690728399;0;0;0;61083648
1690728400;0;0;0;64425984
1690728401;0;0;0;58200064
1690728402;0;0;0;56233984
1690728403;0;0;0;65474560
1690728404;0;0;0;57942016
1690728405;0;0;0;63377408
1690728406;0;0;0;63172608
1690728407;0;0;0;47452160
1690728408;0;0;0;61845504
1690728409;0;0;0;58073088
1690728410;0;0;0;63619072
1690728411;0;0;0;63152128
1690728412;0;0;0;61292544
1690728413;0;0;0;58851328
1690728414;0;0;0;55123968
1690728415;0;0;0;62652416
1690728416;0;0;0;63434752
1690728417;0;0;0;61366272
1690728418;0;0;0;59117568
1690728419;0;0;0;33554432
1690728420;0;0;0;61583360
1690728421;0;0;0;61014016
1690728422;0;0;0;62935040
1690728423;0;0;0;58470400
1690728424;0;0;0;20262912
1690728425;0;0;0;0
1690728426;0;0;0;59117568
1690728427;0;0;0;58900480
1690728428;0;0;0;62783488
1690728429;0;0;0;58892288
1690728430;0;0;0;60301312
1690728431;0;0;0;63045632
1690728432;0;0;0;53530624
1690728433;0;0;0;47484928
1690728434;0;0;0;66023424
1690728435;0;0;0;59539456
1690728436;0;0;0;63700992
1690728437;0;0;0;63307776
1690728438;0;0;0;45572096
1690728439;0;0;0;57290752
1690728440;0;0;0;65269760
1690728441;0;0;0;61976576
1690728442;380928;0;0;61128704
1690728443;0;0;0;60059648
1690728444;0;0;0;60227584
1690728445;0;0;0;57679872
1690728446;0;0;0;55455744
1690728447;0;0;0;61812736
1690728448;0;0;0;59985920
1690728449;0;0;0;63180800
1690728450;0;0;0;60948480
1690728451;0;0;0;51654656
1690728452;0;0;0;62889984
1690728453;0;0;0;55709696
1690728454;0;0;0;61341696
1690728455;0;0;0;62914560
1690728456;0;0;0;58601472
1690728457;0;0;0;61042688
1690728458;0;0;0;58380288
1690728459;0;0;0;55717888
1690728460;0;0;0;63569920
1690728461;0;0;0;61751296
1690728462;0;0;0;61767680
1690728463;0;0;0;52879360
1690728464;0;0;0;20660224
1690728465;0;0;0;126976
1690728466;0;0;0;39059456
1690728467;0;0;0;56107008
1690728468;245760;0;0;61997056
1690728469;0;0;0;63176704
1690728470;0;0;0;61476864
1690728471;0;0;0;59510784
1690728472;0;0;0;61083648
1690728473;0;0;0;50761728
1690728474;0;0;0;62787584
1690728475;0;0;0;54013952
1690728476;0;0;0;61865984
1690728477;0;0;0;63844352
1690728478;0;0;0;56893440
1690728479;0;0;0;56373248
1690728480;0;0;0;64225280
1690728481;0;0;0;65404928
1690728482;0;0;0;56098816
1690728483;0;0;0;50036736
1690728484;0;0;0;61800448
1690728485;0;0;0;55156736
1690728486;0;0;0;54538240
1690728487;0;0;0;64356352
1690728488;0;0;0;61603840
1690728489;0;0;0;62521344
1690728490;0;0;0;62914560
1690728491;0;0;0;59117568
1690728492;0;0;0;63619072
1690728493;0;0;0;49156096
1690728494;0;0;0;52699136
1690728495;0;0;0;62259200
1690728496;0;0;0;64618496
1690728497;0;0;0;46403584
1690728498;0;0;0;59731968
1690728499;0;0;0;21749760
1690728500;0;0;0;62070784
1690728501;0;0;0;53825536
1690728502;0;0;0;62390272
1690728503;0;0;0;60297216
1690728504;0;0;0;55136256
1690728505;0;0;0;22474752
1690728506;0;0;0;5169152
1690728507;0;0;0;0
1690728508;368640;0;0;33927168
1690728509;72613888;0;0;46768128
1690728510;83886080;0;0;26218496
1690728511;92274688;0;0;25325568
1690728512;88080384;0;0;21499904
1690728513;79691776;0;0;20611072
1690728514;75112448;0;0;24596480
1690728515;83886080;0;0;18325504
1690728516;83886080;0;0;14290944
1690728517;54525952;0;0;25792512
1690728518;89391104;0;0;15474688
1690728519;82575360;0;0;21581824
1690728520;92274688;0;0;27455488
1690728521;71303168;0;0;11931648
1690728522;76181504;0;0;16588800
1690728523;0;0;0;29937664
1690728524;0;0;0;31301632
1690728525;0;0;0;30932992
1690728526;0;0;0;30072832
1690728527;0;0;0;30674944
1690728528;0;0;0;31744000
1690728529;0;0;0;30941184
1690728530;0;0;0;30466048
1690728531;0;0;0;25104384
1690728532;0;0;0;30146560
1690728533;0;0;0;26746880
1690728534;0;0;0;23867392
1690728535;0;0;0;31850496
1690728536;0;0;0;32407552
1690728537;0;0;0;30789632
1690728538;0;0;0;32112640
1690728539;0;0;0;39161856
1690728540;0;0;0;61153280
1690728541;0;0;0;63348736
1690728542;0;0;0;33300480
1690728543;0;0;0;62263296
1690728544;0;0;0;61423616
1690728545;0;0;0;48504832
1690728546;0;0;0;61607936
1690728547;0;0;0;63307776
1690728548;0;0;0;58064896
1690728549;0;0;0;60493824
1690728550;0;0;0;53280768
1690728551;0;0;0;33181696
1690728552;0;0;0;55091200
1690728553;0;0;0;32374784
1690728554;0;0;0;33034240
1690728555;0;0;0;32243712
1690728556;0;0;0;32636928
1690728557;81920;0;0;33517568
1690728558;4096;0;0;36524032
1690728559;0;0;0;27709440
1690728560;41709568;0;0;31453184
1690728561;117440512;0;0;24936448
1690728562;113770496;0;0;32120832
1690728563;122159104;0;0;25391104
1690728564;116916224;0;0;23937024
1690728565;115343360;0;0;5566464
1690728566;113508352;0;0;4096
1690728567;113250304;0;0;1044480
1690728568;97783808;0;0;4833280
1690728569;8388608;0;0;135168
1690728570;58720256;0;0;0
1690728571;132648960;0;0;1794048
1690728572;110362624;0;0;1114112
1690728573;121634816;0;0;2121728
1690728574;113246208;0;0;4096
1690728575;117440512;0;0;1708032
1690728576;117440512;0;0;114688
1690728577;113246208;0;0;0
1690728578;117440512;0;0;0
1690728579;113246208;0;0;0
1690728580;121634816;0;0;53248
1690728581;116129792;0;0;8192
1690728582;110362624;0;0;4096
1690728583;121634816;0;0;745472
1690728584;117440512;0;0;163840
1690728585;109051904;0;0;495616
1690728586;121634816;0;0;303104
1690728587;113246208;0;0;36864
1690728588;119013376;0;0;0
1690728589;116391936;0;0;0
1690728590;115343360;0;0;577536
1690728591;102236160;0;0;0
1690728592;20971520;0;0;311296
1690728593;117440512;0;0;69632
1690728594;119013376;0;0;0
1690728595;112197632;0;0;544768
1690728596;121110528;0;0;0
1690728597;113246208;0;0;0
1690728598;120324096;0;0;4096
1690728599;110362624;0;0;0
1690728600;121634816;0;0;86016
1690728601;113770496;0;0;0
1690728602;112721920;0;0;0
1690728603;117440512;0;0;0
1690728604;111673344;0;0;118784
1690728605;115343360;0;0;196608
1690728606;125304832;0;0;65536
1690728607;107741184;0;0;229376
1690728608;118751232;0;0;65536
1690728609;117440512;0;0;221184
1690728610;113246208;0;0;16384
1690728611;121634816;0;0;0
1690728612;90198016;0;0;0
1690728613;114819072;0;0;0
1690728614;120061952;0;0;0
1690728615;117440512;0;0;57344
1690728616;113246208;0;0;274432
1690728617;119013376;0;0;0
1690728618;114294784;0;0;0
1690728619;110624768;0;0;21430272
1690728620;117178368;0;0;25690112
1690728621;73678848;0;0;27316224
1690728622;0;0;0;26869760
1690728623;0;0;0;29802496
1690728624;26705920;0;0;6037504
1690728625;88199168;0;0;24248320
1690728626;122732544;0;0;37007360
1690728627;121634816;0;0;35074048
1690728628;113246208;0;0;35557376
1690728629;113246208;0;0;36835328
1690728630;117440512;0;0;36339712
1690728631;113246208;0;0;33976320
1690728632;114819072;0;0;36212736
1690728633;103284736;0;0;36483072
1690728634;62914560;0;0;18722816
1690728635;0;0;0;0
1690728636;0;0;0;0
1690728637;20971520;0;0;90112
1690728638;113770496;0;0;17072128
1690728639;114032640;0;0;33947648
1690728640;107741184;0;0;36962304
1690728641;113250304;0;0;25563136
1690728642;83886080;0;0;13762560
1690728643;117440512;0;0;41029632
1690728644;83886080;0;0;28254208
1690728645;103809024;0;0;38141952
1690728646;110100480;0;0;39882752
1690728647;107741184;0;0;18239488
1690728648;89128960;0;0;39698432
1690728649;102236160;0;0;36306944
1690728650;110624768;0;0;35258368
1690728651;43253760;0;0;21233664
1690728652;25165824;0;0;0
1690728653;117440512;0;0;22937600
1690728654;92274688;0;0;20643840
1690728655;96468992;0;0;36888576
1690728656;96468992;0;0;40484864
1690728657;88080384;0;0;31227904
1690728658;12582912;0;0;1232896
1690728659;0;0;0;102400
1690728660;83886080;0;0;4321280
1690728661;100663296;0;0;0
1690728662;103284736;0;0;25034752
1690728663;103546880;0;0;40226816
1690728664;103546880;0;0;35389440
1690728665;117440512;0;0;34996224
1690728666;113246208;0;0;37486592
1690728667;100663296;0;0;32112640
1690728668;46137344;0;0;15597568
1690728669;4194304;0;0;704512
1690728670;0;0;0;131072
1690728671;0;0;0;0
1690728672;12582912;0;0;0
1690728673;111935488;0;0;20840448
1690728674;113246208;0;0;29618176
1690728675;114556928;0;0;36352000
1690728676;117440512;0;0;34672640
1690728677;104857600;0;0;23199744
1690728678;96468992;0;0;35520512
1690728679;88080384;0;0;10223616
1690728680;100663296;0;0;39321600
1690728681;109051904;0;0;36569088
1690728682;109051904;0;0;35913728
1690728683;75497472;0;0;20709376
1690728684;25165824;0;0;9539584
1690728685;4194304;0;0;786432
1690728686;74903552;0;0;7208960
1690728687;110362624;0;0;36438016
1690728688;111935488;0;0;35389440
1690728689;106168320;0;0;33947648
1690728690;72003584;0;0;21889024
1690728691;20971520;0;0;11796480
1690728692;25165824;0;0;1576960
1690728693;23076864;0;0;25296896
1690728694;0;0;0;61214720
1690728695;0;0;0;59506688
1690728696;0;0;0;58204160
1690728697;0;0;0;48001024
1690728698;0;0;0;65536
1690728699;0;0;0;38273024
1690728700;0;0;0;51204096
1690728701;0;0;0;45613056
1690728702;0;0;0;39559168
1690728703;0;0;0;53923840
1690728704;0;0;0;61128704
1690728705;0;0;0;57700352
1690728706;0;0;0;22519808
1690728707;0;0;0;0
1690728708;0;0;0;0
1690728709;0;0;0;262144
1690728710;0;0;0;61321216
1690728711;0;0;0;64225280
1690728712;0;0;0;60948480
1690728713;0;0;0;61997056
1690728714;0;0;0;62275584
1690728715;0;0;0;40632320
1690728716;0;0;0;41197568
1690728717;0;0;0;25346048
1690728718;0;0;0;51642368
1690728719;0;0;0;62259200
1690728720;0;0;0;63569920
1690728721;0;0;0;62115840
1690728722;0;0;0;58703872
1690728723;0;0;0;61472768
1690728724;0;0;0;39714816
1690728725;0;0;0;49414144
1690728726;0;0;0;64786432
1690728727;0;0;0;61341696
1690728728;0;0;0;59506688
1690728729;0;0;0;56229888
1690728730;0;0;0;61734912
1690728731;0;0;0;61603840
1690728732;0;0;0;61210624
1690728733;0;0;0;62259200
1690728734;0;0;0;54136832
1690728735;0;0;0;61865984
1690728736;0;0;0;63168512
1690728737;0;0;0;62783488
1690728738;0;0;0;59899904
1690728739;0;0;0;57933824
1690728740;0;0;0;63438848
1690728741;0;0;0;62066688
1690728742;0;0;0;46530560
1690728743;0;0;0;63176704
1690728744;0;0;0;64798720
1690728745;0;0;0;62226432
1690728746;0;0;0;56184832
1690728747;0;0;0;31756288
1690728748;0;0;0;14008320
1690728749;0;0;0;0
1690728750;0;0;0;0
1690728751;0;0;0;0
1690728752;0;0;0;22032384
1690728753;0;0;0;63344640
1690728754;0;0;0;63897600
1690728755;0;0;0;60149760
1690728756;0;0;0;64552960
1690728757;0;0;0;61210624
1690728758;0;0;0;60686336
1690728759;0;0;0;62930944
1690728760;0;0;0;12189696
1690728761;0;0;0;0
1690728762;0;0;0;0
1690728763;0;0;0;2285568
1690728764;0;0;0;57282560
1690728765;0;0;0;41881600
1690728766;0;0;0;54394880
1690728767;0;0;0;57790464
1690728768;0;0;0;60616704
1690728769;0;0;0;60424192
1690728770;0;0;0;49807360
1690728771;0;0;0;64225280
1690728772;0;0;0;63700992
1690728773;0;0;0;39976960
1690728774;0;0;0;60162048
1690728775;0;0;0;62128128
1690728776;0;0;0;57511936
1690728777;0;0;0;62980096
1690728778;0;0;0;63680512
1690728779;0;0;0;60948480
1690728780;0;0;0;54919168
1690728781;0;0;0;35594240
1690728782;0;0;0;59768832
1690728783;0;0;0;48959488
1690728784;0;0;0;39845888
1690728785;0;0;0;61472768
1690728786;0;0;0;63881216
1690728787;0;0;0;44040192
1690728788;0;0;0;48037888
1690728789;0;0;0;62521344
1690728790;0;0;0;60018688
1690728791;0;0;0;45830144
1690728792;0;0;0;26083328
1690728793;0;0;0;59015168
1690728794;0;0;0;44277760
1690728795;0;0;0;53809152
1690728796;0;0;0;55906304
1690728797;0;0;0;12570624
1690728798;0;0;0;57344
1690728799;0;0;0;18014208
1690728800;0;0;0;64106496
1690728801;0;0;0;60088320
1690728802;0;0;0;62259200
1690728803;0;0;0;64356352
1690728804;0;0;0;55967744
1690728805;0;0;0;39059456
1690728806;0;0;0;
1690728807;0;0;0;
1690728808;0;0;0;
1690728809;0;0;0;2236140.5611325614
1690728810;0;0;0;18944051.157720894
1690728811;0;0;0;63438848
1690728812;0;0;0;60948480
1690728813;0;0;0;63963136
1690728814;0;0;0;60334080
1690728815;0;0;0;60882944
1690728816;0;0;0;61472768
1690728817;0;0;0;62926848
1690728818;0;0;0;37326848
1690728819;0;0;0;39133184
1690728820;0;0;0;61603840
1690728821;0;0;0;61865984
1690728822;0;0;0;60948480
1690728823;0;0;0;36319232
1690728824;0;0;0;64884736
1690728825;0;0;0;59015168
1690728826;0;0;0;61865984
1690728827;0;0;0;62128128
1690728828;0;0;0;34340864
1690728829;0;0;0;34455552
1690728830;0;0;0;60239872
1690728831;0;0;0;61501440
1690728832;0;0;0;59908096
1690728833;0;0;0;36679680
1690728834;0;0;0;63832064
1690728835;0;0;0;62914560
1690728836;0;0;0;60862464
1690728837;0;0;0;63000576
1690728838;0;0;0;62373888
1690728839;0;0;0;57409536
1690728840;0;0;0;16384000
1690728841;0;0;0;62521344
1690728842;0;0;0;61603840
1690728843;0;0;0;60293120
1690728844;0;0;0;37593088
1690728845;0;0;0;0
1690728846;0;0;0;49082368
1690728847;0;0;0;63242240
1690728848;0;0;0;64331776
1690728849;0;0;0;60440576
1690728850;0;0;0;62521344
1690728851;0;0;0;62783488
1690728852;0;0;0;64356352
1690728853;0;0;0;54345728
1690728854;0;0;0;28835840
1690728855;0;0;0;20971520
1690728856;0;0;0;59113472
1690728857;0;0;0;61341696
1690728858;0;0;0;57671680
1690728859;0;0;0;62152704
1690728860;0;0;0;62054400
1690728861;0;0;0;60293120
1690728862;0;0;0;61698048
1690728863;0;0;0;52830208
1690728864;0;0;0;34603008
1690728865;0;0;0;52035584
1690728866;0;0;0;6291456
1690728867;0;0;0;0
1690728868;0;0;0;
1690728869;0;0;0;
1690728870;0;0;0;
1690728871;0;0;0;40632664.56361725
1690728872;0;0;0;64487424
1690728873;0;0;0;62283776
1690728874;0;0;0;63819776
1690728875;0;0;0;60567552
1690728876;0;0;0;64094208
1690728877;0;0;0;61734912
1690728878;0;0;0;63397888
1690728879;0;0;0;54132736
1690728880;0;0;0;62652416
1690728881;0;0;0;60162048
1690728882;0;0;0;62783488
1690728883;0;0;0;63197184
1690728884;0;0;0;43855872
1690728885;0;0;0;40632320
1690728886;0;0;0;61997056
1690728887;0;0;0;69476352
1690728888;0;0;0;48799744
1690728889;0;0;0;60334080
1690728890;0;0;0;52563968
1690728891;0;0;0;9785344
1690728892;163840;0;0;17170432
1690728893;0;0;0;43364352
1690728894;0;0;0;17039360
1690728895;12541952;0;0;28303360
1690728896;125829120;0;0;18419712
1690728897;113246208;0;0;14794752
1690728898;113246208;0;0;24170496
1690728899;121634816;0;0;24391680
1690728900;109051904;0;0;25583616
1690728901;117440512;0;0;27574272
1690728902;113770496;0;0;23330816
1690728903;115343360;0;0;27701248
1690728904;93847552;0;0;21766144
1690728905;58720256;0;0;5898240
1690728906;113246208;0;0;18206720
1690728907;113246208;0;0;25903104
1690728908;114556928;0;0;27643904
1690728909;112459776;0;0;25378816
1690728910;104333312;0;0;21757952
1690728911;25165824;0;0;7901184
1690728912;71303168;0;0;1445888
1690728913;113246208;0;0;23855104
1690728914;120061952;0;0;24907776
1690728915;119013376;0;0;24510464
1690728916;113246208;0;0;22736896
1690728917;50331648;0;0;12337152
1690728918;106430464;0;0;11796480
1690728919;115867648;0;0;17825792
1690728920;109314048;0;0;24580096
1690728921;117178368;0;0;25694208
1690728922;88080384;0;0;19664896
1690728923;12582912;0;0;4595712
1690728924;0;0;0;0
1690728925;119013376;0;0;10764288
1690728926;110362624;0;0;28311552
1690728927;118759424;0;0;27086848
1690728928;113770496;0;0;9256960
1690728929;97345536;0;0;26607616
1690728930;17457152;0;0;27004928
1690728931;0;0;0;31682560
1690728932;0;0;0;32112640
1690728933;0;0;0;22790144
1690728934;0;0;0;35028992
1690728935;0;0;0;30015488
1690728936;0;0;0;31195136
1690728937;0;0;0;32243712
1690728938;0;0;0;32505856
1690728939;107589632;0;0;37298176
1690728940;114556928;0;0;34603008
1690728941;113508352;0;0;34316288
1690728942;109314048;0;0;33947648
1690728943;121110528;0;0;32911360
1690728944;104857600;0;0;35737600
1690728945;110362624;0;0;37806080
1690728946;107741184;0;0;35368960
1690728947;29360128;0;0;13225984
1690728948;0;0;0;1093632
1690728949;0;0;0;0
1690728950;0;0;0;98304
1690728951;67108864;0;0;2215936
1690728952;116129792;0;0;21102592
1690728953;122945536;0;0;25952256
1690728954;109051904;0;0;19136512
1690728955;109051904;0;0;9990144
1690728956;117440512;0;0;24199168
1690728957;113246208;0;0;24641536
1690728958;83886080;0;0;16572416
1690728959;25165824;0;0;6029312
1690728960;26476544;0;0;786432
1690728961;116129792;0;0;21729280
1690728962;113246208;0;0;23822336
1690728963;113770496;0;0;25047040
1690728964;119537664;0;0;24334336
1690728965;102236160;0;0;8691712
1690728966;113246208;0;0;21299200
1690728967;104857600;0;0;24719360
1690728968;37748736;0;0;8388608
1690728969;8388608;0;0;1310720
1690728970;80216064;0;0;1179648
1690728971;112721920;0;0;3014656
1690728972;117440512;0;0;25690112
1690728973;92274688;0;0;22937600
1690728974;78381056;0;0;10543104
1690728975;106864640;0;0;10354688
1690728976;117440512;0;0;26378240
1690728977;47534080;0;0;29712384
1690728978;0;0;0;31850496
1690728979;0;0;0;32210944
1690728980;0;0;0;31326208
1690728981;0;0;0;25665536
1690728982;0;0;0;27394048
1690728983;0;0;0;30015488
1690728984;0;0;0;30015488
1690728985;0;0;0;32735232
1690728986;9834496;0;0;32288768
1690728987;120066048;0;0;42352640
1690728988;111935488;0;0;30343168
1690728989;114556928;0;0;23183360
1690728990;117440512;0;0;26263552
1690728991;117440512;0;0;21233664
1690728992;113246208;0;0;16580608
1690728993;117440512;0;0;28549120
1690728994;113254400;0;0;22659072
1690728995;113246208;0;0;22544384
1690728996;113246208;0;0;25235456
1690728997;117440512;0;0;23068672
1690728998;116129792;0;0;26738688
1690728999;114556928;0;0;6287360
1690729000;109051904;0;0;0
1690729001;113246208;0;0;0
1690729002;104857600;0;0;94208
1690729003;121634816;0;0;1118208
1690729004;113246208;0;0;1273856
1690729005;113246208;0;0;1961984
1690729006;50331648;0;0;581632
1690729007;100663296;0;0;753664
1690729008;117440512;0;0;0
1690729009;117178368;0;0;0
1690729010;113508352;0;0;0
1690729011;114556928;0;0;139264
1690729012;116129792;0;0;319488
1690729013;117440512;0;0;8192
1690729014;113246208;0;0;0
1690729015;121634816;0;0;36864
1690729016;97873920;0;0;0
1690729017;25853952;0;0;0
1690729018;0;0;0;0
1690729019;0;0;0;0
1690729020;0;0;0;40960
1690729021;0;0;0;8257536
1690729022;0;0;0;63963136
1690729023;0;0;0;63991808
1690729024;0;0;0;61997056
1690729025;0;0;0;62578688
1690729026;0;0;0;62054400
1690729027;0;0;0;63946752
1690729028;0;0;0;63438848
1690729029;0;0;0;56360960
1690729030;0;0;0;58458112
1690729031;0;0;0;63307776
1690729032;0;0;0;61157376
1690729033;0;0;0;60297216
1690729034;0;0;0;61734912
1690729035;0;0;0;60686336
1690729036;0;0;0;40833024
1690729037;0;0;0;38371328
1690729038;0;0;0;64487424
1690729039;0;0;0;61734912
1690729040;0;0;0;62332928
1690729041;0;0;0;63107072
1690729042;0;0;0;57831424
1690729043;0;0;0;62128128
1690729044;0;0;0;61603840
1690729045;0;0;0;55967744
1690729046;0;0;0;63569920
1690729047;0;0;0;55574528
1690729048;0;0;0;60817408
1690729049;0;0;0;62783488
1690729050;0;0;0;55500800
1690729051;0;0;0;32825344
1690729052;0;0;0;59113472
1690729053;0;0;0;61943808
1690729054;0;0;0;60293120
1690729055;0;0;0;52441088
1690729056;0;0;0;76779520
1690729057;0;0;0;0
1690729058;0;0;0;44863488
1690729059;0;0;0;52781056
1690729060;0;0;0;58335232
1690729061;0;0;0;28405760
1690729062;0;0;0;10240000
1690729063;0;0;0;64339968
1690729064;0;0;0;60145664
1690729065;0;0;0;62259200
1690729066;0;0;0;62263296
1690729067;0;0;0;59932672
1690729068;0;0;0;62259200
1690729069;0;0;0;59478016
1690729070;0;0;0;60817408
1690729071;0;0;0;46931968
1690729072;0;0;0;33595392
1690729073;0;0;0;63205376
1690729074;0;0;0;61472768
1690729075;0;0;0;63180800
1690729076;0;0;0;47067136
1690729077;0;0;0;63438848
1690729078;0;0;0;63176704
1690729079;0;0;0;61603840
1690729080;0;0;0;46399488
1690729081;0;0;0;46034944
1690729082;0;0;0;54939648
1690729083;0;0;0;63262720
1690729084;0;0;0;62914560
1690729085;0;0;0;59506688
1690729086;0;0;0;62521344
1690729087;0;0;0;62652416
1690729088;0;0;0;46792704
1690729089;0;0;0;31195136
1690729090;0;0;0;28966912
1690729091;0;0;0;53583872
1690729092;0;0;0;61399040
1690729093;0;0;0;61382656
1690729094;0;0;0;59899904
1690729095;0;0;0;58966016
1690729096;0;0;0;60686336
1690729097;0;0;0;60956672
1690729098;0;0;0;38866944
1690729099;0;0;0;61341696
1690729100;0;0;0;62259200
1690729101;0;0;0;62279680
1690729102;0;0;0;56737792
1690729103;0;0;0;69632
1690729104;0;0;0;188416
1690729105;0;0;0;21192704
1690729106;0;0;0;20774912
1690729107;0;0;0;34492416
1690729108;0;0;0;33968128
1690729109;0;0;0;32813056
1690729110;0;0;0;31100928
1690729111;0;0;0;39407616
1690729112;0;0;0;33165312
1690729113;0;0;0;32374784
1690729114;0;0;0;33107968
1690729115;0;0;0;33169408
1690729116;0;0;0;34484224
1690729117;0;0;0;33771520
1690729118;0;0;0;33411072
1690729119;0;0;0;36335616
1690729120;0;0;0;32374784
1690729121;0;0;0;33030144
1690729122;0;0;0;33361920
1690729123;0;0;0;33927168
1690729124;0;0;0;33628160
1690729125;0;0;0;32636928
1690729126;0;0;0;32116736
1690729127;0;0;0;32243712
1690729128;0;0;0;33267712
1690729129;0;0;0;31457280
1690729130;0;0;0;30539776
1690729131;0;0;0;32768000
1690729132;0;0;0;32305152
1690729133;0;0;0;33443840
1690729134;0;0;0;33292288
1690729135;0;0;0;34078720
1690729136;0;0;0;31719424
1690729137;0;0;0;33161216
1690729138;0;0;0;32636928
1690729139;0;0;0;31588352
1690729140;0;0;0;32899072
1690729141;0;0;0;6131712
1690729142;0;0;0;28901376
1690729143;0;0;0;34078720
1690729144;0;0;0;33554432
1690729145;0;0;0;32899072
1690729146;0;0;0;33816576
1690729147;0;0;0;31719424
1690729148;0;0;0;33075200
1690729149;0;0;0;31993856
1690729150;0;0;0;31993856
1690729151;0;0;0;33161216
1690729152;0;0;0;32505856
1690729153;0;0;0;31797248
1690729154;0;0;0;29622272
1690729155;0;0;0;33554432
1690729156;0;0;0;33554432
1690729157;0;0;0;33144832
1690729158;0;0;0;33132544
1690729159;0;0;0;33161216
1690729160;0;0;0;32378880
1690729161;0;0;0;30994432
1690729162;0;0;0;33030144
1690729163;0;0;0;32292864
1690729164;0;0;0;30408704
1690729165;0;0;0;33685504
1690729166;0;0;0;33030144
1690729167;0;0;0;32161792
1690729168;0;0;0;33030144
1690729169;0;0;0;32768000
1690729170;0;0;0;32112640
1690729171;0;0;0;32243712
1690729172;0;0;0;31719424
1690729173;0;0;0;30932992
1690729174;0;0;0;32243712
1690729175;0;0;0;29360128
1690729176;0;0;0;32112640
1690729177;0;0;0;987136
1690729178;0;0;0;16957440
1690729179;0;0;0;32645120
1690729180;0;0;0;31899648
1690729181;0;0;0;31719424
1690729182;0;0;0;31850496
1690729183;0;0;0;31490048
1690729184;0;0;0;32759808
1690729185;0;0;0;31064064
1690729186;0;0;0;29491200
1690729187;0;0;0;31326208
1690729188;0;0;0;33423360
1690729189;0;0;0;31195136
1690729190;0;0;0;33685504
1690729191;0;0;0;31457280
1690729192;0;0;0;31981568
1690729193;0;0;0;32243712
1690729194;0;0;0;31326208
1690729195;0;0;0;33554432
1690729196;0;0;0;31838208
1690729197;0;0;0;29753344
1690729198;0;0;0;33685504
1690729199;0;0;0;34000896
1690729200;0;0;0;33685504
1690729201;0;0;0;33935360
1690729202;0;0;0;32899072
1690729203;0;0;0;32329728
1690729204;0;0;0;33161216
1690729205;0;0;0;31719424
1690729206;0;0;0;32899072
1690729207;0;0;0;33685504
1690729208;0;0;0;30109696
1690729209;0;0;0;32636928
1690729210;0;0;0;33161216
1690729211;0;0;0;30932992
1690729212;0;0;0;31326208
1690729213;0;0;0;32747520
1690729214;0;0;0;33062912
1690729215;0;0;0;33030144
1690729216;0;0;0;32243712
1690729217;0;0;0;33816576
1690729218;0;0;0;33816576
1690729219;0;0;0;31457280
1690729220;0;0;0;31981568
1690729221;0;0;0;33517568
1690729222;0;0;0;32505856
1690729223;0;0;0;34037760
1690729224;0;0;0;32514048
1690729225;0;0;0;32112640
1690729226;0;0;0;33554432
1690729227;0;0;0;32768000
1690729228;0;0;0;33562624
1690729229;0;0;0;32612352
1690729230;0;0;0;31186944
1690729231;0;0;0;32636928
1690729232;0;0;0;32374784
1690729233;0;0;0;32808960
1690729234;0;0;0;32182272
1690729235;0;0;0;33816576
1690729236;0;0;0;32505856
1690729237;0;0;0;32964608
1690729238;0;0;0;32243712
1690729239;0;0;0;31391744
1690729240;0;0;0;32673792
1690729241;0;0;0;28950528
1690729242;0;0;0;29351936
1690729243;0;0;0;35672064
1690729244;0;0;0;33009664
1690729245;0;0;0;32768000
1690729246;0;0;0;32374784
1690729247;0;0;0;31850496
1690729248;0;0;0;17686528
1690729249;0;0;0;18628608
1690729250;0;0;0;737280
1690729251;0;0;0;991232
1690729252;0;0;0;6688768
1690729253;0;0;0;151552
1690729254;0;0;0;0
1690729255;0;0;0;442368
1690729256;0;0;0;0
1690729257;0;0;0;0
1690729258;0;0;0;122880
1690729259;0;0;0;0
1690729260;0;0;0;0
1690729261;0;0;0;0
1690729262;0;0;0;0
1690729263;0;0;0;221184
1690729264;0;0;0;0
1690729265;0;0;0;0
1690729266;0;0;0;0
1690729267;0;0;0;196608
1690729268;0;0;0;0
1690729269;0;0;0;0
1690729270;0;0;0;0
1690729271;0;0;0;0
1690729272;0;0;0;0
1690729273;0;0;0;217088
1690729274;0;0;0;319488
1690729275;0;0;0;0
1690729276;0;0;0;0
1690729277;0;0;0;0
1690729278;0;0;0;0
1690729279;0;0;0;0
1690729280;0;0;0;1888256
1690729281;0;0;0;0
1690729282;0;0;0;0
1690729283;0;0;0;4096
1690729284;0;0;0;0
1690729285;0;0;0;0
1690729286;0;0;0;0
1690729287;0;0;0;0
1690729288;0;0;0;0
1690729289;0;0;0;45056
1690729290;0;0;0;49152
1690729291;0;0;0;0
1690729292;0;0;0;0
1690729293;0;0;0;421888
1690729294;0;0;0;0
1690729295;0;0;0;0
1690729296;0;0;0;0
1690729297;0;0;0;0
1690729298;0;0;0;0
1690729299;0;0;0;233472
1690729300;0;0;0;0
1690729301;0;0;0;106496
1690729302;0;0;0;0
1690729303;0;0;0;0
1690729304;0;0;0;0
1690729305;0;0;0;0
1690729306;0;0;0;0
1690729307;0;0;0;0
1690729308;0;0;0;196608
1690729309;0;0;0;0
1690729310;0;0;0;0
1690729311;0;0;0;0
1690729312;0;0;0;0
1690729313;0;0;0;0
1690729314;0;0;0;0
1690729315;0;0;0;0
1690729316;0;0;0;30003200
1690729317;0;0;0;872448
1690729318;0;0;0;0
1690729319;0;0;0;0
1690729320;0;0;0;49152
1690729321;0;0;0;0
1690729322;0;0;0;421888
1690729323;0;0;0;28672
1690729324;0;0;0;0
1690729325;0;0;0;1503232
1690729326;0;0;0;0
1690729327;0;0;0;0
1690729328;0;0;0;69632
1690729329;0;0;0;0
1690729330;0;0;0;10866688
1690729331;0;0;0;13025280
1690729332;0;0;0;86757376
1690729333;0;0;0;3383296
1690729334;0;0;0;65536
1690729335;0;0;0;0
1690729336;0;0;0;0
1690729337;0;249855.99999999997;0;81920
1690729338;0;0;0;0
1690729339;0;0;0;0
1690729340;0;0;0;0
1690729341;0;0;0;0
1690729342;0;0;0;0
1690729343;0;0;0;0
1690729344;0;0;0;0
1690729345;0;0;0;0
1690729346;0;0;0;5541888
1690729347;0;0;0;0
1690729348;0;0;0;462848
1690729349;0;0;0;0
1690729350;0;0;0;0
1690729351;0;0;0;0
1690729352;0;0;0;0
1690729353;0;0;0;0
1690729354;0;0;0;90112
1690729355;0;0;0;0
1690729356;0;0;0;0
1690729357;0;0;0;0
1690729358;0;0;0;0
1690729359;0;0;0;0
1690729360;0;0;0;0
1690729361;0;0;0;0
1690729362;0;0;0;0
1690729363;0;0;0;12288
1690729364;0;0;0;86016
1690729365;0;0;0;0
1690729366;0;0;0;0
1690729367;0;0;0;0
1690729368;0;0;0;0
1690729369;0;0;0;0
1690729370;0;0;0;0
1690729371;0;0;0;0
1690729372;0;0;0;0
1690729373;0;0;0;299008
1690729374;0;0;0;0
1690729375;0;0;0;0
1690729376;0;0;0;0
1690729377;0;0;0;0
1690729378;0;0;0;0
1690729379;0;0;0;0
1690729380;0;0;0;0
1690729381;0;0;0;0
1690729382;0;0;0;0
1690729383;0;0;0;0
1690729384;0;0;0;0
1690729385;0;0;0;0
1690729386;0;0;0;0
1690729387;0;0;0;0
1690729388;0;0;0;0
1690729389;0;0;0;0
1690729390;0;0;0;0
1690729391;0;0;0;0
1690729392;0;0;0;0
1690729393;0;0;0;0
1690729394;0;0;0;0
1690729395;0;0;0;0
1690729396;0;0;0;0
1690729397;0;0;0;0
1690729398;0;0;0;0
1690729399;0;0;0;0
1690729400;0;0;0;0
1690729401;0;0;0;0
1690729402;0;0;0;0
1690729403;0;0;0;0
1690729404;0;0;0;0
1690729405;0;0;0;0
1690729406;0;0;0;0
1690729407;0;0;0;0
1690729408;0;0;0;0
1690729409;0;0;0;0
1690729410;0;0;0;0
1690729411;0;0;0;0
1690729412;0;0;0;0
1690729413;0;0;0;0
1690729414;0;0;0;0
1690729415;0;0;0;0
1690729416;0;0;0;0
1690729417;0;0;0;0
1690729418;0;0;0;0
1690729419;0;0;0;159744
1690729420;0;0;0;0
1690729421;0;0;0;0
1690729422;0;0;0;0
1690729423;0;0;0;0
1690729424;0;0;0;0
1690729425;0;0;0;0
1690729426;0;0;0;0
1690729427;0;0;0;0
1690729428;0;0;0;0
1690729429;0;0;0;0
1690729430;0;0;0;0
1690729431;0;0;0;528384
1690729432;20480;0;0;131072
1690729433;73453568;0;0;5242880
1690729434;117297152;0;0;1646592
1690729435;131334144;0;0;569344
1690729436;117444608;0;0;315392
1690729437;121405440;0;0;1466368
1690729438;118489088;0;0;0
1690729439;126136320;0;0;1175552
1690729440;107741184;0;0;4096
1690729441;114556928;0;0;1622016
1690729442;117440512;0;0;114688
1690729443;117178368;0;0;393216
1690729444;109314048;0;0;0
1690729445;125829120;0;0;0
1690729446;113246208;0;0;0
1690729447;111935488;0;0;77824
1690729448;118751232;0;0;0
1690729449;109051904;0;0;1712128
1690729450;104857600;0;0;0
1690729451;124518400;0;0;0
1690729452;114556928;0;0;0
1690729453;117964800;0;0;0
1690729454;106954752;0;0;0
1690729455;120324096;0;0;0
1690729456;117702656;0;0;0
1690729457;120061952;0;0;0
1690729458;111935488;0;0;0
1690729459;114556928;0;0;20480
1690729460;117440512;0;0;0
1690729461;121634816;0;0;0
1690729462;109051904;0;0;0
1690729463;117964800;0;0;0
1690729464;116916224;0;0;0
1690729465;120061952;0;0;0
1690729466;114868224;0;0;0
1690729467;107741184;0;0;0
1690729468;118751232;0;0;0
1690729469;121634816;0;0;8192
1690729470;113246208;0;0;4096
1690729471;111935488;0;0;0
1690729472;114556928;0;0;4096
1690729473;121634816;0;0;458752
1690729474;110624768;0;0;204800
1690729475;120061952;0;0;344064
1690729476;109051904;0;0;0
1690729477;110624768;0;0;81920
1690729478;122163200;0;0;163840
1690729479;110759936;0;0;0
1690729480;121634816;0;0;921600
1690729481;117440512;0;0;1196032
1690729482;113246208;0;0;4927488
1690729483;113770496;0;0;2473984
1690729484;112721920;0;0;2551808
1690729485;121634816;0;0;94208
1690729486;125829120;0;0;6078464
1690729487;113246208;0;0;872448
1690729488;106168320;0;0;188416
1690729489;120848384;0;0;0
1690729490;125304832;0;0;65536
1690729491;113246208;0;0;131072
1690729492;104857600;0;0;266240
1690729493;121634816;0;0;73728
1690729494;117440512;0;0;28672
1690729495;113770496;0;0;417792
1690729496;116916224;0;0;0
1690729497;114819072;0;0;0
1690729498;114294784;0;0;0
1690729499;123207680;0;0;0
1690729500;110624768;0;0;53248
1690729501;120061952;0;0;0
1690729502;115081216;0;0;1925120
1690729503;115605504;0;0;61440
1690729504;121634816;0;0;0
1690729505;109051904;0;0;0
1690729506;121634816;0;0;8192
1690729507;111935488;0;0;0
1690729508;118751232;0;0;61440
1690729509;114556928;0;0;0
1690729510;119013376;0;0;0
1690729511;118489088;0;0;0
1690729512;114032640;0;0;1003520
1690729513;112721920;0;0;1564672
1690729514;121634816;0;0;16384
1690729515;121634816;0;0;0
1690729516;121634816;0;0;0
1690729517;100663296;0;0;0
1690729518;117440512;0;0;0
1690729519;121634816;0;0;65536
1690729520;117964800;0;0;245760
1690729521;116916224;0;0;126976
1690729522;108457984;0;0;0
1690729523;113926144;0;0;0
1690729524;110362624;0;0;65536
1690729525;116551680;0;0;0
1690729526;119013376;0;0;0
1690729527;111935488;0;0;0
1690729528;142487552;0;0;9109504
1690729529;102682624;0;0;19398656
1690729530;106258432;0;0;23420928
1690729531;102780928;0;0;22675456
1690729532;83886080;0;0;24088576
1690729533;71987200;0;0;36831232
1690729534;83623936;0;0;40054784
1690729535;92274688;0;0;42491904
1690729536;121634816;0;0;39714816
1690729537;100663296;0;0;36864000
1690729538;118751232;0;0;39186432
1690729539;107741184;0;0;35991552
1690729540;117440512;0;0;38535168
1690729541;109051904;0;0;35495936
1690729542;109051904;0;0;22806528
1690729543;121634816;0;0;36683776
1690729544;109051904;0;0;33669120
1690729545;114556928;0;0;38273024
1690729546;103546880;0;0;32899072
1690729547;0;0;0;4349952
1690729548;46137344;0;0;1474560
1690729549;112197632;0;0;22151168
1690729550;122683392;0;0;52408320
1690729551;117440512;0;0;16777216
1690729552;117440512;0;0;33435648
1690729553;88080384;0;0;27414528
1690729554;81002496;0;0;6393856
1690729555;111935488;0;0;26738688
1690729556;104857600;0;0;38141952
1690729557;113246208;0;0;32243712
1690729558;96468992;0;0;13795328
1690729559;111935488;0;0;35926016
1690729560;114556928;0;0;36368384
1690729561;117440512;0;0;36044800
1690729562;83886080;0;0;26816512
1690729563;0;0;0;0
1690729564;84410368;0;0;7471104
1690729565;66584576;0;0;24121344
1690729566;62914560;0;0;46923776
1690729567;67108864;0;0;46530560
1690729568;74186752;0;0;42074112
1690729569;76808192;0;0;30822400
1690729570;62914560;0;0;45613056
1690729571;69992448;0;0;47579136
1690729572;76808192;0;0;34291712
1690729573;83886080;0;0;38694912
1690729574;92274688;0;0;39731200
1690729575;95158272;0;0;36454400
1690729576;97779712;0;0;40370176
1690729577;96468992;0;0;33656832
1690729578;50331648;0;0;11153408
1690729579;104857600;0;0;17752064
1690729580;96468992;0;0;39059456
1690729581;100663296;0;0;39452672
1690729582;96468992;0;0;30146560
1690729583;12582912;0;0;10092544
1690729584;46137344;0;0;3014656
1690729585;104857600;0;0;22949888
1690729586;117440512;0;0;39059456
1690729587;110362624;0;0;36700160
1690729588;111935488;0;0;35934208
1690729589;120061952;0;0;32505856
1690729590;106430464;0;0;36044800
1690729591;109051904;0;0;31064064
1690729592;62914560;0;0;16384000
1690729593;104857600;0;0;26705920
1690729594;124518400;0;0;37879808
1690729595;118751232;0;0;32444416
1690729596;88772608;0;0;33423360
1690729597;54525952;0;0;24510464
1690729598;0;0;0;3137536
1690729599;62914560;0;0;7151616
1690729600;113770496;0;0;25559040
1690729601;84758528;0;0;37253120
1690729602;83886080;0;0;45219840
1690729603;34250752;0;0;33947648
1690729604;67108864;0;0;31744000
1690729605;51040256;0;0;45350912
1690729606;37748736;0;0;51249152
1690729607;37748736;0;0;44195840
1690729608;13299712;0;0;47054848
1690729609;0;0;0;61054976
1690729610;0;0;0;55394304
1690729611;0;0;0;60317696
1690729612;34865152;0;0;56360960
1690729613;46137344;0;0;51511296
1690729614;46137344;0;0;52559872
1690729615;54525952;0;0;45744128
1690729616;50331648;0;0;48496640
1690729617;58720256;0;0;50798592
1690729618;60293120;0;0;45744128
1690729619;52953088;0;0;41680896
1690729620;58720256;0;0;46653440
1690729621;71303168;0;0;48889856
1690729622;62914560;0;0;45047808
1690729623;67108864;0;0;47648768
1690729624;20971520;0;0;43937792
1690729625;16777216;0;0;37355520
1690729626;50855936;0;0;23097344
1690729627;62390272;0;0;39424000
1690729628;67108864;0;0;49184768
1690729629;67108864;0;0;46256128
1690729630;46137344;0;0;47185920
1690729631;29360128;0;0;43253760
1690729632;58720256;0;0;33677312
1690729633;46850048;0;0;46481408
1690729634;0;0;0;55250944
1690729635;0;0;0;62464000
1690729636;0;0;0;60952576
1690729637;0;0;0;59113472
1690729638;0;0;0;63832064
1690729639;0;0;0;47587328
1690729640;0;0;0;62521344
1690729641;0;0;0;62652416
1690729642;0;0;0;61247488
1690729643;0;0;0;61628416
1690729644;0;0;0;55955456
1690729645;0;0;0;62914560
1690729646;0;0;0;60420096
1690729647;0;0;0;60096512
1690729648;0;0;0;61341696
1690729649;0;0;0;59740160
1690729650;0;0;0;53084160
1690729651;0;0;0;48574464
1690729652;0;0;0;15204352
1690729653;0;0;0;26882048
1690729654;0;0;0;30302208
1690729655;1368064;0;0;48267264
1690729656;114556928;0;0;45756416
1690729657;84410368;0;0;24813568
1690729658;95944704;0;0;21037056
1690729659;75497472;0;0;43315200
1690729660;83886080;0;0;43708416
1690729661;88080384;0;0;59424768
1690729662;88080384;0;0;31002624
1690729663;81002496;0;0;40763392
1690729664;95158272;0;0;36438016
1690729665;93585408;0;0;37916672
1690729666;95158272;0;0;40660992
1690729667;96468992;0;0;38744064
1690729668;96468992;0;0;40239104
1690729669;96468992;0;0;36700160
1690729670;100663296;0;0;35176448
1690729671;104857600;0;0;35782656
1690729672;109051904;0;0;41504768
1690729673;79691776;0;0;42692608
1690729674;55050240;0;0;34078720
1690729675;104333312;0;0;30216192
1690729676;151257088;0;0;41439232
1690729677;58458112;0;0;37978112
1690729678;71303168;0;0;41742336
1690729679;38436864;0;0;31985664
1690729680;81002496;0;0;34603008
1690729681;20353024;0;0;48627712
1690729682;0;0;0;63750144
1690729683;0;0;0;55967744
1690729684;0;0;0;60567552
1690729685;0;0;0;40640512
1690729686;0;0;0;60551168
1690729687;0;0;0;63664128
1690729688;0;0;0;57929728
1690729689;0;0;0;62783488
1690729690;0;0;0;58327040
1690729691;0;0;0;63045632
1690729692;0;0;0;61317120
1690729693;0;0;0;64913408
1690729694;0;0;0;55926784
1690729695;0;0;0;39403520
1690729696;0;0;0;58601472
1690729697;0;0;0;62758912
1690729698;0;0;0;56229888
1690729699;0;0;0;61210624
1690729700;0;0;0;57040896
1690729701;0;0;0;62885888
1690729702;0;0;0;60768256
1690729703;0;0;0;60342272
1690729704;0;0;0;32006144
1690729705;0;0;0;61210624
1690729706;0;0;0;61554688
1690729707;0;0;0;60604416
1690729708;0;0;0;59981824
1690729709;0;0;0;59482112
1690729710;0;0;0;62377984
1690729711;0;0;0;60555264
1690729712;0;0;0;61997056
1690729713;0;0;0;63397888
1690729714;0;0;0;47562752
1690729715;0;0;0;54657024
1690729716;0;0;0;62898176
1690729717;0;0;0;61624320
1690729718;0;0;0;62218240
1690729719;0;0;0;61603840
1690729720;0;0;0;54259712
1690729721;0;0;0;31080448
1690729722;0;0;0;59899904
1690729723;0;0;0;60948480
1690729724;0;0;0;60137472
1690729725;0;0;0;61640704
1690729726;0;0;0;58494976
1690729727;0;0;0;61865984
1690729728;0;0;0;58085376
1690729729;0;0;0;66416640
1690729730;0;0;0;61865984
1690729731;0;0;0;60293120
1690729732;0;0;0;61472768
1690729733;0;0;0;59113472
1690729734;0;0;0;58703872
1690729735;0;0;0;45887488
1690729736;0;0;0;57524224
1690729737;0;0;0;58458112
1690729738;0;0;0;61329408
1690729739;0;0;0;51310592
1690729740;0;0;0;60497920
1690729741;0;0;0;52092928
1690729742;0;0;0;58851328
1690729743;0;0;0;57147392
1690729744;0;0;0;61734912
1690729745;0;0;0;63832064
1690729746;0;0;0;57765888
1690729747;0;0;0;64094208
1690729748;0;0;0;40370176
1690729749;0;0;0;52396032
1690729750;0;0;0;63700992
1690729751;0;0;0;60424192
1690729752;0;0;0;63647744
1690729753;0;0;0;64290816
1690729754;0;0;0;60846080
1690729755;0;0;0;58437632
1690729756;0;0;0;21889024
1690729757;0;0;0;26214400
1690729758;0;0;0;56365056
1690729759;0;0;0;61181952
1690729760;0;0;0;61493248
1690729761;0;0;0;57483264
1690729762;0;0;0;63307776
1690729763;0;0;0;61591552
1690729764;0;0;0;59289600
1690729765;0;0;0;60547072
1690729766;0;0;0;59592704
1690729767;0;0;0;60911616
1690729768;0;0;0;61448192
1690729769;0;0;0;65449984
1690729770;0;0;0;63062016
1690729771;0;0;0;58195968
1690729772;0;0;0;62099456
1690729773;0;0;0;63250432
1690729774;0;0;0;56160256
1690729775;0;0;0;63893504
1690729776;0;0;0;59416576
1690729777;0;0;0;63094784
1690729778;0;0;0;61472768
1690729779;0;0;0;60948480
1690729780;0;0;0;48103424
1690729781;0;0;0;49680384
1690729782;0;0;0;60030976
1690729783;0;0;0;62521344
1690729784;0;0;0;62951424
1690729785;0;0;0;63176704
1690729786;0;0;0;41730048
1690729787;0;0;0;61476864
1690729788;0;0;0;61317120
1690729789;0;0;0;59990016
1690729790;0;0;0;51642368
1690729791;0;0;0;61472768
1690729792;0;0;0;62128128
1690729793;0;0;0;60387328
1690729794;0;0;0;57671680
1690729795;0;0;0;49811456
1690729796;0;0;0;43384832
1690729797;0;0;0;60289024
1690729798;0;0;0;61276160
1690729799;0;0;0;61444096
1690729800;0;0;0;60788736
1690729801;0;0;0;57802752
1690729802;0;0;0;63578112
1690729803;0;0;0;63647744
1690729804;0;0;0;57540608
1690729805;0;0;0;60268544
1690729806;0;0;0;45346816
1690729807;0;0;0;63746048
1690729808;0;0;0;63078400
1690729809;0;0;0;63569920
1690729810;0;0;0;59052032
1690729811;0;0;0;57016320
1690729812;0;0;0;64585728
