Time;{instance="10.231.0.208:9100"};{instance="192.168.221.10:9100"};{instance="192.168.221.11:9100"};{instance="192.168.221.12:9100"}
1690728312;11870;14000.999999999998;12148;12352
1690728313;11969;78299.99999999999;12052;12346
1690728314;11876;13580.999999999998;12068;16601
1690728315;32198818;106999.99999999999;12091;14758
1690728316;112643438;28341.999999999996;12062;142839
1690728317;116118477;58502.99999999999;12061;150907
1690728318;117375982;76797.99999999999;13259;183308
1690728319;117251081;39372.99999999999;12071;267474
1690728320;117091145;95391.99999999999;12083;255768
1690728321;115010484;26316.999999999996;12081;252229
1690728322;118085059;47384.99999999999;12072;275508
1690728323;115914584;70703.99999999999;12070;249846
1690728324;117693970;18068.999999999996;12077;263716
1690728325;116800032;61462.99999999999;12266;253044
1690728326;116873195;67259.99999999999;12073;225642
1690728327;117034095;21073.999999999996;12068;285984
1690728328;118706421;71133.99999999999;13521;285156
1690728329;86280817;40584.99999999999;12061;264276
1690728330;76008080;75722.99999999999;12056;52872
1690728331;114621820;16881.999999999996;12091;274368
1690728332;116527681;51114.99999999999;12080;253158
1690728333;118336127;19285.999999999996;12066;251820
1690728334;116419624;53183.99999999999;12080;284810
1690728335;112978899;37362.99999999999;12137;236694
1690728336;119127391;22245.999999999996;12088;274674
1690728337;116539632;22413.999999999996;12272;275238
1690728338;118159656;33936.99999999999;13019;262704
1690728339;114680016;28303.999999999996;12836;268776
1690728340;115997361;24392.999999999996;12068;272604
1690728341;117644047;18296.999999999996;12546;273330
1690728342;115508794;22474.999999999996;12271;262386
1690728343;113603182;14043.999999999998;12064;236094
1690728344;113639149;53088.99999999999;12057;261416
1690728345;117171297;16297.999999999998;12315;286686
1690728346;117790697;14341.999999999998;12069;286080
1690728347;118651580;27842.999999999996;12072;268512
1690728348;115991508;41597.99999999999;12867;260064
1690728349;118173092;31148.999999999996;12576;265650
1690728350;116836958;26559.999999999996;12053;299634
1690728351;117583858;29074.999999999996;12060;272634
1690728352;118390195;13566.999999999998;12065;278898
1690728353;115553847;22201.999999999996;12066;252222
1690728354;115835263;20079.999999999996;12051;281990
1690728355;117428009;18303.999999999996;12520;267960
1690728356;118704379;14485.999999999998;12201;262962
1690728357;116791261;23401.999999999996;12065;281472
1690728358;116429217;34898.99999999999;12753;279750
1690728359;116946222;24718.999999999996;12731;268800
1690728360;115852562;24172.999999999996;12049;255378
1690728361;116653153;42951.99999999999;12067;273756
1690728362;118775386;13566.999999999998;12064;284748
1690728363;113655006;20914.999999999996;12054;265890
1690728364;115528759;36132.99999999999;12053;252506
1690728365;117850610;42782.99999999999;12220;268008
1690728366;116114282;16511.999999999996;12059;259560
1690728367;117595711;25485.999999999996;12064;273516
1690728368;118310396;40009.99999999999;12022;262200
1690728369;116531698;27032.999999999996;12875;269538
1690728370;115608850;30683.999999999996;12480;261930
1690728371;119225604;13775.999999999998;12120;269850
1690728372;115220330;24583.999999999996;12122;254976
1690728373;116735466;21054.999999999996;12035;165156
1690728374;114610594;13751.999999999998;12067;163820
1690728375;9184740;21668.999999999996;12219;82758
1690728376;11900;18656.999999999996;12073;15541
1690728377;11894;22389.999999999996;12060;14972
1690728378;738785;34275.99999999999;12055;14959
1690728379;70091144;31761.999999999996;12871;19579
1690728380;59730516;24006.999999999996;12466;22038
1690728381;70744697;26089.999999999996;12055;27066
1690728382;82714284;21885.999999999996;12048;27156
1690728383;86086893;21340.999999999996;12037;35262
1690728384;93878605;13574.999999999998;12039;37918
1690728385;91504544;24147.999999999996;12077;35934
1690728386;73547859;18908.999999999996;12050;35898
1690728387;26576523;24868.999999999996;12059;14962
1690728388;101548011;29606.999999999996;12047;32340
1690728389;102859024;15575.999999999998;12730;45984
1690728390;101188984;21049.999999999996;12480;42012
1690728391;100672609;29491.999999999996;12188;49896
1690728392;43348828;25703.999999999996;12063;32112
1690728393;12076;13564.999999999998;12066;15168
1690728394;28171427;53378.99999999999;12067;14989
1690728395;11886;31965.999999999996;12129;14975
1690728396;11891;22675.999999999996;12057;14960
1690728397;11892;14136.999999999998;12325;15308
1690728398;11882;33357.99999999999;12112;14990
1690728399;11891;23648.999999999996;12322;15704
1690728400;11886;29209.999999999996;12054;14986
1690728401;11882;26600.999999999996;13392;14967
1690728402;12251;18120.999999999996;12131;14987
1690728403;11972;21822.999999999996;12061;15109
1690728404;11875;18395.999999999996;12069;15031
1690728405;12088;14056.999999999998;12042;15418
1690728406;11880;18112.999999999996;12053;14981
1690728407;11878;22304.999999999996;12117;15292
1690728408;11892;32096.999999999996;12044;14974
1690728409;11882;20560.999999999996;13243;15649
1690728410;12020;25003.999999999996;12047;15168
1690728411;11870;26788.999999999996;13327;14961
1690728412;11881;17793.999999999996;12201;16132
1690728413;11880;22458.999999999996;12054;14963
1690728414;11873;19635.999999999996;12060;14979
1690728415;11876;16816.999999999996;12065;14985
1690728416;11874;17981.999999999996;12061;14975
1690728417;11877;24128.999999999996;12053;15301
1690728418;11966;18005.999999999996;12066;14979
1690728419;11869;38539.99999999999;12067;14964
1690728420;11874;20422.999999999996;12056;15797
1690728421;11887;36785.99999999999;12575;14981
1690728422;11872;19167.999999999996;12876;14962
1690728423;11922;29024.999999999996;12061;15140
1690728424;12034;28534.999999999996;12064;15053
1690728425;11879;50898.99999999999;12232;14964
1690728426;11886;22004.999999999996;12064;14975
1690728427;11875;26854.999999999996;12582;15320
1690728428;11885;28268.999999999996;12073;14996
1690728429;11875;25023.999999999996;12072;14969
1690728430;11875;34760.99999999999;12075;15779
1690728431;11887;18105.999999999996;12643;14975
1690728432;11869;28176.999999999996;12948;14971
1690728433;11968;16754.999999999996;12070;15028
1690728434;11880;13867.999999999998;12064;15382
1690728435;11881;28299.999999999996;12078;15180
1690728436;11878;21681.999999999996;12062;14982
1690728437;11883;19523.999999999996;12065;14974
1690728438;11885;38544.99999999999;12060;15780
1690728439;11881;14162.999999999998;12241;14980
1690728440;11873;35925.99999999999;12614;15958
1690728441;11870;18461.999999999996;12554;14995
1690728442;11866;16420.999999999996;12753;15542
1690728443;11880;32441.999999999996;12183;14991
1690728444;11876;13572.999999999998;12050;15115
1690728445;11891;29333.999999999996;12032;15035
1690728446;11871;14599.999999999998;12046;15055
1690728447;11882;28422.999999999996;12065;14982
1690728448;11953;25816.999999999996;12070;15169
1690728449;11881;18970.999999999996;12078;14994
1690728450;11891;38606.99999999999;12057;14971
1690728451;11892;19051.999999999996;12066;15840
1690728452;11890;13757.999999999998;12569;14989
1690728453;11916;34311.99999999999;12888;15055
1690728454;11875;36410.99999999999;12067;14995
1690728455;11889;53537.99999999999;12074;14978
1690728456;11875;13762.999999999998;12146;14981
1690728457;11895;31627.999999999996;12203;14981
1690728458;11881;22147.999999999996;12216;15161
1690728459;11884;33481.99999999999;12138;15010
1690728460;11869;14307.999999999998;12332;14983
1690728461;11879;18849.999999999996;12063;15646
1690728462;11865;24617.999999999996;12581;15159
1690728463;11974;17807.999999999996;12069;15054
1690728464;11888;31344.999999999996;12886;15200
1690728465;11883;15907.999999999998;12064;15206
1690728466;11885;22366.999999999996;12059;15003
1690728467;11879;25300.999999999996;12072;14967
1690728468;11896;30843.999999999996;12075;15297
1690728469;11865;19361.999999999996;12129;14966
1690728470;11862;24866.999999999996;12066;14974
1690728471;11873;14207.999999999998;12088;15024
1690728472;11875;25370.999999999996;12580;15780
1690728473;11872;16903.999999999996;12066;14980
1690728474;11875;30546.999999999996;12756;14985
1690728475;11874;15814.999999999998;12202;14975
1690728476;11864;20525.999999999996;12080;14960
1690728477;11873;22444.999999999996;12084;14981
1690728478;11961;30833.999999999996;12074;15313
1690728479;11863;27110.999999999996;12067;14973
1690728480;11852;28020.999999999996;12082;14981
1690728481;11867;13576.999999999998;12075;14992
1690728482;11868;18248.999999999996;12564;15680
1690728483;11917;25305.999999999996;12065;15288
1690728484;11865;39202.99999999999;12062;14983
1690728485;11862;53474.99999999999;12721;14975
1690728486;11856;13937.999999999998;12368;14970
1690728487;11878;21357.999999999996;12055;14969
1690728488;11871;18000.999999999996;12065;14968
1690728489;11882;29702.999999999996;12474;15323
1690728490;11865;41185.99999999999;12319;14984
1690728491;11860;17791.999999999996;12065;15001
1690728492;11877;22365.999999999996;12478;14995
1690728493;11966;14617.999999999998;12197;15032
1690728494;11871;25728.999999999996;12130;15871
1690728495;11865;23578.999999999996;12056;14980
1690728496;11880;23398.999999999996;14124;14989
1690728497;11870;22044.999999999996;12082;15002
1690728498;11865;17948.999999999996;12073;14997
1690728499;11859;38127.99999999999;12238;15306
1690728500;11859;24170.999999999996;12079;15051
1690728501;11860;23933.999999999996;12077;15212
1690728502;11862;25313.999999999996;12071;14976
1690728503;11849;19048.999999999996;12559;14984
1690728504;11881;19391.999999999996;12065;15731
1690728505;11880;17454.999999999996;12073;14985
1690728506;11876;26499.999999999996;12745;15376
1690728507;11867;36037.99999999999;12069;14985
1690728508;24730;28426.999999999996;12200;16835
1690728509;71046169;39879.99999999999;12054;57307
1690728510;81762721;30488.999999999996;12072;219510
1690728511;91794650;22315.999999999996;12073;216744
1690728512;88984649;22597.999999999996;12064;215040
1690728513;82535359;19065.999999999996;12480;202584
1690728514;80838673;41030.99999999999;12063;207174
1690728515;82219492;35902.99999999999;12076;191396
1690728516;82929042;14573.999999999998;12120;198888
1690728517;53483344;33742.99999999999;12202;199638
1690728518;94702323;37601.99999999999;13066;77862
1690728519;80509494;18527.999999999996;12274;190140
1690728520;91693680;24608.999999999996;12052;217530
1690728521;74675950;23995.999999999996;12071;218130
1690728522;79111018;22003.999999999996;12075;116646
1690728523;11999;27316.999999999996;12579;57114
1690728524;11907;20859.999999999996;12465;15437
1690728525;11898;18940.999999999996;12208;15073
1690728526;11872;18086.999999999996;12071;14629
1690728527;11892;27518.999999999996;12054;14608
1690728528;11895;29207.999999999996;12884;14634
1690728529;11882;35650.99999999999;12306;14594
1690728530;11895;60307.99999999999;12233;16499
1690728531;11902;14108.999999999998;12071;15700
1690728532;11887;26351.999999999996;12057;14671
1690728533;11899;23287.999999999996;12627;14602
1690728534;11888;31167.999999999996;12079;14626
1690728535;11892;15087.999999999998;12078;15433
1690728536;11887;19452.999999999996;12072;14633
1690728537;11906;23231.999999999996;12078;14620
1690728538;12132;21626.999999999996;12751;14621
1690728539;11909;34020.99999999999;12194;14623
1690728540;11892;18451.999999999996;12069;14618
1690728541;11881;28164.999999999996;12064;15029
1690728542;11886;13567.999999999998;12049;14631
1690728543;11925;29767.999999999996;12576;14599
1690728544;11880;39994.99999999999;12068;14616
1690728545;11883;37960.99999999999;12054;15434
1690728546;11894;21216.999999999996;12221;14647
1690728547;11904;20484.999999999996;12051;14620
1690728548;11889;27151.999999999996;12050;14607
1690728549;11885;19911.999999999996;12719;14614
1690728550;11879;38344.99999999999;12179;14633
1690728551;11889;18198.999999999996;12064;15047
1690728552;12056;22926.999999999996;12123;14607
1690728553;11980;18282.999999999996;12075;14607
1690728554;11891;47057.99999999999;12574;14693
1690728555;11891;13576.999999999998;12143;15417
1690728556;11890;20991.999999999996;12067;14761
1690728557;23817;30686.999999999996;12055;14619
1690728558;15641;32155.999999999996;12071;15954
1690728559;11878;28137.999999999996;12075;15210
1690728560;28661828;21931.999999999996;12247;15511
1690728561;114127513;22542.999999999996;12811;135688
1690728562;116640802;26883.999999999996;12057;127770
1690728563;117674631;17650.999999999996;12061;138084
1690728564;117084370;23902.999999999996;12503;136896
1690728565;118022223;14362.999999999998;12072;160978
1690728566;115979683;26289.999999999996;12054;155220
1690728567;111942670;28347.999999999996;12067;163876
1690728568;96060098;21480.999999999996;12471;138853
1690728569;7449764;24371.999999999996;12206;31674
1690728570;57947356;38487.99999999999;12063;14281
1690728571;118820938;20123.999999999996;12927;212880
1690728572;114876877;37665.99999999999;12066;280278
1690728573;118218547;14807.999999999998;12449;259956
1690728574;114524607;60949.99999999999;12598;270084
1690728575;118765112;38029.99999999999;12075;263630
1690728576;117356005;19945.999999999996;12078;271488
1690728577;115170025;26879.999999999996;12341;287034
1690728578;118967152;24185.999999999996;12199;286164
1690728579;116569536;28758.999999999996;12417;285672
1690728580;116583816;34418.99999999999;12479;249456
1690728581;115777664;20369.999999999996;12814;271980
1690728582;117787693;17260.999999999996;12312;243612
1690728583;119208810;22676.999999999996;12066;285128
1690728584;116338844;23525.999999999996;13069;266532
1690728585;113848125;54286.99999999999;12947;262436
1690728586;117249635;15189.999999999998;12074;275232
1690728587;117386834;19203.999999999996;12095;283152
1690728588;119051159;37238.99999999999;12064;289254
1690728589;116211535;37458.99999999999;12074;281550
1690728590;116145875;27849.999999999996;12133;256032
1690728591;102686078;13698.999999999998;12067;272832
1690728592;24898391;62413.99999999999;13120;79440
1690728593;115400152;20511.999999999996;12079;139788
1690728594;116724495;30196.999999999996;12063;264150
1690728595;117569066;70072.99999999999;12738;269102
1690728596;119425712;14462.999999999998;12074;284718
1690728597;115680902;38491.99999999999;12068;279396
1690728598;117930065;25880.999999999996;12071;271020
1690728599;118054984;27705.999999999996;12061;275004
1690728600;114749575;16691.999999999996;12077;265842
1690728601;117223864;29403.999999999996;12072;269880
1690728602;113451849;19583.999999999996;12894;285534
1690728603;113812925;33571.99999999999;12086;212028
1690728604;118541834;34404.99999999999;12077;244482
1690728605;117259051;29874.999999999996;12547;252092
1690728606;115672673;46740.99999999999;12078;282072
1690728607;116957487;19707.999999999996;12060;294786
1690728608;117387942;18553.999999999996;12471;281166
1690728609;115819722;34555.99999999999;12215;275406
1690728610;115768144;14429.999999999998;12065;266796
1690728611;118378952;32655.999999999996;12061;265638
1690728612;115225347;20065.999999999996;12768;264348
1690728613;117185427;19929.999999999996;12217;173688
1690728614;116611002;23221.999999999996;12069;160698
1690728615;117892957;18766.999999999996;12236;162758
1690728616;115695943;21316.999999999996;12638;155082
1690728617;116666348;23624.999999999996;12079;208770
1690728618;115692890;19922.999999999996;12085;91308
1690728619;115775174;22361.999999999996;12071;141324
1690728620;113579784;32968.99999999999;12067;137730
1690728621;89265878;25514.999999999996;12079;145200
1690728622;11897;13689.999999999998;12084;28182
1690728623;11877;28488.999999999996;12089;14423
1690728624;20191884;16223.999999999998;12893;13907
1690728625;86447568;29936.999999999996;12245;103313
1690728626;101464804;18245.999999999996;12586;91241
1690728627;118316981;37895.99999999999;12066;57204
1690728628;116932677;28934.999999999996;12069;58032
1690728629;115163616;27608.999999999996;12071;50946
1690728630;116064903;13850.999999999998;12082;48264
1690728631;114029976;33627.99999999999;12082;57096
1690728632;110068268;13575.999999999998;12088;58776
1690728633;114240075;18936.999999999996;12147;47850
1690728634;54990350;42206.99999999999;13274;39792
1690728635;13263;13574.999999999998;12078;13918
1690728636;12215;61596.99999999999;12771;13934
1690728637;24956539;27319.999999999996;12210;14589
1690728638;116937432;17398.999999999996;12276;39132
1690728639;110181840;39624.99999999999;12342;76704
1690728640;107160893;13560.999999999998;12050;81942
1690728641;112994387;29855.999999999996;12069;120000
1690728642;94547237;13574.999999999998;12089;153210
1690728643;104272821;18986.999999999996;12060;46986
1690728644;93460933;18533.999999999996;12082;116250
1690728645;107581960;14330.999999999998;12888;51596
1690728646;104986402;33406.99999999999;12579;47526
1690728647;105163718;22000.999999999996;12093;149458
1690728648;91113248;31543.999999999996;12076;57876
1690728649;102397434;27217.999999999996;12067;49110
1690728650;108326731;15368.999999999998;12156;54192
1690728651;49034528;17129.999999999996;12088;36084
1690728652;25856150;24706.999999999996;12071;13917
1690728653;112608206;24690.999999999996;12079;41814
1690728654;92998382;14732.999999999998;12080;129696
1690728655;99171665;18955.999999999996;12965;67976
1690728656;99066255;25997.999999999996;12081;45660
1690728657;84398042;22819.999999999996;12578;56982
1690728658;7467066;33007.99999999999;12083;14660
1690728659;12364;28348.999999999996;12092;13917
1690728660;87144038;29927.999999999996;12074;45948
1690728661;106336741;13568.999999999998;12075;234180
1690728662;100832955;37833.99999999999;12076;73398
1690728663;104712450;13565.999999999998;12071;53028
1690728664;107620424;50599.99999999999;12082;50022
1690728665;115687832;14912.999999999998;12750;50396
1690728666;112028114;56445.99999999999;12221;50424
1690728667;102839879;18347.999999999996;12637;48582
1690728668;47772667;20050.999999999996;12065;33078
1690728669;1139212;26048.999999999996;12270;14442
1690728670;12222;22439.999999999996;12075;13972
1690728671;11952;26243.999999999996;12487;13934
1690728672;18581039;28899.999999999996;12203;13929
1690728673;107690802;18963.999999999996;12072;43902
1690728674;114647304;18789.999999999996;12090;65352
1690728675;115878774;16802.999999999996;12068;52286
1690728676;113892577;23117.999999999996;12941;51564
1690728677;107242125;24585.999999999996;12090;126558
1690728678;95318323;19810.999999999996;12572;63420
1690728679;93690136;47823.99999999999;12074;162416
1690728680;99544586;13555.999999999998;12239;47778
1690728681;108010131;21763.999999999996;12077;51144
1690728682;107732712;13573.999999999998;12087;54264
1690728683;74779990;13562.999999999998;12074;34044
1690728684;27652951;21109.999999999996;12049;16740
1690728685;1602319;23526.999999999996;12070;14414
1690728686;83068092;18848.999999999996;12741;16728
1690728687;112393096;36274.99999999999;12214;43710
1690728688;115816114;18280.999999999996;12565;47076
1690728689;109272510;31087.999999999996;12068;44676
1690728690;70557609;13723.999999999998;12074;27918
1690728691;20218290;59488.99999999999;12064;13985
1690728692;25171346;13768.999999999998;12081;13938
1690728693;44828102;19794.999999999996;12138;29370
1690728694;11877;42777.99999999999;12078;14315
1690728695;11887;26429.999999999996;12079;13897
1690728696;11893;42627.99999999999;12079;14409
1690728697;11889;23679.999999999996;13190;13916
1690728698;11889;26930.999999999996;12624;13906
1690728699;11897;27322.999999999996;12304;13904
1690728700;11902;31480.999999999996;12089;14563
1690728701;11882;19062.999999999996;12476;14033
1690728702;11890;23908.999999999996;12219;13905
1690728703;11897;13639.999999999998;12073;13959
1690728704;11958;26096.999999999996;12074;13957
1690728705;11885;18925.999999999996;12084;14166
1690728706;11887;30188.999999999996;12088;14405
1690728707;11871;20164.999999999996;12067;13958
1690728708;11879;19029.999999999996;13325;13838
1690728709;11870;45209.99999999999;12143;13906
1690728710;11874;21326.999999999996;12078;13904
1690728711;11898;30740.999999999996;12078;15040
1690728712;11878;13569.999999999998;12082;13949
1690728713;11885;23735.999999999996;12078;13888
1690728714;11874;13552.999999999998;12078;13910
1690728715;11879;29229.999999999996;12067;13902
1690728716;12096;13551.999999999998;12069;14257
1690728717;11881;34620.99999999999;12059;13903
1690728718;11890;31259.999999999996;13314;13934
1690728719;11956;18726.999999999996;12080;13903
1690728720;11879;18712.999999999996;12065;13883
1690728721;11952;19942.999999999996;12079;14570
1690728722;12109;27891.999999999996;12078;14094
1690728723;12329;13745.999999999998;12064;13913
1690728724;11937;47698.99999999999;12083;13955
1690728725;11867;13566.999999999998;12060;13945
1690728726;11882;60468.99999999999;12057;15121
1690728727;11886;24791.999999999996;12081;14046
1690728728;11865;37824.99999999999;12642;13907
1690728729;11884;21667.999999999996;13050;13913
1690728730;11889;17782.999999999996;12077;13900
1690728731;11871;18274.999999999996;12083;13900
1690728732;11862;27313.999999999996;12063;14581
1690728733;11894;17641.999999999996;12065;14026
1690728734;11964;19699.999999999996;12055;13901
1690728735;11875;13558.999999999998;12060;13892
1690728736;11871;21755.999999999996;12121;13879
1690728737;11882;30246.999999999996;12066;14567
1690728738;11883;40492.99999999999;12072;13903
1690728739;11874;18939.999999999996;13610;13987
1690728740;11874;18061.999999999996;12076;13962
1690728741;11862;23968.999999999996;12052;14272
1690728742;11883;18901.999999999996;12056;14134
1690728743;11876;26846.999999999996;12065;14719
1690728744;11875;15788.999999999998;12059;14286
1690728745;11889;20685.999999999996;12053;13905
1690728746;11868;18562.999999999996;12067;13913
1690728747;11857;27167.999999999996;12473;14424
1690728748;11881;20071.999999999996;12142;13913
1690728749;11963;49263.99999999999;13929;13909
1690728750;11880;20991.999999999996;12136;13896
1690728751;11879;34582.99999999999;12492;13887
1690728752;11868;14558.999999999998;12147;13970
1690728753;11860;41621.99999999999;12394;14773
1690728754;11868;31247.999999999996;12126;13973
1690728755;11871;26840.999999999996;12059;14526
1690728756;11872;36774.99999999999;12076;13903
1690728757;11893;39915.99999999999;12190;14249
1690728758;11884;25816.999999999996;12134;13898
1690728759;11884;19367.999999999996;13484;13886
1690728760;11880;22624.999999999996;12258;13892
1690728761;11881;18234.999999999996;12068;13849
1690728762;11884;14958.999999999998;12069;13901
1690728763;11876;22326.999999999996;12063;14706
1690728764;11954;26119.999999999996;12063;14087
1690728765;11876;13560.999999999998;12079;13969
1690728766;11866;18968.999999999996;12133;13973
1690728767;11855;28417.999999999996;12154;13895
1690728768;11859;41835.99999999999;12442;14397
1690728769;11920;22780.999999999996;12717;13899
1690728770;11872;18863.999999999996;12882;13907
1690728771;11867;20443.999999999996;12089;13973
1690728772;11866;18262.999999999996;12091;13897
1690728773;11879;18703.999999999996;12078;13916
1690728774;11887;18920.999999999996;12074;14726
1690728775;11883;15440.999999999998;12061;13900
1690728776;11893;18011.999999999996;12077;13911
1690728777;11883;28125.999999999996;12058;13899
1690728778;11884;38473.99999999999;12081;14390
1690728779;11963;24740.999999999996;12580;13910
1690728780;11889;23139.999999999996;12890;13922
1690728781;11894;20411.999999999996;12084;13971
1690728782;11884;15010.999999999998;12509;14042
1690728783;11872;19879.999999999996;12310;14269
1690728784;11880;45482.99999999999;12066;14608
1690728785;11876;20452.999999999996;12139;14018
1690728786;11894;45836.99999999999;12141;13969
1690728787;11889;31338.999999999996;12445;14344
1690728788;11893;36356.99999999999;12062;14552
1690728789;11889;18917.999999999996;12559;13899
1690728790;11878;13817.999999999998;12919;13896
1690728791;11868;30095.999999999996;12188;13898
1690728792;11885;13564.999999999998;12085;14058
1690728793;11886;21557.999999999996;12069;13966
1690728794;11957;24513.999999999996;12083;13994
1690728795;11876;16845.999999999996;12081;14845
1690728796;11887;21609.999999999996;12125;14083
1690728797;11866;22937.999999999996;12068;13913
1690728798;11876;47944.99999999999;12067;13921
1690728799;11872;19378.999999999996;12235;14404
1690728800;11865;16446.999999999996;12483;13916
1690728801;11888;31224.999999999996;12882;14241
1690728802;11880;13550.999999999998;12066;13924
1690728803;11877;27542.999999999996;12074;13963
1690728804;11886;20407.999999999996;12068;13902
1690728805;11878;21464.999999999996;12084;14700
1690728806;11889;13556.999999999998;12062;
1690728807;11878;20216.999999999996;12079;
1690728808;11873;26940.999999999996;12075;
1690728809;11975;45752.99999999999;12143;19292.79633204633
1690728810;11875;18041.999999999996;12488;23281.3519818332
1690728811;11885;24752.999999999996;12134;13946
1690728812;11880;23315.999999999996;12884;13956
1690728813;11889;17178.999999999996;12069;13897
1690728814;11933;49390.99999999999;12206;13992
1690728815;11901;17010.999999999996;12085;14301
1690728816;11896;40235.99999999999;12064;14722
1690728817;11878;21010.999999999996;12272;13918
1690728818;11877;35533.99999999999;12200;13927
1690728819;11895;29335.999999999996;12436;14558
1690728820;11871;26601.999999999996;12572;13972
1690728821;11874;13553.999999999998;12120;13960
1690728822;11878;22604.999999999996;12938;13894
1690728823;11879;14475.999999999998;12088;13904
1690728824;11959;26985.999999999996;12078;13964
1690728825;11871;24999.999999999996;12048;13967
1690728826;11908;13877.999999999998;12065;14571
1690728827;11866;29286.999999999996;12455;14046
1690728828;11860;35768.99999999999;12267;14048
1690728829;11884;33739.99999999999;12300;14298
1690728830;11890;24840.999999999996;12561;14447
1690728831;11886;14160.999999999998;12079;14084
1690728832;11863;29110.999999999996;12886;13971
1690728833;11873;13571.999999999998;12065;13889
1690728834;11876;25106.999999999996;12080;13908
1690728835;11882;16292.999999999998;12071;13894
1690728836;11876;18183.999999999996;12076;13902
1690728837;11879;31522.999999999996;12073;14319
1690728838;11879;14376.999999999998;12070;14725
1690728839;11964;57266.99999999999;12077;14033
1690728840;11866;18962.999999999996;12067;14421
1690728841;11867;16547.999999999996;12572;13895
1690728842;11873;13987.999999999998;12061;13895
1690728843;11880;19659.999999999996;12825;14128
1690728844;11881;40094.99999999999;12097;13918
1690728845;11873;18310.999999999996;12060;14005
1690728846;11873;49993.99999999999;12073;13918
1690728847;11872;29027.999999999996;12146;13914
1690728848;11881;30155.999999999996;12068;13910
1690728849;11861;20047.999999999996;12073;14716
1690728850;11878;35077.99999999999;12213;14339
1690728851;11882;18835.999999999996;13485;13898
1690728852;11874;19927.999999999996;12141;13918
1690728853;11874;18252.999999999996;12749;13925
1690728854;11967;13902.999999999998;12519;13907
1690728855;11877;13961.999999999998;12072;13921
1690728856;11869;19601.999999999996;12153;13931
1690728857;11875;36237.99999999999;12485;14077
1690728858;11869;31048.999999999996;12216;13906
1690728859;11916;18112.999999999996;12240;14791
1690728860;11845;38815.99999999999;12078;14667
1690728861;11867;21143.999999999996;12626;13967
1690728862;11868;19943.999999999996;12086;14441
1690728863;11876;13736.999999999998;12068;14030
1690728864;11883;24981.999999999996;12876;13975
1690728865;11866;13582.999999999998;12060;13907
1690728866;11871;19119.999999999996;12065;13913
1690728867;11884;23381.999999999996;12055;13926
1690728868;11869;17138.999999999996;12059;
1690728869;11951;42569.99999999999;12087;
1690728870;11873;33015.99999999999;12233;
1690728871;11879;33121.99999999999;12501;14690.851735015774
1690728872;11859;13554.999999999998;12131;14055
1690728873;11890;24770.999999999996;12140;13973
1690728874;11877;36480.99999999999;12944;13987
1690728875;11880;20828.999999999996;12056;14048
1690728876;11878;47468.99999999999;12053;13902
1690728877;11869;15763.999999999998;12069;13907
1690728878;11858;50305.99999999999;12064;13933
1690728879;11869;18744.999999999996;12062;13922
1690728880;11886;26480.999999999996;12126;14781
1690728881;11881;20947.999999999996;12636;14338
1690728882;11879;13561.999999999998;12062;13910
1690728883;11874;28791.999999999996;12071;13903
1690728884;11965;14434.999999999998;12860;13895
1690728885;11891;28937.999999999996;12079;13919
1690728886;11886;13746.999999999998;12064;13912
1690728887;11892;23054.999999999996;12046;14038
1690728888;11875;23577.999999999996;12038;13969
1690728889;11908;40768.99999999999;12363;13972
1690728890;11876;32640.999999999996;12054;14936
1690728891;11887;55338.99999999999;12162;14387
1690728892;24028;29656.999999999996;13948;15533
1690728893;11897;17999.999999999996;12049;15312
1690728894;11883;23391.999999999996;12061;14189
1690728895;2635702;16338.999999999998;12933;13933
1690728896;115150701;31699.999999999996;12065;91187
1690728897;116601719;13587.999999999998;12040;141018
1690728898;118064337;46686.99999999999;12597;153456
1690728899;114338102;17230.999999999996;12076;143286
1690728900;115710929;152887.99999999997;12065;136194
1690728901;116789965;13635.999999999998;12478;151730
1690728902;116363199;18189.999999999996;12630;146718
1690728903;113267988;20238.999999999996;12069;146784
1690728904;89956890;37051.99999999999;12071;91716
1690728905;64583172;28318.999999999996;12859;25074
1690728906;111856807;38166.99999999999;12066;97212
1690728907;114576671;30807.999999999996;12139;142170
1690728908;117684304;31733.999999999996;12072;149130
1690728909;113691998;30504.999999999996;12075;133452
1690728910;99884006;19408.999999999996;12080;115230
1690728911;18308866;26256.999999999996;12131;25976
1690728912;77319401;18110.999999999996;12623;25164
1690728913;118991846;16333.999999999998;12077;137988
1690728914;114542608;23811.999999999996;12053;142560
1690728915;117770582;13642.999999999998;12815;145344
1690728916;113274899;19229.999999999996;12276;149964
1690728917;53621177;27429.999999999996;12076;76632
1690728918;107429656;25140.999999999996;12051;44304
1690728919;113848073;34525.99999999999;12089;141342
1690728920;113157235;13907.999999999998;12066;144576
1690728921;113614147;70943.99999999999;12056;140864
1690728922;88834504;18122.999999999996;12731;96384
1690728923;16964972;13749.999999999998;12056;18678
1690728924;1273944;20844.999999999996;12045;13670
1690728925;113194648;13555.999999999998;12050;53802
1690728926;116792611;31373.999999999996;12742;153600
1690728927;115230666;19887.999999999996;12187;142824
1690728928;117372107;20347.999999999996;12057;158040
1690728929;107720256;33703.99999999999;12131;133326
1690728930;23628074;18359.999999999996;12122;74982
1690728931;11874;29707.999999999996;12845;13567
1690728932;11872;23844.999999999996;12125;15087
1690728933;11870;31451.999999999996;12626;13646
1690728934;11871;38377.99999999999;12132;13917
1690728935;11874;21676.999999999996;12133;13663
1690728936;11878;47029.99999999999;12066;13664
1690728937;11874;22749.999999999996;12731;13596
1690728938;11872;41315.99999999999;12199;13571
1690728939;93073034;14059.999999999998;12077;31456
1690728940;114460595;26770.999999999996;12119;44196
1690728941;113315402;28976.999999999996;12130;44696
1690728942;115830119;23329.999999999996;12057;40848
1690728943;113358346;13566.999999999998;12626;43566
1690728944;106672785;15687.999999999998;12061;47724
1690728945;111860751;17213.999999999996;12072;43296
1690728946;100038783;17843.999999999996;12048;38610
1690728947;31498357;18461.999999999996;12058;30684
1690728948;2036934;47355.99999999999;12066;13728
1690728949;12408;20626.999999999996;12881;13624
1690728950;79559;21506.999999999996;12144;13673
1690728951;71864009;33889.99999999999;12072;13589
1690728952;118108088;19634.999999999996;12064;144258
1690728953;114347104;25798.999999999996;12625;148230
1690728954;115138810;15331.999999999998;12137;133638
1690728955;111315734;27252.999999999996;12068;115278
1690728956;114320374;13579.999999999998;12446;126366
1690728957;113591593;14082.999999999998;12056;149424
1690728958;79744064;49435.99999999999;12077;66900
1690728959;25952369;19258.999999999996;12883;21552
1690728960;30990041;22662.999999999996;12057;13591
1690728961;113906320;18616.999999999996;12229;85100
1690728962;116682397;20344.999999999996;12095;144000
1690728963;119012580;22560.999999999996;12569;157740
1690728964;113064133;40942.99999999999;12100;142836
1690728965;108563766;15760.999999999998;12066;125706
1690728966;111402107;42791.99999999999;12066;123708
1690728967;102932186;26137.999999999996;12055;114228
1690728968;36503638;37620.99999999999;12669;41910
1690728969;1240588;24018.999999999996;12880;13642
1690728970;91593531;21331.999999999996;12073;60660
1690728971;109106253;24346.999999999996;12205;111020
1690728972;116113873;25083.999999999996;12060;139560
1690728973;97643425;18344.999999999996;12580;132300
1690728974;76851441;34496.99999999999;12146;33942
1690728975;112164521;13832.999999999998;12076;125202
1690728976;116694375;17986.999999999996;12109;129876
1690728977;62446058;26697.999999999996;12066;127326
1690728978;11887;20702.999999999996;12063;13578
1690728979;11868;13952.999999999998;12084;13581
1690728980;11878;46440.99999999999;12951;13648
1690728981;11886;16567.999999999996;12071;13584
1690728982;11871;22685.999999999996;12071;13657
1690728983;11880;18479.999999999996;12634;14111
1690728984;11883;18380.999999999996;12081;13670
1690728985;11888;18551.999999999996;12077;14271
1690728986;5950803;24338.999999999996;12067;13715
1690728987;106699491;19736.999999999996;12080;78708
1690728988;113960982;31603.999999999996;12071;154674
1690728989;115898530;17024.999999999996;12070;133386
1690728990;119126710;40101.99999999999;12799;149238
1690728991;113539126;16784.999999999996;12366;134184
1690728992;116982810;27672.999999999996;12664;156676
1690728993;113294978;24487.999999999996;12475;123564
1690728994;116688884;35189.99999999999;12118;133308
1690728995;114394748;29291.999999999996;12061;136464
1690728996;113069939;39655.99999999999;12073;132756
1690728997;116788572;28892.999999999996;12078;122700
1690728998;115046855;13572.999999999998;12071;151524
1690728999;119793904;33090.99999999999;12070;163098
1690729000;105828644;17658.999999999996;12140;140544
1690729001;107321077;37419.99999999999;12936;94902
1690729002;112794064;18865.999999999996;12075;130700
1690729003;117574917;23416.999999999996;12090;170034
1690729004;118022035;45834.99999999999;12891;160314
1690729005;111321129;19861.999999999996;12086;138126
1690729006;51037860;20537.999999999996;12078;120780
1690729007;105967980;24338.999999999996;12078;71808
1690729008;114882121;16922.999999999996;12071;161496
1690729009;115688629;32243.999999999996;12150;158088
1690729010;116661018;25163.999999999996;12074;156210
1690729011;118272458;13625.999999999998;12060;154596
1690729012;110001883;37948.99999999999;12881;148808
1690729013;117319478;16985.999999999996;12086;165396
1690729014;116614499;23503.999999999996;12495;149508
1690729015;117276630;19032.999999999996;12147;164658
1690729016;115496170;26405.999999999996;12087;168960
1690729017;30643621;17040.999999999996;12078;71730
1690729018;11868;24422.999999999996;12070;20154
1690729019;11964;34336.99999999999;12074;13213
1690729020;11852;27400.999999999996;12068;13200
1690729021;11853;16187.999999999998;12060;13204
1690729022;11872;32609.999999999996;12893;13179
1690729023;11870;24852.999999999996;12079;13185
1690729024;11855;42073.99999999999;12493;13335
1690729025;11857;23624.999999999996;12064;13764
1690729026;11864;42090.99999999999;12062;13792
1690729027;11860;17381.999999999996;12137;14687
1690729028;11867;21285.999999999996;12067;13269
1690729029;11868;31571.999999999996;12067;13427
1690729030;11849;19004.999999999996;12080;13202
1690729031;11863;41015.99999999999;12203;13211
1690729032;11857;14385.999999999998;12867;13193
1690729033;11857;13972.999999999998;12069;13186
1690729034;11948;25461.999999999996;12671;13205
1690729035;11868;18981.999999999996;12134;13734
1690729036;11849;23636.999999999996;12130;13198
1690729037;11863;27009.999999999996;12067;13130
1690729038;11863;16027.999999999998;12063;13206
1690729039;11895;13570.999999999998;12077;13870
1690729040;11860;31366.999999999996;12474;13209
1690729041;11866;23161.999999999996;12066;13381
1690729042;11845;13651.999999999998;12228;13275
1690729043;11880;21810.999999999996;12758;13197
1690729044;11868;29626.999999999996;12738;13272
1690729045;11840;19064.999999999996;12077;13704
1690729046;12141;29921.999999999996;12093;13186
1690729047;12253;27551.999999999996;12086;13184
1690729048;11864;13586.999999999998;12060;13178
1690729049;11962;30422.999999999996;12075;13195
1690729050;11857;18746.999999999996;12152;13199
1690729051;11864;40655.99999999999;12069;14013
1690729052;11869;13799.999999999998;12216;13202
1690729053;11855;31603.999999999996;12086;13259
1690729054;11857;51704.99999999999;12956;13273
1690729055;11878;21718.999999999996;12576;13188
1690729056;11855;44163.99999999999;12073;13833
1690729057;11869;20821.999999999996;12080;13200
1690729058;11853;33889.99999999999;12071;13189
1690729059;11863;13829.999999999998;12083;13537
1690729060;11866;20480.999999999996;12215;13197
1690729061;11847;23637.999999999996;12084;14030
1690729062;11872;23334.999999999996;12082;13195
1690729063;11871;30035.999999999996;12083;13177
1690729064;11966;27944.999999999996;12057;13193
1690729065;11860;23666.999999999996;13505;13196
1690729066;11866;23597.999999999996;12150;13789
1690729067;11871;24847.999999999996;12079;13253
1690729068;11868;25874.999999999996;12418;13184
1690729069;11876;24367.999999999996;12149;13182
1690729070;11870;19696.999999999996;12082;13197
1690729071;11873;22214.999999999996;12084;13278
1690729072;11871;14132.999999999998;12471;14004
1690729073;11862;27562.999999999996;12222;13183
1690729074;11872;14747.999999999998;12098;13192
1690729075;11870;19053.999999999996;13464;13189
1690729076;11851;27908.999999999996;12128;13610
1690729077;11866;18621.999999999996;12090;13194
1690729078;11862;24503.999999999996;12072;13187
1690729079;11961;13577.999999999998;12080;13193
1690729080;11883;38885.99999999999;12073;13186
1690729081;11872;13667.999999999998;12070;13206
1690729082;11849;26813.999999999996;12240;14077
1690729083;11865;27851.999999999996;12060;13483
1690729084;11877;30526.999999999996;12088;13209
1690729085;11905;20652.999999999996;12585;13182
1690729086;11863;37053.99999999999;12777;13207
1690729087;11865;13953.999999999998;12273;13696
1690729088;11865;44178.99999999999;12082;13277
1690729089;11882;29586.999999999996;12074;13256
1690729090;11887;25686.999999999996;12068;13199
1690729091;11873;16184.999999999998;12203;13397
1690729092;11870;16436.999999999996;12071;13728
1690729093;11873;14505.999999999998;12079;14606
1690729094;11957;29852.999999999996;12070;13190
1690729095;11869;18292.999999999996;12256;13170
1690729096;11876;18986.999999999996;12464;13168
1690729097;11867;36903.99999999999;12800;13715
1690729098;11882;41707.99999999999;12052;13196
1690729099;11881;18585.999999999996;12069;13110
1690729100;11860;19585.999999999996;12067;13200
1690729101;11871;20013.999999999996;12454;13347
1690729102;11881;13762.999999999998;12136;13204
1690729103;11870;33243.99999999999;12072;13276
1690729104;11878;13862.999999999998;12063;14074
1690729105;11870;32979.99999999999;12057;14956
1690729106;11867;25528.999999999996;12684;13218
1690729107;11869;25556.999999999996;12756;14876
1690729108;11866;45256.99999999999;12202;13205
1690729109;11964;20939.999999999996;12069;13200
1690729110;11866;25377.999999999996;12150;13103
1690729111;11867;29876.999999999996;12149;13607
1690729112;11870;14980.999999999998;12146;12821
1690729113;11871;13824.999999999998;12065;12874
1690729114;11867;56835.99999999999;12077;13772
1690729115;11864;14696.999999999998;12142;13324
1690729116;11865;55818.99999999999;12564;12869
1690729117;11874;13561.999999999998;12064;13249
1690729118;11880;44066.99999999999;12782;12827
1690729119;11868;25078.999999999996;12211;12898
1690729120;11869;24789.999999999996;12231;12818
1690729121;11878;19316.999999999996;12080;12820
1690729122;11888;13549.999999999998;12085;12811
1690729123;11880;24735.999999999996;12085;12747
1690729124;11970;27675.999999999996;12080;12819
1690729125;11873;13549.999999999998;12060;13618
1690729126;11862;22241.999999999996;12071;12818
1690729127;11877;62094.99999999999;12829;12831
1690729128;11867;39541.99999999999;12079;16797
1690729129;11890;35462.99999999999;12959;12806
1690729130;11871;22136.999999999996;12069;12815
1690729131;11867;27136.999999999996;12093;12799
1690729132;11872;18155.999999999996;12087;12881
1690729133;11862;13557.999999999998;12089;12807
1690729134;11886;20548.999999999996;12058;12814
1690729135;11891;25608.999999999996;12085;13668
1690729136;11876;16302.999999999998;12168;12812
1690729137;11875;28578.999999999996;12606;12809
1690729138;11859;28782.999999999996;12075;13394
1690729139;11952;35143.99999999999;12882;12802
1690729140;11881;20887.999999999996;12084;12799
1690729141;11875;22686.999999999996;12088;12809
1690729142;11860;16738.999999999996;12057;12820
1690729143;11873;21997.999999999996;12690;12940
1690729144;11907;51948.99999999999;12066;12812
1690729145;11864;17445.999999999996;12084;13623
1690729146;11857;39407.99999999999;12084;12808
1690729147;11876;31224.999999999996;12621;12812
1690729148;11857;25751.999999999996;12149;13422
1690729149;11875;37617.99999999999;13007;12878
1690729150;11874;16339.999999999998;12416;12828
1690729151;11889;27909.999999999996;12156;12810
1690729152;11877;13509.999999999998;12148;12836
1690729153;11879;24280.999999999996;12079;12795
1690729154;11980;16627.999999999996;12078;12834
1690729155;11874;24350.999999999996;12145;13614
1690729156;11860;13575.999999999998;12080;12809
1690729157;11864;23603.999999999996;12831;12750
1690729158;11881;30864.999999999996;12078;13338
1690729159;11874;39664.99999999999;12888;12815
1690729160;11892;33177.99999999999;12081;12806
1690729161;11866;15360.999999999998;12057;12871
1690729162;11875;17309.999999999996;12075;12817
1690729163;11862;19024.999999999996;12131;12807
1690729164;11882;19944.999999999996;12143;12887
1690729165;11894;26272.999999999996;12072;13627
1690729166;11879;15287.999999999998;12924;12872
1690729167;11878;23326.999999999996;12727;12818
1690729168;11876;30162.999999999996;12075;13325
1690729169;11962;22251.999999999996;12883;12811
1690729170;11884;34180.99999999999;12081;12811
1690729171;11875;19467.999999999996;12164;12794
1690729172;11876;17270.999999999996;12154;12834
1690729173;11890;21932.999999999996;12092;12823
1690729174;11872;43905.99999999999;12150;12872
1690729175;11882;24053.999999999996;12076;13688
1690729176;11863;49681.99999999999;12081;12785
1690729177;11881;22277.999999999996;12090;12947
1690729178;11871;35230.99999999999;12570;13674
1690729179;11878;22955.999999999996;12872;12878
1690729180;11870;34138.99999999999;12077;13500
1690729181;11880;19511.999999999996;12135;12793
1690729182;11872;16975.999999999996;12076;12808
1690729183;11875;19428.999999999996;12091;12802
1690729184;11964;13560.999999999998;12075;12809
1690729185;11868;15820.999999999998;12074;12777
1690729186;11879;28153.999999999996;12093;13714
1690729187;11889;25852.999999999996;12148;13399
1690729188;11881;33022.99999999999;12646;12786
1690729189;11876;24081.999999999996;12060;13309
1690729190;11875;18978.999999999996;12946;12808
1690729191;11884;34303.99999999999;12069;12811
1690729192;11881;17418.999999999996;12054;12857
1690729193;11872;17253.999999999996;12059;12808
1690729194;11863;22864.999999999996;12082;12823
1690729195;11879;13736.999999999998;12079;12813
1690729196;11869;30847.999999999996;12075;13795
1690729197;11872;21410.999999999996;12121;12817
1690729198;11864;71318.99999999999;14322;12828
1690729199;11960;26832.999999999996;12085;13636
1690729200;11871;22262.999999999996;12880;12805
1690729201;11879;15174.999999999998;12079;12823
1690729202;11872;33721.99999999999;12055;12820
1690729203;11871;28490.999999999996;12069;12815
1690729204;11889;37685.99999999999;12059;12761
1690729205;11916;22988.999999999996;12061;12818
1690729206;11855;110158.99999999999;12382;12803
1690729207;11876;27140.999999999996;12147;13948
1690729208;11876;30961.999999999996;12473;12878
1690729209;11866;23415.999999999996;12064;13415
1690729210;11880;20426.999999999996;12949;12826
1690729211;11892;15731.999999999998;12131;12829
1690729212;11871;23795.999999999996;12139;12807
1690729213;11893;27745.999999999996;12070;12878
1690729214;11870;13571.999999999998;12047;12818
1690729215;11962;19618.999999999996;12121;12837
1690729216;11864;28033.999999999996;12049;12808
1690729217;11870;21414.999999999996;12057;13646
1690729218;11867;32308.999999999996;12062;12804
1690729219;11866;32203.999999999996;12496;13229
1690729220;11867;17086.999999999996;12079;12811
1690729221;11883;19841.999999999996;12882;12805
1690729222;11877;30013.999999999996;12087;12873
1690729223;11868;18332.999999999996;12060;12822
1690729224;11879;16085.999999999998;12066;12824
1690729225;11867;17776.999999999996;12081;12899
1690729226;11865;31444.999999999996;12134;12886
1690729227;11867;23125.999999999996;12656;13646
1690729228;11876;28808.999999999996;12066;12805
1690729229;11888;27817.999999999996;12645;13318
1690729230;11954;16283.999999999998;12132;12807
1690729231;11872;32431.999999999996;13196;12809
1690729232;11874;16470.999999999996;12274;12795
1690729233;11867;32970.99999999999;12610;12820
1690729234;11869;48912.99999999999;12063;12875
1690729235;11867;13760.999999999998;12141;12812
1690729236;11871;51097.99999999999;12063;12960
1690729237;11874;25328.999999999996;12077;13642
1690729238;11884;38823.99999999999;12086;12813
1690729239;11900;23999.999999999996;12571;12955
1690729240;11885;22609.999999999996;12077;13314
1690729241;11885;23394.999999999996;12137;13238
1690729242;11879;26950.999999999996;12858;12813
1690729243;11885;32385.999999999996;12076;13185
1690729244;11876;18182.999999999996;12070;12822
1690729245;11975;16902.999999999996;12066;12799
1690729246;11868;18287.999999999996;12070;12817
1690729247;11873;29412.999999999996;12141;12733
1690729248;11879;33917.99999999999;12086;13728
1690729249;11870;24205.999999999996;12641;14649
1690729250;11878;14352.999999999998;12085;14077
1690729251;11867;24722.999999999996;12081;12766
1690729252;11876;14540.999999999998;12869;13496
1690729253;11887;41705.99999999999;12067;12605
1690729254;11865;13575.999999999998;12067;12350
1690729255;11867;30651.999999999996;12074;13532
1690729256;11865;13576.999999999998;12065;12381
1690729257;11883;44038.99999999999;12064;12364
1690729258;11886;27975.999999999996;12125;13168
1690729259;11877;28958.999999999996;12565;12374
1690729260;11966;13836.999999999998;12068;12657
1690729261;11885;22483.999999999996;12304;12381
1690729262;11886;20948.999999999996;13256;12391
1690729263;11875;48525.99999999999;12071;12376
1690729264;11884;32918.99999999999;12078;12512
1690729265;11917;20382.999999999996;12076;12372
1690729266;11887;35465.99999999999;12073;12362
1690729267;11873;38285.99999999999;12155;12374
1690729268;11880;28703.999999999996;12043;12412
1690729269;11885;26845.999999999996;12086;13244
1690729270;11887;13758.999999999998;12628;12933
1690729271;11890;23409.999999999996;12260;12350
1690729272;11882;14906.999999999998;12951;12348
1690729273;11879;37215.99999999999;12137;12410
1690729274;11866;25017.999999999996;12457;12768
1690729275;11969;19521.999999999996;12074;12365
1690729276;11880;13738.999999999998;12207;12367
1690729277;11883;43641.99999999999;12127;12361
1690729278;11877;24169.999999999996;12400;12362
1690729279;11894;29912.999999999996;12060;13172
1690729280;11877;57558.99999999999;12807;16806
1690729281;11880;28400.999999999996;12076;12354
1690729282;11891;14563.999999999998;12094;12429
1690729283;11880;25747.999999999996;12930;12361
1690729284;11873;27070.999999999996;12078;12388
1690729285;11862;23348.999999999996;12064;12379
1690729286;11880;13564.999999999998;12068;12421
1690729287;11878;26731.999999999996;12139;12758
1690729288;11896;40641.99999999999;12055;12345
1690729289;11868;24839.999999999996;12068;13169
1690729290;11977;23945.999999999996;12557;12370
1690729291;11889;24587.999999999996;12196;12874
1690729292;11873;13566.999999999998;12064;12368
1690729293;11880;26549.999999999996;12966;12441
1690729294;11882;52511.99999999999;12673;12362
1690729295;11919;23970.999999999996;12072;12368
1690729296;11863;36008.99999999999;12072;12439
1690729297;11886;26773.999999999996;12069;12361
1690729298;11869;32492.999999999996;12064;12433
1690729299;11874;28652.999999999996;12089;13212
1690729300;11868;23917.999999999996;12555;12369
1690729301;11875;24777.999999999996;12140;12876
1690729302;11877;15303.999999999998;12069;12422
1690729303;11859;22625.999999999996;12949;12431
1690729304;11882;26924.999999999996;12088;12354
1690729305;11970;27328.999999999996;12584;12356
1690729306;11879;13567.999999999998;12057;12373
1690729307;11880;28404.999999999996;12057;12345
1690729308;11868;33389.99999999999;12132;12353
1690729309;11874;31191.999999999996;12077;12383
1690729310;11875;23871.999999999996;12076;13271
1690729311;11875;27742.999999999996;12584;12696
1690729312;11866;13786.999999999998;12129;12353
1690729313;11860;24350.999999999996;12147;12367
1690729314;11868;14208.999999999998;13220;12351
1690729315;11875;49248.99999999999;12073;12367
1690729316;11880;13569.999999999998;12072;12937
1690729317;11873;33014.99999999999;12070;14016
1690729318;11882;37932.99999999999;12136;12338
1690729319;11869;28667.999999999996;12077;12331
1690729320;11956;23872.999999999996;12074;13145
1690729321;11877;18258.999999999996;12817;12838
1690729322;11896;14180.999999999998;12148;12638
1690729323;11870;31047.999999999996;12067;14485
1690729324;11881;72931.99999999999;16118;12331
1690729325;11904;240504.99999999997;39262;13277
1690729326;11877;44807.99999999999;19165;12335
1690729327;11883;25988.999999999996;12152;12345
1690729328;11890;35633.99999999999;12081;12949
1690729329;11885;33470.99999999999;12078;12359
1690729330;11872;13567.999999999998;12084;13328
1690729331;11878;32840.99999999999;12111;12736
1690729332;11862;207191.99999999997;12823;29409
1690729333;11861;54295.99999999999;12106;24981
1690729334;11866;13574.999999999998;12089;13731
1690729335;11967;40833.99999999999;13384;12354
1690729336;11857;13564.999999999998;12086;12352
1690729337;11881;334408.99999999994;12097;12352
1690729338;11870;801878.9999999999;12457;12707
1690729339;11875;38572.99999999999;12093;12353
1690729340;11877;80213.99999999999;12285;12358
1690729341;11877;18198.999999999996;12113;12535
1690729342;11879;134207.99999999997;12098;12336
1690729343;11890;19346.999999999996;12095;13428
1690729344;11871;13574.999999999998;12099;12343
1690729345;11868;474612.99999999994;13400;12337
1690729346;11869;13570.999999999998;12235;12528
1690729347;11886;432002.99999999994;12476;12364
1690729348;11875;299506.99999999994;12454;13019
1690729349;11876;21585.999999999996;12114;12367
1690729350;11956;92780.99999999999;12291;12365
1690729351;11864;28512.999999999996;12158;12548
1690729352;11862;18724.999999999996;12096;12363
1690729353;11874;26807.999999999996;12106;13373
1690729354;11861;35333.99999999999;12099;12427
1690729355;11903;32318.999999999996;12599;12361
1690729356;11854;47053.99999999999;12906;12359
1690729357;11869;26679.999999999996;12090;12359
1690729358;11870;37430.99999999999;12101;12359
1690729359;11862;25207.999999999996;12073;12372
1690729360;11879;13603.999999999998;12089;12352
1690729361;11866;25725.999999999996;12088;12355
1690729362;11878;14649.999999999998;12091;12355
1690729363;11860;24124.999999999996;12086;13529
1690729364;11873;13570.999999999998;12095;12365
1690729365;11954;27783.999999999996;12592;12353
1690729366;11856;26671.999999999996;12830;12369
1690729367;11873;19993.999999999996;12097;12353
1690729368;11875;46741.99999999999;12160;12358
1690729369;11864;16753.999999999996;12085;12346
1690729370;11881;16978.999999999996;12098;12358
1690729371;11877;17836.999999999996;12086;12352
1690729372;11884;18816.999999999996;12079;12357
1690729373;11883;18813.999999999996;12087;13367
1690729374;11878;17427.999999999996;12084;12340
1690729375;11873;18097.999999999996;12089;12347
1690729376;11870;38138.99999999999;13202;12359
1690729377;11884;13747.999999999998;12076;12353
1690729378;11881;54657.99999999999;12151;12354
1690729379;11867;13586.999999999998;12071;12350
1690729380;11950;25661.999999999996;12086;12354
1690729381;11865;13759.999999999998;12255;12345
1690729382;11877;24575.999999999996;12071;12352
1690729383;11885;18867.999999999996;12103;12334
1690729384;11856;54618.99999999999;12223;13534
1690729385;11886;14457.999999999998;12212;12347
1690729386;11862;66432.99999999999;12847;12341
1690729387;11868;13598.999999999998;12888;12350
1690729388;11875;53769.99999999999;12103;12349
1690729389;11861;13764.999999999998;12093;12413
1690729390;11873;27965.999999999996;12093;12350
1690729391;11864;13592.999999999998;12680;12346
1690729392;11887;23725.999999999996;12081;12422
1690729393;11884;19576.999999999996;12079;12876
1690729394;11882;22414.999999999996;12101;13483
1690729395;11958;14442.999999999998;12076;12362
1690729396;11872;38580.99999999999;12572;12352
1690729397;11879;14355.999999999998;12891;12357
1690729398;11885;54920.99999999999;12084;12353
1690729399;11877;13584.999999999998;12088;12339
1690729400;11872;26972.999999999996;12092;12350
1690729401;11867;13588.999999999998;12091;12354
1690729402;11874;27314.999999999996;12093;12360
1690729403;11859;18618.999999999996;12079;12352
1690729404;11859;27780.999999999996;12094;13518
1690729405;11857;14539.999999999998;12087;12352
1690729406;11874;30499.999999999996;12582;12364
1690729407;11864;26261.999999999996;12911;12411
1690729408;11876;47234.99999999999;12087;12350
1690729409;11871;21599.999999999996;12088;12337
1690729410;11960;25610.999999999996;12092;12350
1690729411;11869;26067.999999999996;12151;12348
1690729412;11871;24200.999999999996;12082;12350
1690729413;11864;19201.999999999996;12091;12404
1690729414;11874;52425.99999999999;12106;13495
1690729415;11908;18382.999999999996;12612;12923
1690729416;11880;58256.99999999999;12078;12341
1690729417;11873;19563.999999999996;13216;12418
1690729418;11874;43171.99999999999;12079;12357
1690729419;11866;23012.999999999996;12077;13527
1690729420;11873;27729.999999999996;12082;12357
1690729421;11872;28246.999999999996;12058;12345
1690729422;11858;29151.999999999996;12078;12932
1690729423;11868;17622.999999999996;12095;12360
1690729424;11861;27456.999999999996;12087;13438
1690729425;11954;14995.999999999998;12055;12409
1690729426;11858;29488.999999999996;12084;12331
1690729427;11872;16140.999999999998;13397;12342
1690729428;11866;44237.99999999999;13298;12408
1690729429;11866;26605.999999999996;12059;12414
1690729430;11866;69969.99999999999;12074;12360
1690729431;11874;17101.999999999996;12074;16900
1690729432;14933;25132.999999999996;12078;15847
1690729433;89502482;93865.99999999999;12064;65142
1690729434;108947593;33360.99999999999;12067;122937
1690729435;116662008;92452.99999999999;12080;149008
1690729436;114941915;34823.99999999999;12061;241022
1690729437;118145827;54651.99999999999;13393;284225
1690729438;116691403;90697.99999999999;12142;406506
1690729439;116014100;24640.999999999996;12064;348745
1690729440;118926507;101563.99999999999;12059;430344
1690729441;108260838;16382.999999999998;12049;406710
1690729442;116216546;58340.99999999999;12065;408498
1690729443;118362609;57424.99999999999;12075;440546
1690729444;117550516;38053.99999999999;12206;424140
1690729445;116910231;62450.99999999999;12126;421500
1690729446;114638880;86662.99999999999;12311;435204
1690729447;117561010;29578.999999999996;12635;429840
1690729448;114107738;65496.99999999999;12869;432492
1690729449;107173041;39074.99999999999;12065;290064
1690729450;118952129;14387.999999999998;12082;463158
1690729451;116187299;23613.999999999996;12087;461562
1690729452;118557045;14305.999999999998;12053;430752
1690729453;116200529;20143.999999999996;12061;457430
1690729454;116417413;17860.999999999996;12065;465312
1690729455;119462876;57404.99999999999;12401;423672
1690729456;116581453;17522.999999999996;12068;452112
1690729457;114274511;18100.999999999996;12574;432240
1690729458;119691159;37890.99999999999;12959;398472
1690729459;116496721;25379.999999999996;12083;450722
1690729460;116917791;26345.999999999996;12070;423708
1690729461;116435685;21199.999999999996;12064;450798
1690729462;117071034;13589.999999999998;12079;440040
1690729463;119272478;30295.999999999996;12055;446270
1690729464;116912702;13595.999999999998;12051;449616
1690729465;115526443;33293.99999999999;12079;426042
1690729466;116841199;16956.999999999996;12078;438096
1690729467;117090347;24308.999999999996;12140;457878
1690729468;118178802;23283.999999999996;13369;457194
1690729469;116824665;13849.999999999998;12132;437304
1690729470;117212314;33959.99999999999;12535;465816
1690729471;112534558;14939.999999999998;12310;429480
1690729472;115295988;37657.99999999999;13304;440586
1690729473;115155902;23560.999999999996;12077;450530
1690729474;116348801;36799.99999999999;12057;432846
1690729475;118632511;21900.999999999996;12078;432294
1690729476;116886786;43355.99999999999;12069;474384
1690729477;117233763;29186.999999999996;12538;449160
1690729478;116856773;29578.999999999996;13239;454782
1690729479;118849753;15860.999999999998;12082;447336
1690729480;116552197;31546.999999999996;12083;430944
1690729481;115331870;23924.999999999996;12082;422814
1690729482;118439228;24826.999999999996;12073;389904
1690729483;117405786;15888.999999999998;12074;444166
1690729484;117037026;19188.999999999996;12076;453234
1690729485;120335975;20299.999999999996;12234;446136
1690729486;116056459;35610.99999999999;12090;452718
1690729487;119391195;19043.999999999996;12075;438366
1690729488;115733595;32508.999999999996;12620;456822
1690729489;116824817;26234.999999999996;12758;450414
1690729490;117945635;30319.999999999996;12211;442134
1690729491;115287900;18106.999999999996;12069;443838
1690729492;117708059;23130.999999999996;12089;436794
1690729493;117222639;17516.999999999996;12094;413354
1690729494;115986009;22985.999999999996;12071;446214
1690729495;116487715;13565.999999999998;12063;452322
1690729496;119114078;18058.999999999996;12077;455982
1690729497;116915444;35803.99999999999;12083;446898
1690729498;117987609;24340.999999999996;12481;412274
1690729499;116684566;18357.999999999996;12092;431106
1690729500;118362829;30553.999999999996;12877;470982
1690729501;116172024;23572.999999999996;12082;444198
1690729502;118053171;26492.999999999996;12078;455616
1690729503;114321345;17788.999999999996;12075;418388
1690729504;117863143;47269.99999999999;12275;429522
1690729505;118101236;20657.999999999996;12145;445470
1690729506;116406695;44164.99999999999;12066;445038
1690729507;117586932;23003.999999999996;12332;441888
1690729508;117348946;20772.999999999996;12633;444810
1690729509;121095108;25602.999999999996;12064;472650
1690729510;116723142;13706.999999999998;12080;470166
1690729511;117468535;31131.999999999996;12765;455868
1690729512;115774303;14520.999999999998;12213;413394
1690729513;118436855;34806.99999999999;12067;422828
1690729514;118239012;13576.999999999998;12069;424362
1690729515;118588994;30289.999999999996;12064;460110
1690729516;115613124;17996.999999999996;12072;435978
1690729517;119261398;25928.999999999996;12070;438420
1690729518;115507535;24248.999999999996;12925;451644
1690729519;118685278;31212.999999999996;12087;465456
1690729520;118181426;13686.999999999998;12074;448884
1690729521;118822500;27500.999999999996;12078;455688
1690729522;116026840;22338.999999999996;12973;441432
1690729523;118701782;14479.999999999998;12138;365990
1690729524;115874590;22134.999999999996;12104;353340
1690729525;118392841;23836.999999999996;12455;367200
1690729526;116214076;15779.999999999998;12075;329232
1690729527;118047114;24744.999999999996;12153;337824
1690729528;118690650;26579.999999999996;12070;300952
1690729529;115518543;24756.999999999996;12584;314304
1690729530;117913906;19779.999999999996;12067;345006
1690729531;116769472;23854.999999999996;12143;245598
1690729532;89270089;25584.999999999996;12084;189792
1690729533;78458643;18543.999999999996;12895;65666
1690729534;68398979;54820.99999999999;12082;45262
1690729535;94768407;20019.999999999996;12084;39114
1690729536;113630162;49913.99999999999;12091;46794
1690729537;111112916;17982.999999999996;12078;46500
1690729538;112571296;37639.99999999999;12070;38772
1690729539;108158042;17037.999999999996;12577;41538
1690729540;113014034;14713.999999999998;12088;39564
1690729541;108227084;30953.999999999996;12098;38142
1690729542;115730286;14836.999999999998;12075;32724
1690729543;113885140;24407.999999999996;12944;40786
1690729544;115211088;22906.999999999996;12062;39090
1690729545;115056322;26208.999999999996;12073;40122
1690729546;99371134;23527.999999999996;12072;37098
1690729547;380931;27113.999999999996;12068;15378
1690729548;49815421;38214.99999999999;12151;15427
1690729549;115380767;15074.999999999998;12568;35832
1690729550;118198220;20601.999999999996;12051;59328
1690729551;117343710;16662.999999999996;12081;21708
1690729552;117423819;25202.999999999996;12059;43314
1690729553;85161794;21124.999999999996;13134;36318
1690729554;87134010;22510.999999999996;12331;15230
1690729555;112521733;20553.999999999996;12085;70650
1690729556;109662191;20291.999999999996;12072;37560
1690729557;101497261;26867.999999999996;12076;37674
1690729558;103079362;34087.99999999999;12073;27678
1690729559;117473169;24349.999999999996;12586;39774
1690729560;116224376;18398.999999999996;12068;39468
1690729561;114350572;21524.999999999996;12249;40404
1690729562;79331089;13569.999999999998;12472;27720
1690729563;12765;33056.99999999999;12199;15016
1690729564;88365228;39288.99999999999;12953;16694
1690729565;69858059;17526.999999999996;12281;129954
1690729566;58785701;46036.99999999999;12065;31146
1690729567;71629463;24916.999999999996;12210;33402
1690729568;74780999;33098.99999999999;12125;33936
1690729569;72257796;22524.999999999996;12567;99312
1690729570;64302360;13567.999999999998;12088;31290
1690729571;68608046;17698.999999999996;12067;33684
1690729572;77959455;25512.999999999996;12066;31884
1690729573;87431568;25413.999999999996;12067;34650
1690729574;94804655;20573.999999999996;12880;38690
1690729575;91028592;27917.999999999996;12084;38280
1690729576;101371456;18467.999999999996;12071;38700
1690729577;96564770;24030.999999999996;12072;32004
1690729578;49518207;25058.999999999996;12232;16758
1690729579;103501566;39479.99999999999;12572;54942
1690729580;94636933;16250.999999999998;12059;35064
1690729581;104930118;19441.999999999996;12070;36690
1690729582;92472109;23553.999999999996;12059;38202
1690729583;17971991;18232.999999999996;12065;15009
1690729584;40089905;24498.999999999996;12939;15012
1690729585;111046305;26134.999999999996;12077;39948
1690729586;113232022;14276.999999999998;12075;38874
1690729587;113379401;26000.999999999996;12137;38202
1690729588;118368197;17994.999999999996;12060;37302
1690729589;110993043;44676.99999999999;12572;39798
1690729590;115660059;13567.999999999998;12078;35706
1690729591;104354917;13758.999999999998;12133;29232
1690729592;61929700;41776.99999999999;12063;17664
1690729593;115282690;13582.999999999998;12080;47508
1690729594;117494297;46506.99999999999;12886;38948
1690729595;116019000;21166.999999999996;12081;36384
1690729596;104180796;52586.99999999999;12067;44298
1690729597;44586457;13574.999999999998;12089;17904
1690729598;1294078;31140.999999999996;12076;14993
1690729599;67930530;29433.999999999996;12074;15296
1690729600;114041913;17258.999999999996;12580;36762
1690729601;97893218;18229.999999999996;12079;34128
1690729602;81880984;19566.999999999996;12077;30996
1690729603;38403738;24004.999999999996;12078;15654
1690729604;70725080;16263.999999999998;12737;16756
1690729605;54611516;28693.999999999996;12204;22740
1690729606;41203491;26368.999999999996;12067;15017
1690729607;36000360;14240.999999999998;12077;15010
1690729608;20333839;23726.999999999996;12140;15504
1690729609;11873;44725.99999999999;12085;15726
1690729610;11892;16628.999999999996;12580;15079
1690729611;11875;25818.999999999996;12074;15796
1690729612;29015519;15375.999999999998;12072;14983
1690729613;45320907;24308.999999999996;12085;17022
1690729614;49118606;13833.999999999998;12144;17286
1690729615;51827821;30638.999999999996;12953;19208
1690729616;53444783;22408.999999999996;12065;18618
1690729617;59259481;17311.999999999996;12457;19122
1690729618;61637145;27596.999999999996;12081;25194
1690729619;50052098;37023.99999999999;12087;19434
1690729620;57686629;22550.999999999996;12559;20130
1690729621;71396474;17479.999999999996;12057;24204
1690729622;64646760;21044.999999999996;12052;24276
1690729623;66608794;18594.999999999996;12071;27012
1690729624;22536174;36866.99999999999;12263;14997
1690729625;13698559;27128.999999999996;13094;15014
1690729626;54353189;54719.99999999999;12075;15009
1690729627;63466261;16451.999999999996;12209;25158
1690729628;68620165;27887.999999999996;12067;23046
1690729629;63721325;19664.999999999996;12672;24570
1690729630;45053157;20284.999999999996;13218;25206
1690729631;31122674;66538.99999999999;13043;15000
1690729632;59388805;22638.999999999996;12078;16074
1690729633;51500419;16200.999999999998;12084;25544
1690729634;11866;18213.999999999996;12069;15072
1690729635;12185;25628.999999999996;12074;15069
1690729636;11868;23621.999999999996;12874;14997
1690729637;11858;16786.999999999996;12084;14993
1690729638;11868;34143.99999999999;12080;14984
1690729639;11866;18072.999999999996;12078;15180
1690729640;11869;26694.999999999996;12075;15325
1690729641;11874;23066.999999999996;12494;15061
1690729642;11883;25562.999999999996;12079;16129
1690729643;11867;20061.999999999996;12081;15001
1690729644;11880;25179.999999999996;12073;14978
1690729645;11873;19574.999999999996;12154;14998
1690729646;11879;24802.999999999996;12893;14979
1690729647;11881;17978.999999999996;12087;14996
1690729648;11883;30297.999999999996;12473;14931
1690729649;11882;29832.999999999996;12190;14996
1690729650;11961;13589.999999999998;12072;15335
1690729651;11867;33521.99999999999;12645;14985
1690729652;11865;17829.999999999996;12067;15692
1690729653;11858;84580.99999999999;12253;15143
1690729654;11861;41673.99999999999;12058;15183
1690729655;25452;29997.999999999996;12061;15878
1690729656;104690945;60638.99999999999;12896;67114
1690729657;87041300;13555.999999999998;12069;76884
1690729658;94231664;25730.999999999996;12084;68022
1690729659;79423761;31552.999999999996;12076;27882
1690729660;80316156;17659.999999999996;12041;28386
1690729661;88957033;23413.999999999996;12058;27648
1690729662;89074760;27213.999999999996;12566;54372
1690729663;81602189;23322.999999999996;12070;28572
1690729664;94115474;22753.999999999996;12047;30102
1690729665;94910393;23304.999999999996;12057;30684
1690729666;93835469;25821.999999999996;12881;31738
1690729667;98514453;15882.999999999998;12068;31344
1690729668;95491739;40694.99999999999;12206;30822
1690729669;97028183;21462.999999999996;12071;34788
1690729670;99853708;18772.999999999996;12484;30072
1690729671;103714416;47717.99999999999;12131;37344
1690729672;107562159;25510.999999999996;12929;33372
1690729673;82456855;13747.999999999998;12392;31314
1690729674;56321824;32798.99999999999;12061;14623
1690729675;103652574;16126.999999999998;12068;28128
1690729676;154555889;23184.999999999996;12083;35540
1690729677;55774998;19198.999999999996;12959;37098
1690729678;70127078;19386.999999999996;12081;27138
1690729679;47975761;39210.99999999999;12067;14674
1690729680;80593752;16098.999999999998;12083;29292
1690729681;25295606;18323.999999999996;12088;23502
1690729682;11908;23879.999999999996;12589;15136
1690729683;11893;14304.999999999998;12062;15378
1690729684;11898;56172.99999999999;12197;14782
1690729685;12035;20664.999999999996;12146;14636
1690729686;11951;58382.99999999999;12091;14643
1690729687;11895;15760.999999999998;12886;14644
1690729688;11911;44920.99999999999;12274;15224
1690729689;11891;17716.999999999996;12086;14625
1690729690;11977;19504.999999999996;12094;14637
1690729691;11887;14781.999999999998;12076;14636
1690729692;11894;23065.999999999996;12059;14634
1690729693;11897;25044.999999999996;12575;15208
1690729694;11894;25891.999999999996;12072;15517
1690729695;11989;20132.999999999996;12085;14926
1690729696;11906;20215.999999999996;12072;14647
1690729697;11902;16978.999999999996;12944;14638
1690729698;11893;19686.999999999996;12043;14639
1690729699;11904;38941.99999999999;12085;14661
1690729700;11895;13637.999999999998;12080;14657
1690729701;11886;19289.999999999996;12077;14634
1690729702;11906;18418.999999999996;12247;14878
1690729703;11893;18099.999999999996;12574;15395
1690729704;11903;33842.99999999999;12095;14629
1690729705;11894;16984.999999999996;12140;15466
1690729706;12027;27715.999999999996;12071;14636
1690729707;11912;14354.999999999998;12082;14644
1690729708;11895;41944.99999999999;12880;14629
1690729709;12115;23004.999999999996;12064;14645
1690729710;11975;22553.999999999996;12082;14635
1690729711;12099;13572.999999999998;12061;14640
1690729712;11902;21087.999999999996;12205;14633
1690729713;11900;18329.999999999996;12957;15213
1690729714;11906;62761.99999999999;12513;14643
1690729715;11892;26156.999999999996;12092;15430
1690729716;11945;45698.99999999999;12089;14624
1690729717;11905;19045.999999999996;12091;14616
1690729718;11894;27675.999999999996;12892;14617
1690729719;11884;23349.999999999996;12086;14706
1690729720;11889;27873.999999999996;12086;14626
1690729721;11882;15328.999999999998;12109;14643
1690729722;11897;20173.999999999996;12095;14611
1690729723;11903;22738.999999999996;12579;14622
1690729724;11889;38055.99999999999;12102;15120
1690729725;11978;25180.999999999996;12082;14615
1690729726;11894;23999.999999999996;12083;15445
1690729727;11882;18634.999999999996;12077;14646
1690729728;11892;49096.99999999999;12958;15377
1690729729;11880;18947.999999999996;12089;14663
1690729730;11894;17216.999999999996;12083;14673
1690729731;11893;29154.999999999996;12151;14692
1690729732;11887;14931.999999999998;12544;14599
1690729733;11888;23175.999999999996;12316;14676
1690729734;11891;14513.999999999998;12509;15515
1690729735;11878;30258.999999999996;12081;14639
1690729736;11877;20251.999999999996;12080;15303
1690729737;11912;15543.999999999998;12096;14830
1690729738;11876;30997.999999999996;12883;14630
1690729739;11890;24545.999999999996;12084;14619
1690729740;11898;23114.999999999996;12077;14647
1690729741;11975;24575.999999999996;12060;14636
1690729742;11887;15608.999999999998;12085;14634
1690729743;11890;16327.999999999998;12104;14617
1690729744;11908;48008.99999999999;12439;15116
1690729745;11890;26730.999999999996;12202;14618
1690729746;11937;48905.99999999999;12066;14633
1690729747;11896;23032.999999999996;12065;15301
1690729748;11895;42126.99999999999;13085;14777
1690729749;11891;16749.999999999996;12061;14654
1690729750;11904;22572.999999999996;12060;14620
1690729751;11900;18995.999999999996;12067;14630
1690729752;11885;21526.999999999996;12068;14898
1690729753;11894;16297.999999999998;12066;14633
1690729754;11898;23195.999999999996;12577;14741
1690729755;11894;28422.999999999996;12067;15261
1690729756;11995;22371.999999999996;12062;14684
1690729757;11901;26361.999999999996;12068;14695
1690729758;11899;21490.999999999996;12241;15454
1690729759;11897;34291.99999999999;12874;14809
1690729760;11898;13740.999999999998;12073;14818
1690729761;11892;23540.999999999996;12058;14624
1690729762;11901;25558.999999999996;12072;14616
1690729763;11899;13682.999999999998;12078;14693
1690729764;11895;23064.999999999996;12573;14631
1690729765;11890;20075.999999999996;12148;15043
1690729766;11916;35659.99999999999;12072;14622
1690729767;11908;13753.999999999998;12146;14641
1690729768;11903;21616.999999999996;12070;15315
1690729769;11905;24960.999999999996;13121;15023
1690729770;11908;34069.99999999999;12201;14754
1690729771;11964;13580.999999999998;12078;14762
1690729772;11892;34754.99999999999;12074;14630
1690729773;11884;22498.999999999996;12131;14637
1690729774;11892;41181.99999999999;12136;14626
1690729775;11901;33001.99999999999;12562;15140
1690729776;11930;50795.99999999999;12065;14622
1690729777;11883;14602.999999999998;12079;14693
1690729778;11902;18668.999999999996;12059;14634
1690729779;11899;21431.999999999996;12082;14703
1690729780;11910;38426.99999999999;12962;15499
1690729781;11881;13567.999999999998;12089;14626
1690729782;11895;22376.999999999996;12078;14620
1690729783;11894;18563.999999999996;12518;14612
1690729784;11895;17677.999999999996;12535;14605
1690729785;11892;34242.99999999999;12577;14631
1690729786;11982;21032.999999999996;12084;15123
1690729787;11884;23610.999999999996;12079;14689
1690729788;11902;20238.999999999996;12128;14634
1690729789;11888;33337.99999999999;12082;14630
1690729790;11881;24318.999999999996;12773;14917
1690729791;11884;17310.999999999996;12272;15417
1690729792;11876;19437.999999999996;12068;14640
1690729793;11885;19360.999999999996;12140;14623
1690729794;11883;24050.999999999996;12072;14635
1690729795;11880;26428.999999999996;12563;14693
1690729796;11868;33395.99999999999;12130;15167
1690729797;11879;18901.999999999996;12147;14677
1690729798;11904;34050.99999999999;12147;14632
1690729799;11900;22129.999999999996;12415;15226
1690729800;11884;17864.999999999996;12071;14985
1690729801;11965;28295.999999999996;12892;15421
1690729802;11901;14312.999999999998;12083;14627
1690729803;11884;17717.999999999996;12069;14630
1690729804;11892;36124.99999999999;12128;14623
1690729805;11888;29627.999999999996;12122;14645
1690729806;11926;63166.99999999999;12567;15159
1690729807;11876;15667.999999999998;12072;14631
1690729808;11889;23094.999999999996;12139;14625
1690729809;11874;27871.999999999996;12076;14627
1690729810;11901;30955.999999999996;12075;14625
1690729811;11886;18205.999999999996;13493;14627
1690729812;11897;18023.999999999996;12078;15443
