Time;{instance="10.231.0.208:9100"};{instance="192.168.221.10:9100"};{instance="192.168.221.11:9100"};{instance="192.168.221.12:9100"}
1690728312;2086;14000.999999999998;747;558
1690728313;826;78299.99999999999;610;610
1690728314;616;11027.999999999998;558;25307
1690728315;32317524;106999.99999999999;610;42467
1690728316;112566243;28341.999999999996;558;95399744
1690728317;116058730;58502.99999999999;610;113349729
1690728318;117382938;76797.99999999999;5799;116475200
1690728319;117330602;39372.99999999999;610;117385756
1690728320;116951544;95391.99999999999;558;116089920
1690728321;115026162;26316.999999999996;610;116436699
1690728322;118071718;47384.99999999999;558;116982614
1690728323;116608648;70703.99999999999;610;115937982
1690728324;119024246;18068.999999999996;558;118781816
1690728325;114713844;61462.99999999999;781;115492008
1690728326;116910678;67259.99999999999;558;117269168
1690728327;116985978;21073.999999999996;610;117212644
1690728328;118703054;71133.99999999999;6033;117902158
1690728329;86247130;40584.99999999999;610;114814728
1690728330;76020868;75722.99999999999;558;48706074
1690728331;114633156;16881.999999999996;610;116695762
1690728332;116491088;51114.99999999999;558;113771372
1690728333;118357708;19285.999999999996;610;116854978
1690728334;116374220;53183.99999999999;558;117017106
1690728335;112943782;37362.99999999999;796;113051640
1690728336;119132986;22245.999999999996;558;118234354
1690728337;116534920;22413.999999999996;1182;115596458
1690728338;118168086;33936.99999999999;1743;119476088
1690728339;114671014;28303.999999999996;5788;113852398
1690728340;115937540;24392.999999999996;558;115954522
1690728341;117683212;18296.999999999996;676;118504390
1690728342;115445838;22474.999999999996;1966;115184046
1690728343;113604156;14043.999999999998;610;109934302
1690728344;116746212;53088.99999999999;558;117340974
1690728345;114036092;16297.999999999998;6413;117697050
1690728346;117813614;14341.999999999998;558;117600088
1690728347;118830012;27842.999999999996;610;117203774
1690728348;115745752;41597.99999999999;1353;117409846
1690728349;118185866;31148.999999999996;5148;117735628
1690728350;116814936;26559.999999999996;558;118774802
1690728351;117558920;29074.999999999996;610;115196882
1690728352;118376784;11299.999999999998;558;117934008
1690728353;115566620;22201.999999999996;610;116433030
1690728354;115952634;20079.999999999996;558;114819608
1690728355;117577372;16314.999999999998;676;117914678
1690728356;118401940;2967.9999999999995;1462;116193970
1690728357;116780808;23401.999999999996;610;117492750
1690728358;116391118;34898.99999999999;624;118203150
1690728359;116934324;24718.999999999996;6008;115333130
1690728360;115890032;24172.999999999996;558;114912152
1690728361;116652892;42951.99999999999;610;117371918
1690728362;118747480;12778.999999999998;558;118396146
1690728363;113598054;20914.999999999996;610;115934692
1690728364;115516868;36132.99999999999;558;114069642
1690728365;117838722;42782.99999999999;781;116816466
1690728366;116156142;16511.999999999996;558;116064776
1690728367;117949822;25485.999999999996;610;117852432
1690728368;117897574;40009.99999999999;558;118575756
1690728369;116633074;27032.999999999996;1470;113654034
1690728370;115464782;30683.999999999996;5137;118530730
1690728371;119225204;11917.999999999998;813;117621174
1690728372;115196765;24583.999999999996;747;117262283
1690728373;116833752;21054.999999999996;610;114288650
1690728374;114488434;6893.999999999999;558;115707060
1690728375;9172823;21668.999999999996;781;61251279
1690728376;556;18656.999999999996;558;5281
1690728377;556;22389.999999999996;610;676
1690728378;726886;34275.99999999999;558;624
1690728379;70096686;31761.999999999996;1509;43770314
1690728380;59701162;24006.999999999996;5162;57732680
1690728381;70732788;26089.999999999996;610;69348332
1690728382;82702378;21885.999999999996;558;76082430
1690728383;86074982;21340.999999999996;610;81626040
1690728384;93866694;11645.999999999998;558;92859670
1690728385;91492622;24147.999999999996;610;94809178
1690728386;73535952;18908.999999999996;558;91294150
1690728387;26564622;24868.999999999996;610;23008618
1690728388;101536024;29606.999999999996;558;81148888
1690728389;102847142;15575.999999999998;742;103425446
1690728390;101633678;21049.999999999996;5162;99308210
1690728391;100204126;29491.999999999996;1339;108527590
1690728392;43336942;25703.999999999996;558;80979916
1690728393;742;12981.999999999998;610;2144664
1690728394;28159521;53378.99999999999;558;24005420
1690728395;556;31965.999999999996;796;4175717
1690728396;616;22675.999999999996;558;624
1690728397;556;9568.999999999998;1365;5096
1690728398;1103;33357.99999999999;766;624
1690728399;736;23648.999999999996;1274;1540
1690728400;616;29209.999999999996;558;624
1690728401;556;26600.999999999996;6141;676
1690728402;1168;18120.999999999996;1051;630
1690728403;766;21822.999999999996;610;1062
1690728404;556;18395.999999999996;558;810
1690728405;832;13275.999999999998;610;2224
1690728406;616;14670.999999999998;558;624
1690728407;616;22304.999999999996;1103;5198
1690728408;1118;32096.999999999996;558;624
1690728409;556;20560.999999999996;929;808
1690728410;616;25003.999999999996;558;1845
1690728411;616;26788.999999999996;5513;676
1690728412;556;17793.999999999996;1286;876
1690728413;556;22458.999999999996;610;676
1690728414;616;19635.999999999996;558;624
1690728415;616;16816.999999999996;610;676
1690728416;755;15628.999999999998;558;624
1690728417;616;24128.999999999996;610;5096
1690728418;706;18005.999999999996;558;624
1690728419;616;38539.99999999999;610;676
1690728420;556;20422.999999999996;558;1485
1690728421;616;36785.99999999999;5148;676
1690728422;556;19167.999999999996;1458;624
1690728423;616;29024.999999999996;610;847
1690728424;832;28534.999999999996;558;810
1690728425;616;50898.99999999999;715;676
1690728426;556;22004.999999999996;558;624
1690728427;616;26854.999999999996;1652;5096
1690728428;556;28268.999999999996;558;624
1690728429;616;25023.999999999996;610;676
1690728430;556;34760.99999999999;558;1484
1690728431;556;12524.999999999998;5350;676
1690728432;550;28176.999999999996;1541;624
1690728433;706;16754.999999999996;610;841
1690728434;616;11252.999999999998;558;756
1690728435;616;28299.999999999996;610;1802
1690728436;556;21681.999999999996;558;624
1690728437;556;19523.999999999996;610;676
1690728438;1178;38544.99999999999;558;6092
1690728439;616;13715.999999999998;781;676
1690728440;556;35925.99999999999;1532;1960
1690728441;556;17351.999999999996;5081;676
1690728442;616;16420.999999999996;624;1046
1690728443;616;32441.999999999996;1338;676
1690728444;556;4282.999999999999;558;624
1690728445;556;29333.999999999996;610;676
1690728446;616;14599.999999999998;558;624
1690728447;616;28422.999999999996;610;676
1690728448;706;25816.999999999996;558;4978
1690728449;556;18970.999999999996;610;676
1690728450;616;38606.99999999999;558;624
1690728451;556;19051.999999999996;610;1607
1690728452;616;13757.999999999998;5096;624
1690728453;676;34311.99999999999;1405;879
1690728454;685;36410.99999999999;558;624
1690728455;616;53537.99999999999;610;676
1690728456;556;10560.999999999998;744;624
1690728457;616;31627.999999999996;979;676
1690728458;1043;22147.999999999996;944;4982
1690728459;556;33481.99999999999;818;676
1690728460;745;14307.999999999998;1222;624
1690728461;616;17453.999999999996;610;808
1690728462;490;24617.999999999996;5030;1419
1690728463;766;17807.999999999996;610;859
1690728464;556;31344.999999999996;1356;1221
1690728465;556;15907.999999999998;610;1347
1690728466;616;22366.999999999996;558;624
1690728467;616;25300.999999999996;610;676
1690728468;1118;30843.999999999996;558;5044
1690728469;556;19361.999999999996;1103;676
1690728470;616;24866.999999999996;558;624
1690728471;556;14004.999999999998;610;1169
1690728472;616;25370.999999999996;5096;1485
1690728473;556;16903.999999999996;610;676
1690728474;616;30546.999999999996;624;624
1690728475;556;15814.999999999998;1339;676
1690728476;616;20525.999999999996;558;624
1690728477;626;22444.999999999996;610;676
1690728478;766;30833.999999999996;558;5044
1690728479;675;27110.999999999996;610;676
1690728480;616;28020.999999999996;558;624
1690728481;616;10051.999999999998;610;676
1690728482;556;17595.999999999996;5095;756
1690728483;550;25305.999999999996;610;1574
1690728484;616;39202.99999999999;558;624
1690728485;556;53474.99999999999;676;676
1690728486;616;13937.999999999998;1391;624
1690728487;556;21357.999999999996;610;676
1690728488;616;12701.999999999998;558;624
1690728489;616;29702.999999999996;676;5109
1690728490;556;41185.99999999999;1579;624
1690728491;556;17791.999999999996;610;676
1690728492;616;22365.999999999996;5365;624
1690728493;766;12103.999999999998;1002;841
1690728494;556;25728.999999999996;761;1650
1690728495;616;23578.999999999996;610;676
1690728496;556;23398.999999999996;1772;624
1690728497;556;22044.999999999996;610;676
1690728498;1178;13455.999999999998;558;624
1690728499;616;38127.99999999999;781;5056
1690728500;556;24170.999999999996;558;813
1690728501;556;23933.999999999996;610;967
1690728502;550;25313.999999999996;558;624
1690728503;616;19048.999999999996;5213;676
1690728504;556;19391.999999999996;558;1484
1690728505;556;17454.999999999996;610;676
1690728506;616;26499.999999999996;624;756
1690728507;616;36037.99999999999;610;676
1690728508;12768;28426.999999999996;1286;13689
1690728509;71050754;39879.99999999999;610;33970640
1690728510;81750816;30488.999999999996;558;85324756
1690728511;91766264;22315.999999999996;610;83448066
1690728512;88972768;22597.999999999996;558;92670040
1690728513;82556386;17372.999999999996;5082;86656136
1690728514;80826784;41030.99999999999;558;82111270
1690728515;82191122;35902.99999999999;610;77665784
1690728516;82900672;14573.999999999998;744;84681772
1690728517;55470984;33742.99999999999;999;83130596
1690728518;92723812;37601.99999999999;1926;67429578
1690728519;80497608;15961.999999999998;1208;78488532
1690728520;91648822;24608.999999999996;558;87020250
1690728521;74664050;23995.999999999996;610;86972278
1690728522;79099131;22003.999999999996;558;80703290
1690728523;706;27316.999999999996;5148;25933033
1690728524;616;20859.999999999996;624;1150
1690728525;556;18940.999999999996;1514;2256
1690728526;616;18086.999999999996;558;624
1690728527;556;27518.999999999996;610;676
1690728528;1178;29207.999999999996;1413;624
1690728529;745;35650.99999999999;1208;676
1690728530;556;60307.99999999999;6502;5180
1690728531;556;9931.999999999998;610;20211
1690728532;616;26351.999999999996;558;1117
1690728533;556;23287.999999999996;5214;676
1690728534;616;31167.999999999996;558;624
1690728535;616;15087.999999999998;610;1540
1690728536;556;19452.999999999996;558;624
1690728537;616;23231.999999999996;610;676
1690728538;982;21626.999999999996;624;624
1690728539;616;34020.99999999999;1339;676
1690728540;556;18451.999999999996;558;624
1690728541;616;28164.999999999996;610;5305
1690728542;556;10163.999999999998;558;624
1690728543;616;29767.999999999996;5147;676
1690728544;616;39994.99999999999;558;624
1690728545;616;37960.99999999999;610;1471
1690728546;556;21216.999999999996;663;624
1690728547;556;20484.999999999996;610;676
1690728548;686;27151.999999999996;558;624
1690728549;556;19911.999999999996;676;676
1690728550;616;38344.99999999999;1287;624
1690728551;556;12647.999999999998;610;5304
1690728552;832;22926.999999999996;747;624
1690728553;766;3816.9999999999995;610;676
1690728554;556;47057.99999999999;5095;789
1690728555;490;623.9999999999999;813;1075
1690728556;616;20991.999999999996;558;1352
1690728557;11927;30686.999999999996;610;676
1690728558;3753;32155.999999999996;558;12890
1690728559;616;28137.999999999996;610;4057
1690728560;28993866;21931.999999999996;729;2015
1690728561;114080988;22542.999999999996;1404;93110618
1690728562;116422952;26883.999999999996;558;114493250
1690728563;117688848;17650.999999999996;610;118128310
1690728564;117046340;23902.999999999996;5030;116709314
1690728565;118075608;13691.999999999998;610;117640684
1690728566;115902486;26289.999999999996;558;114789224
1690728567;111930779;28347.999999999996;610;118651910
1690728568;96048119;21480.999999999996;624;109592509
1690728569;7437870;24371.999999999996;1586;40361864
1690728570;57935500;38487.99999999999;558;6842130
1690728571;118819246;13963.999999999998;1590;117557858
1690728572;115037812;37665.99999999999;558;116551290
1690728573;118470396;8596.999999999998;863;114726512
1690728574;114065758;60949.99999999999;5029;117896846
1690728575;118776440;38029.99999999999;610;115337726
1690728576;117345544;19945.999999999996;558;119302134
1690728577;115179926;26879.999999999996;1371;114935846
1690728578;118932032;24185.999999999996;930;118085004
1690728579;116547568;28758.999999999996;1482;116054758
1690728580;116558752;34418.99999999999;811;116895004
1690728581;115790466;12861.999999999998;777;118333784
1690728582;117790356;17260.999999999996;1353;114832460
1690728583;119157598;22676.999999999996;610;118073082
1690728584;116477028;23525.999999999996;5293;118020508
1690728585;113795380;54286.99999999999;20058;114496314
1690728586;117259522;15189.999999999998;558;115580354
1690728587;117313984;19203.999999999996;610;116524500
1690728588;119024708;37238.99999999999;558;118884864
1690728589;116321668;37458.99999999999;610;117657034
1690728590;116011940;27849.999999999996;1051;116119804
1690728591;102674180;11841.999999999998;610;116194434
1690728592;25005546;62413.99999999999;7909;53491386
1690728593;115278304;20511.999999999996;610;73138200
1690728594;116712590;30196.999999999996;558;115682786
1690728595;119979356;70072.99999999999;12663;118049240
1690728596;117045338;12557.999999999998;558;116282374
1690728597;115725698;38491.99999999999;610;117990180
1690728598;117874572;25880.999999999996;558;117104168
1690728599;117976290;27705.999999999996;610;117877400
1690728600;114842344;16691.999999999996;558;115835376
1690728601;117150880;29403.999999999996;610;117268528
1690728602;115405818;14761.999999999998;1460;115925128
1690728603;111807486;33571.99999999999;610;112756120
1690728604;118683776;34404.99999999999;558;115295286
1690728605;117077202;29874.999999999996;5213;116210996
1690728606;115694218;46740.99999999999;624;117611108
1690728607;116912142;19707.999999999996;610;117125954
1690728608;117376038;18553.999999999996;690;117203392
1690728609;115833946;34555.99999999999;1517;116502280
1690728610;115911624;14429.999999999998;558;115354282
1690728611;118253798;32655.999999999996;610;117024604
1690728612;115198850;20065.999999999996;690;117898105
1690728613;117276680;19929.999999999996;1338;115625931
1690728614;116442384;23221.999999999996;558;117071370
1690728615;117907256;17287.999999999996;781;116671144
1690728616;115723132;21316.999999999996;5430;118672394
1690728617;116589164;23624.999999999996;610;156416078
1690728618;115743322;19922.999999999996;558;73346388
1690728619;115703916;22361.999999999996;610;114808092
1690728620;113695516;32968.99999999999;558;115341526
1690728621;89123392;25514.999999999996;610;113852426
1690728622;616;9350.999999999998;558;26514778
1690728623;616;28488.999999999996;610;5662
1690728624;20180000;16223.999999999998;1418;624
1690728625;86435674;29936.999999999996;781;66714370
1690728626;101452900;9383.999999999998;5227;94384089
1690728627;118454686;37895.99999999999;610;113010198
1690728628;116854536;28934.999999999996;558;114405900
1690728629;115151760;27608.999999999996;610;117779858
1690728630;116052988;10420.999999999998;558;116248232
1690728631;114018096;33627.99999999999;610;117677980
1690728632;110443776;13575.999999999998;558;111410232
1690728633;113840734;13012.999999999998;796;109174992
1690728634;54978442;42206.99999999999;1550;98305942
1690728635;1362;1763.9999999999998;610;8541786
1690728636;1109;61596.99999999999;6176;624
1690728637;24944644;27319.999999999996;979;742
1690728638;116925504;17398.999999999996;1152;87438600
1690728639;110169946;39624.99999999999;1397;115190994
1690728640;107149000;9288.999999999998;558;110445452
1690728641;114564320;29855.999999999996;610;107584118
1690728642;92953520;8309.999999999998;558;103725168
1690728643;104260838;16779.999999999996;610;93881484
1690728644;93449046;18533.999999999996;558;101518124
1690728645;107570078;12521.999999999998;1403;103001654
1690728646;105016582;33406.99999999999;5096;106098736
1690728647;105262270;22000.999999999996;610;112188270
1690728648;90988086;31543.999999999996;558;88195820
1690728649;102346308;27217.999999999996;610;98752118
1690728650;108314832;15368.999999999998;1051;107166046
1690728651;49022636;17129.999999999996;610;88109276
1690728652;25844260;24706.999999999996;558;8939998
1690728653;112788244;24690.999999999996;610;88467512
1690728654;92833714;14732.999999999998;558;103093060
1690728655;99120630;18955.999999999996;1510;96347144
1690728656;99054370;25997.999999999996;558;95024142
1690728657;84386152;22819.999999999996;5082;105450802
1690728658;7455226;33007.99999999999;558;32921980
1690728659;946;28348.999999999996;610;676
1690728660;87162608;29927.999999999996;558;34779634
1690728661;106294386;13159.999999999998;610;116161086
1690728662;100855874;37833.99999999999;558;97053924
1690728663;104665728;7713.999999999999;610;102388982
1690728664;107608538;50599.99999999999;558;106999032
1690728665;115675948;14912.999999999998;676;112991460
1690728666;112466040;56445.99999999999;1286;112956840
1690728667;102622296;17810.999999999996;5213;107706264
1690728668;47760644;20050.999999999996;558;85859412
1690728669;1127318;26048.999999999996;781;7719934
1690728670;940;22439.999999999996;558;1127312
1690728671;742;26243.999999999996;676;676
1690728672;18960900;28899.999999999996;1461;624
1690728673;107287150;18963.999999999996;610;74716296
1690728674;114635302;18789.999999999996;558;113060160
1690728675;115866880;16802.999999999996;610;115089884
1690728676;113880696;23117.999999999996;1554;116024748
1690728677;107450862;24585.999999999996;610;116554656
1690728678;95085800;19810.999999999996;5095;91735186
1690728679;93678192;47823.99999999999;610;99205798
1690728680;99532692;11139.999999999998;729;94726500
1690728681;107998108;21763.999999999996;610;104967812
1690728682;107966256;12210.999999999998;558;110856538
1690728683;74574764;7242.999999999999;610;88338236
1690728684;27607556;21109.999999999996;558;56127376
1690728685;1590432;23526.999999999996;610;4305790
1690728686;83947202;18848.999999999996;624;38093658
1690728687;112128628;36274.99999999999;1338;107111450
1690728688;115243724;18280.999999999996;5006;114615712
1690728689;109260532;31087.999999999996;610;114215742
1690728690;70545710;6524.999999999999;558;88824274
1690728691;20206398;59488.99999999999;610;43598592
1690728692;25159450;2858.9999999999995;558;6014340
1690728693;44816193;19794.999999999996;796;68928049
1690728694;556;42777.99999999999;558;1093
1690728695;616;26429.999999999996;610;676
1690728696;556;42627.99999999999;558;5571
1690728697;556;23679.999999999996;2042;676
1690728698;616;26930.999999999996;5553;624
1690728699;1043;27322.999999999996;1287;676
1690728700;616;31480.999999999996;558;690
1690728701;556;19062.999999999996;742;1404
1690728702;616;23908.999999999996;1533;624
1690728703;556;10561.999999999998;610;862
1690728704;766;26096.999999999996;558;807
1690728705;556;18925.999999999996;610;1399
1690728706;616;30188.999999999996;558;5611
1690728707;556;20164.999999999996;610;865
1690728708;1178;15253.999999999998;6104;558
1690728709;872;45209.99999999999;1103;676
1690728710;616;21326.999999999996;558;624
1690728711;932;30740.999999999996;610;1809
1690728712;556;10547.999999999998;558;1117
1690728713;991;23735.999999999996;610;676
1690728714;796;9848.999999999998;558;624
1690728715;556;29229.999999999996;610;676
1690728716;892;12567.999999999998;558;5677
1690728717;932;34620.99999999999;610;676
1690728718;556;31259.999999999996;5933;624
1690728719;766;18726.999999999996;610;676
1690728720;556;18712.999999999996;558;624
1690728721;622;19942.999999999996;610;808
1690728722;892;27891.999999999996;558;1518
1690728723;1168;11011.999999999998;610;718
1690728724;616;47698.99999999999;558;807
1690728725;616;10847.999999999998;610;859
1690728726;556;60468.99999999999;558;6103
1690728727;556;24791.999999999996;610;1559
1690728728;550;37824.99999999999;5160;624
1690728729;556;21667.999999999996;1552;676
1690728730;616;17782.999999999996;558;624
1690728731;556;18274.999999999996;610;676
1690728732;616;27313.999999999996;558;690
1690728733;556;17641.999999999996;610;1404
1690728734;766;19699.999999999996;558;624
1690728735;556;10626.999999999998;610;676
1690728736;616;21755.999999999996;761;624
1690728737;556;30246.999999999996;610;5701
1690728738;1178;40492.99999999999;558;624
1690728739;616;18939.999999999996;6146;842
1690728740;556;18061.999999999996;558;790
1690728741;616;23968.999999999996;610;963
1690728742;556;18901.999999999996;558;915
1690728743;556;26846.999999999996;610;1470
1690728744;616;15788.999999999998;558;876
1690728745;616;20685.999999999996;610;676
1690728746;556;14901.999999999998;558;624
1690728747;616;27167.999999999996;676;5662
1690728748;556;20071.999999999996;741;624
1690728749;766;49263.99999999999;7291;676
1690728750;556;20991.999999999996;724;624
1690728751;616;34582.99999999999;1070;676
1690728752;556;8705.999999999998;766;790
1690728753;556;41621.99999999999;862;1673
1690728754;616;31247.999999999996;744;827
1690728755;556;26840.999999999996;610;1784
1690728756;616;36774.99999999999;558;624
1690728757;616;39915.99999999999;979;5785
1690728758;556;25816.999999999996;761;624
1690728759;1043;19313.999999999996;5713;676
1690728760;616;22624.999999999996;1456;624
1690728761;616;18234.999999999996;610;610
1690728762;556;14958.999999999998;558;624
1690728763;556;22326.999999999996;610;1539
1690728764;766;26119.999999999996;558;1159
1690728765;616;11708.999999999998;610;884
1690728766;556;18968.999999999996;724;813
1690728767;556;28417.999999999996;776;676
1690728768;1178;41835.99999999999;811;5743
1690728769;676;22780.999999999996;5707;676
1690728770;556;18863.999999999996;1354;624
1690728771;556;20443.999999999996;610;1169
1690728772;550;18262.999999999996;558;624
1690728773;616;18703.999999999996;610;676
1690728774;556;18920.999999999996;558;1484
1690728775;616;15440.999999999998;610;676
1690728776;556;18011.999999999996;558;624
1690728777;556;28125.999999999996;610;676
1690728778;616;38473.99999999999;558;5546
1690728779;856;24740.999999999996;5081;676
1690728780;556;23139.999999999996;1353;624
1690728781;556;20411.999999999996;610;842
1690728782;745;14803.999999999998;624;956
1690728783;616;19879.999999999996;1591;928
1690728784;556;45482.99999999999;558;690
1690728785;556;20452.999999999996;776;1409
1690728786;616;45836.99999999999;724;807
1690728787;616;31338.999999999996;929;742
1690728788;556;36356.99999999999;558;6504
1690728789;616;18917.999999999996;5280;676
1690728790;556;12850.999999999998;795;624
1690728791;556;30095.999999999996;1338;676
1690728792;616;12607.999999999998;558;624
1690728793;556;21557.999999999996;610;676
1690728794;766;24513.999999999996;558;624
1690728795;556;16845.999999999996;610;1598
1690728796;616;21609.999999999996;761;729
1690728797;616;22937.999999999996;610;676
1690728798;1247;47944.99999999999;558;624
1690728799;490;19378.999999999996;715;5597
1690728800;616;16446.999999999996;5162;624
1690728801;616;31224.999999999996;1404;1013
1690728802;556;6509.999999999999;558;624
1690728803;556;27542.999999999996;610;862
1690728804;616;20407.999999999996;558;624
1690728805;616;21464.999999999996;610;1537
1690728806;556;10036.999999999998;558;
1690728807;556;20216.999999999996;610;
1690728808;616;26940.999999999996;558;
1690728809;766;45752.99999999999;793;633.3166023166024
1690728810;556;14889.999999999998;5030;829.6851775392239
1690728811;556;24752.999999999996;776;842
1690728812;616;23315.999999999996;1353;624
1690728813;556;17178.999999999996;610;676
1690728814;676;49390.99999999999;952;947
1690728815;745;17010.999999999996;610;1197
1690728816;556;40235.99999999999;558;1462
1690728817;556;21010.999999999996;1162;676
1690728818;616;35533.99999999999;910;624
1690728819;1043;29335.999999999996;918;5794
1690728820;616;26601.999999999996;5134;624
1690728821;556;9052.999999999998;799;676
1690728822;616;22604.999999999996;1454;624
1690728823;556;14475.999999999998;610;676
1690728824;885;26985.999999999996;558;832
1690728825;616;24999.999999999996;610;859
1690728826;556;6799.999999999999;558;756
1690728827;556;29286.999999999996;676;1048
1690728828;1178;35768.99999999999;1628;1352
1690728829;616;33739.99999999999;1208;1178
1690728830;556;24840.999999999996;5096;5587
1690728831;556;4502.999999999999;610;781
1690728832;616;29110.999999999996;1353;1117
1690728833;616;13539.999999999998;610;676
1690728834;556;25106.999999999996;558;624
1690728835;556;16292.999999999998;610;676
1690728836;616;18183.999999999996;558;624
1690728837;616;31522.999999999996;610;742
1690728838;556;12358.999999999998;558;1606
1690728839;706;57266.99999999999;610;1404
1690728840;616;18962.999999999996;558;5611
1690728841;556;16547.999999999996;5148;676
1690728842;616;11505.999999999998;558;624
1690728843;556;19659.999999999996;1404;1008
1690728844;616;40094.99999999999;558;624
1690728845;556;18310.999999999996;610;859
1690728846;616;49993.99999999999;558;624
1690728847;556;29027.999999999996;776;676
1690728848;616;30155.999999999996;558;624
1690728849;556;20047.999999999996;610;1471
1690728850;616;35077.99999999999;944;5545
1690728851;616;17004.999999999996;6000;676
1690728852;556;19927.999999999996;744;624
1690728853;616;18252.999999999996;742;676
1690728854;706;12844.999999999998;1604;624
1690728855;556;13961.999999999998;610;676
1690728856;616;19601.999999999996;761;624
1690728857;556;36237.99999999999;742;781
1690728858;1178;31048.999999999996;1478;624
1690728859;616;18112.999999999996;715;1678
1690728860;616;38815.99999999999;558;5931
1690728861;556;21143.999999999996;5345;842
1690728862;616;19943.999999999996;558;795
1690728863;556;11424.999999999998;610;1583
1690728864;616;24981.999999999996;1423;810
1690728865;556;12020.999999999998;610;676
1690728866;616;19119.999999999996;558;624
1690728867;616;23381.999999999996;610;676
1690728868;556;17138.999999999996;558;
1690728869;706;42569.99999999999;610;
1690728870;616;33015.99999999999;807;
1690728871;556;33121.99999999999;5214;710.8307045215563
1690728872;616;11869.999999999998;724;790
1690728873;616;24770.999999999996;818;676
1690728874;556;36480.99999999999;1604;827
1690728875;676;20828.999999999996;610;1065
1690728876;556;47468.99999999999;558;624
1690728877;616;15763.999999999998;610;676
1690728878;556;50305.99999999999;558;624
1690728879;1037;18744.999999999996;610;676
1690728880;556;26480.999999999996;724;1520
1690728881;616;20947.999999999996;5469;5597
1690728882;556;11151.999999999998;558;624
1690728883;556;28791.999999999996;610;676
1690728884;766;13329.999999999998;1423;624
1690728885;556;28937.999999999996;610;676
1690728886;616;7040.999999999999;558;624
1690728887;616;23054.999999999996;610;865
1690728888;1178;23577.999999999996;558;624
1690728889;616;40768.99999999999;1374;676
1690728890;676;32640.999999999996;558;1671
1690728891;676;55338.99999999999;676;5795
1690728892;12141;29656.999999999996;24256;9078
1690728893;616;17999.999999999996;610;12583
1690728894;676;23391.999999999996;558;1764
1690728895;2674628;16338.999999999998;1505;676
1690728896;115087982;31699.999999999996;558;65667054
1690728897;116736382;8876.999999999998;610;116461262
1690728898;118048612;46686.99999999999;1532;116234698
1690728899;114610528;17230.999999999996;610;117197770
1690728900;115365620;152887.99999999997;558;114742098
1690728901;116778068;4371.999999999999;14351;116970836
1690728902;116397690;17492.999999999996;5161;116465704
1690728903;113219896;20238.999999999996;610;115589794
1690728904;89934754;37051.99999999999;558;104509322
1690728905;64701854;28318.999999999996;1404;60601242
1690728906;111740912;38166.99999999999;558;98503396
1690728907;114564778;30807.999999999996;776;114829174
1690728908;117868272;31733.999999999996;558;117262266
1690728909;113524826;30504.999999999996;610;114460404
1690728910;99831510;19408.999999999996;558;113942258
1690728911;18296974;26256.999999999996;813;55741286
1690728912;77307508;11239.999999999998;5278;25968274
1690728913;119026350;16333.999999999998;610;116198166
1690728914;115968620;23811.999999999996;558;117525330
1690728915;117440444;8575.999999999998;862;117331786
1690728916;113262998;19229.999999999996;1529;115667322
1690728917;53751506;27429.999999999996;610;86573022
1690728918;107370740;25140.999999999996;558;70853674
1690728919;113884020;34525.99999999999;610;117169620
1690728920;113277382;13054.999999999998;558;113542562
1690728921;113429700;70943.99999999999;610;113545200
1690728922;88815300;18122.999999999996;11660;110637022
1690728923;16953072;9309.999999999998;610;44386784
1690728924;1262050;20844.999999999996;558;365050
1690728925;113203072;12372.999999999998;610;61072044
1690728926;116787936;31373.999999999996;624;117979624
1690728927;115252070;19887.999999999996;1338;115387724
1690728928;117307740;20347.999999999996;558;117854414
1690728929;107708286;33703.99999999999;1103;114528364
1690728930;23616200;18359.999999999996;1051;68483348
1690728931;676;29707.999999999996;1178;676
1690728932;556;4402.999999999999;724;7308
1690728933;556;31451.999999999996;6120;1169
1690728934;616;38377.99999999999;766;942
1690728935;616;21676.999999999996;796;879
1690728936;556;47029.99999999999;558;810
1690728937;616;22749.999999999996;676;676
1690728938;556;41315.99999999999;1286;624
1690728939;93061172;14059.999999999998;610;46083953
1690728940;114448690;26770.999999999996;747;110303034
1690728941;113303504;28976.999999999996;776;113991366
1690728942;115832758;19803.999999999996;558;113783968
1690728943;113331906;9401.999999999998;5270;114279622
1690728944;106660844;15687.999999999998;558;108683916
1690728945;111848834;17213.999999999996;610;110829300
1690728946;100026868;17843.999999999996;558;109452086
1690728947;31486452;18461.999999999996;610;69633442
1690728948;2025038;47355.99999999999;558;4600316
1690728949;940;20626.999999999996;1405;874536
1690728950;67646;21506.999999999996;724;807
1690728951;71917404;33889.99999999999;610;20755976
1690728952;118030922;13851.999999999998;558;113623136
1690728953;114456900;25798.999999999996;5334;117774474
1690728954;115017928;15331.999999999998;744;115828314
1690728955;111364720;27252.999999999996;610;111512022
1690728956;114235892;11041.999999999998;877;114005676
1690728957;113579714;14082.999999999998;610;116346296
1690728958;79954372;49435.99999999999;558;97215434
1690728959;25802992;19258.999999999996;1405;53394774
1690728960;31091290;22662.999999999996;558;5077336
1690728961;113860140;18616.999999999996;781;93171864
1690728962;116653066;20344.999999999996;558;115938674
1690728963;119000690;22560.999999999996;5081;117075504
1690728964;113117554;40942.99999999999;558;117007728
1690728965;108490988;15760.999999999998;610;112509452
1690728966;111385816;42791.99999999999;558;107589016
1690728967;103337794;26137.999999999996;610;109473834
1690728968;36074248;37620.99999999999;1694;66138516
1690728969;1228704;24018.999999999996;1404;14286730
1690728970;91581648;21331.999999999996;558;45073026
1690728971;109142230;24346.999999999996;996;102327528
1690728972;116054122;25083.999999999996;558;118254366
1690728973;97679464;15173.999999999998;5147;115393220
1690728974;79230376;34496.99999999999;744;62003588
1690728975;109723464;4966.999999999999;610;109414550
1690728976;117111558;17986.999999999996;761;117474626
1690728977;62157093;26697.999999999996;610;112870745
1690728978;1238;20702.999999999996;558;624
1690728979;550;11076.999999999998;610;676
1690728980;676;46440.99999999999;1454;832
1690728981;676;16567.999999999996;610;676
1690728982;490;22685.999999999996;558;790
1690728983;616;18252.999999999996;5214;5841
1690728984;676;18380.999999999996;558;810
1690728985;616;18551.999999999996;610;742
1690728986;5938922;24338.999999999996;558;1354
1690728987;106818168;19736.999999999996;610;61403172
1690728988;113904896;31603.999999999996;558;116241808
1690728989;115880692;17024.999999999996;610;114297540
1690728990;119245394;40101.99999999999;807;116231512
1690728991;113396668;16784.999999999996;1899;113547268
1690728992;116970772;27672.999999999996;1776;116738804
1690728993;113310666;20684.999999999996;5214;117496206
1690728994;116649378;35189.99999999999;766;113739804
1690728995;114382854;29291.999999999996;610;116099998
1690728996;113071152;39655.99999999999;558;114256278
1690728997;116763584;28892.999999999996;610;112629584
1690728998;115034986;9014.999999999998;558;117704540
1690728999;119845868;33090.99999999999;610;117284148
1690729000;105771824;17658.999999999996;724;111144578
1690729001;107355520;37419.99999999999;1664;103407432
1690729002;112740188;18865.999999999996;558;112728062
1690729003;117539782;21196.999999999996;610;119384150
1690729004;118088384;45834.99999999999;12066;115377898
1690729005;111230908;19861.999999999996;610;113430688
1690729006;51025964;20537.999999999996;558;94502204
1690729007;105956094;24338.999999999996;610;61361976
1690729008;114870252;16922.999999999996;558;117362258
1690729009;115676726;32243.999999999996;776;117029816
1690729010;116649118;25163.999999999996;558;113447374
1690729011;118333088;11006.999999999998;610;116971430
1690729012;109941476;37948.99999999999;1353;111535590
1690729013;117372874;16985.999999999996;610;118527124
1690729014;116537300;14756.999999999998;5030;114796146
1690729015;117264724;19032.999999999996;796;117388928
1690729016;115484290;26405.999999999996;558;116891930
1690729017;30631727;17040.999999999996;610;68274450
1690729018;556;24422.999999999996;558;12968223
1690729019;706;34336.99999999999;610;676
1690729020;616;27400.999999999996;558;624
1690729021;616;16187.999999999998;610;676
1690729022;556;32609.999999999996;1352;624
1690729023;556;24852.999999999996;610;676
1690729024;550;42073.99999999999;5030;956
1690729025;616;23624.999999999996;610;6187
1690729026;556;42090.99999999999;558;1832
1690729027;556;17381.999999999996;776;1279
1690729028;616;21285.999999999996;558;827
1690729029;736;31571.999999999996;610;2450
1690729030;616;19004.999999999996;558;624
1690729031;616;41015.99999999999;996;676
1690729032;556;11576.999999999998;1390;624
1690729033;556;13972.999999999998;610;676
1690729034;766;25461.999999999996;5201;624
1690729035;556;15757.999999999998;796;6258
1690729036;616;23636.999999999996;761;624
1690729037;616;27009.999999999996;610;610
1690729038;1118;16027.999999999998;558;624
1690729039;616;13520.999999999998;610;808
1690729040;616;31366.999999999996;624;624
1690729041;745;23161.999999999996;610;1617
1690729042;556;8259.999999999998;1466;790
1690729043;616;21810.999999999996;676;676
1690729044;556;29626.999999999996;5801;810
1690729045;616;13009.999999999998;610;6153
1690729046;778;29921.999999999996;558;624
1690729047;1048;27551.999999999996;610;676
1690729048;616;12398.999999999998;558;624
1690729049;706;30422.999999999996;610;676
1690729050;616;18746.999999999996;741;624
1690729051;616;40655.99999999999;610;1537
1690729052;556;11438.999999999998;1217;624
1690729053;616;31603.999999999996;610;1169
1690729054;556;51704.99999999999;1563;827
1690729055;745;21718.999999999996;5124;676
1690729056;556;44163.99999999999;558;6389
1690729057;616;20821.999999999996;610;624
1690729058;556;33889.99999999999;558;741
1690729059;556;13311.999999999998;610;929
1690729060;1103;20480.999999999996;913;624
1690729061;616;23637.999999999996;610;1474
1690729062;556;23334.999999999996;558;624
1690729063;556;30035.999999999996;610;676
1690729064;766;27944.999999999996;558;624
1690729065;616;15710.999999999998;6282;676
1690729066;556;23597.999999999996;761;5969
1690729067;556;24847.999999999996;610;865
1690729068;1178;25874.999999999996;877;624
1690729069;616;24367.999999999996;776;676
1690729070;556;19696.999999999996;558;624
1690729071;490;22214.999999999996;610;859
1690729072;616;14132.999999999998;624;1419
1690729073;706;27562.999999999996;1582;676
1690729074;556;14747.999999999998;558;624
1690729075;556;16726.999999999996;5918;676
1690729076;616;27908.999999999996;744;5904
1690729077;556;18621.999999999996;610;676
1690729078;616;24503.999999999996;558;624
1690729079;766;12947.999999999998;610;676
1690729080;556;38885.99999999999;558;624
1690729081;616;6463.999999999999;610;676
1690729082;556;26813.999999999996;663;1518
1690729083;556;27851.999999999996;610;1113
1690729084;735;30526.999999999996;558;624
1690729085;676;20652.999999999996;5147;676
1690729086;556;37053.99999999999;624;624
1690729087;556;12043.999999999998;1505;5954
1690729088;616;44178.99999999999;558;790
1690729089;616;29586.999999999996;610;879
1690729090;556;25686.999999999996;558;624
1690729091;616;16184.999999999998;996;842
1690729092;556;16436.999999999996;558;856
1690729093;556;14294.999999999998;610;2614
1690729094;766;29852.999999999996;558;624
1690729095;556;7646.999999999999;796;676
1690729096;616;18781.999999999996;5096;624
1690729097;556;36903.99999999999;1405;6020
1690729098;1178;41707.99999999999;558;624
1690729099;556;18585.999999999996;610;610
1690729100;616;19585.999999999996;558;624
1690729101;556;20013.999999999996;676;950
1690729102;616;5215.999999999999;1461;624
1690729103;556;33243.99999999999;610;865
1690729104;616;12278.999999999998;558;1581
1690729105;616;32979.99999999999;610;2967
1690729106;556;13166.999999999998;5201;624
1690729107;556;25556.999999999996;676;8166
1690729108;616;45256.99999999999;1287;624
1690729109;766;20939.999999999996;610;676
1690729110;556;25377.999999999996;741;624
1690729111;556;29876.999999999996;1103;1716
1690729112;616;14980.999999999998;724;624
1690729113;556;11429.999999999998;610;1169
1690729114;616;56835.99999999999;558;1676
1690729115;616;14044.999999999998;818;1821
1690729116;616;55818.99999999999;5030;810
1690729117;556;9560.999999999998;610;6088
1690729118;616;44066.99999999999;624;624
1690729119;556;25078.999999999996;1343;859
1690729120;1103;24789.999999999996;913;624
1690729121;616;19316.999999999996;610;676
1690729122;556;10935.999999999998;558;624
1690729123;556;24735.999999999996;610;610
1690729124;766;27675.999999999996;558;624
1690729125;616;12696.999999999998;610;1541
1690729126;556;22241.999999999996;558;624
1690729127;556;62094.99999999999;12330;676
1690729128;1178;39541.99999999999;558;29193
1690729129;616;35462.99999999999;1571;676
1690729130;685;22136.999999999996;558;624
1690729131;616;27136.999999999996;610;676
1690729132;556;18155.999999999996;558;807
1690729133;556;13236.999999999998;610;676
1690729134;616;20548.999999999996;558;624
1690729135;556;25608.999999999996;610;1470
1690729136;616;16302.999999999998;744;624
1690729137;556;28578.999999999996;5148;676
1690729138;616;28782.999999999996;558;6214
1690729139;766;35143.99999999999;1404;676
1690729140;556;20887.999999999996;558;624
1690729141;556;22686.999999999996;610;676
1690729142;616;16738.999999999996;558;624
1690729143;616;21997.999999999996;1660;1008
1690729144;616;51948.99999999999;558;624
1690729145;616;17445.999999999996;610;1471
1690729146;556;39407.99999999999;558;624
1690729147;556;31224.999999999996;5485;676
1690729148;616;25751.999999999996;741;6314
1690729149;556;37617.99999999999;1754;879
1690729150;616;16339.999999999998;911;624
1690729151;556;27909.999999999996;813;676
1690729152;616;11414.999999999998;741;624
1690729153;686;24280.999999999996;610;776
1690729154;706;16627.999999999996;558;624
1690729155;556;24350.999999999996;796;1471
1690729156;616;7497.999999999999;558;624
1690729157;556;23603.999999999996;5385;610
1690729158;1178;30864.999999999996;558;6254
1690729159;685;39664.99999999999;1405;676
1690729160;616;33177.99999999999;558;624
1690729161;556;15360.999999999998;610;884
1690729162;616;17309.999999999996;558;624
1690729163;616;19024.999999999996;799;676
1690729164;556;19944.999999999996;747;810
1690729165;556;26272.999999999996;610;1537
1690729166;616;15287.999999999998;944;813
1690729167;616;23326.999999999996;6088;676
1690729168;556;30162.999999999996;558;6280
1690729169;706;22251.999999999996;1405;676
1690729170;616;34180.99999999999;558;624
1690729171;745;19467.999999999996;1103;676
1690729172;556;17270.999999999996;724;624
1690729173;556;21932.999999999996;610;676
1690729174;616;43905.99999999999;766;1117
1690729175;616;24053.999999999996;610;1740
1690729176;556;49681.99999999999;558;624
1690729177;556;22277.999999999996;610;1028
1690729178;616;35230.99999999999;5096;6346
1690729179;646;22955.999999999996;1405;859
1690729180;1103;34138.99999999999;558;1675
1690729181;616;19511.999999999996;776;676
1690729182;556;16975.999999999996;558;624
1690729183;556;19428.999999999996;610;676
1690729184;766;12644.999999999998;558;624
1690729185;616;15820.999999999998;610;676
1690729186;556;28153.999999999996;558;1586
1690729187;616;25852.999999999996;813;1712
1690729188;1118;33022.99999999999;5162;624
1690729189;556;24081.999999999996;610;6200
1690729190;616;18978.999999999996;1519;624
1690729191;556;34303.99999999999;610;676
1690729192;616;17418.999999999996;558;807
1690729193;556;17253.999999999996;610;676
1690729194;1166;22864.999999999996;558;624
1690729195;616;10069.999999999998;610;676
1690729196;556;30847.999999999996;558;1524
1690729197;556;21410.999999999996;796;676
1690729198;616;71318.99999999999;24387;624
1690729199;646;26832.999999999996;610;12306
1690729200;676;22262.999999999996;1355;624
1690729201;675;15174.999999999998;610;676
1690729202;616;33721.99999999999;558;624
1690729203;676;28490.999999999996;610;776
1690729204;616;37685.99999999999;558;558
1690729205;676;22988.999999999996;610;676
1690729206;676;110158.99999999999;8007;624
1690729207;676;27140.999999999996;776;8919
1690729208;616;30961.999999999996;5095;790
1690729209;616;23415.999999999996;610;6199
1690729210;676;20426.999999999996;1601;761
1690729211;676;15731.999999999998;793;676
1690729212;556;23795.999999999996;761;624
1690729213;676;27745.999999999996;610;842
1690729214;616;5009.999999999999;558;624
1690729215;826;19618.999999999996;796;676
1690729216;616;28033.999999999996;558;624
1690729217;616;21414.999999999996;610;1470
1690729218;1238;32308.999999999996;558;624
1690729219;616;32203.999999999996;5213;6301
1690729220;616;17086.999999999996;558;624
1690729221;676;19841.999999999996;1470;676
1690729222;616;30013.999999999996;558;832
1690729223;616;18332.999999999996;610;676
1690729224;556;16085.999999999998;558;624
1690729225;556;17776.999999999996;610;862
1690729226;616;31444.999999999996;747;813
1690729227;676;23125.999999999996;1814;1575
1690729228;616;28808.999999999996;558;624
1690729229;616;27817.999999999996;5379;6332
1690729230;826;16283.999999999998;724;624
1690729231;676;32431.999999999996;1421;676
1690729232;616;16470.999999999996;1428;624
1690729233;616;32970.99999999999;1578;676
1690729234;676;48912.99999999999;558;1117
1690729235;616;10862.999999999998;818;676
1690729236;616;51097.99999999999;558;1013
1690729237;676;25328.999999999996;610;1539
1690729238;616;38823.99999999999;558;624
1690729239;616;14699.999999999998;5147;1025
1690729240;1163;22609.999999999996;558;6313
1690729241;616;23394.999999999996;776;1170
1690729242;676;26950.999999999996;1356;624
1690729243;616;32385.999999999996;610;929
1690729244;676;18182.999999999996;558;624
1690729245;766;16902.999999999996;610;676
1690729246;676;18287.999999999996;558;624
1690729247;556;29412.999999999996;813;610
1690729248;616;33917.99999999999;558;1488
1690729249;1118;23022.999999999996;5252;3551
1690729250;616;14183.999999999998;558;7433
1690729251;490;24722.999999999996;610;610
1690729252;699;13339.999999999998;1351;1846
1690729253;556;41705.99999999999;610;971
1690729254;616;6947.999999999999;558;558
1690729255;676;30651.999999999996;610;2611
1690729256;616;10679.999999999998;558;558
1690729257;676;44038.99999999999;610;610
1690729258;676;27975.999999999996;744;1417
1690729259;676;28958.999999999996;5147;610
1690729260;895;13836.999999999998;558;6147
1690729261;616;22483.999999999996;947;610
1690729262;676;20948.999999999996;1616;558
1690729263;556;48525.99999999999;610;610
1690729264;676;32918.99999999999;558;729
1690729265;736;20382.999999999996;610;610
1690729266;616;35465.99999999999;558;558
1690729267;676;38285.99999999999;776;610
1690729268;616;28703.999999999996;558;724
1690729269;616;26845.999999999996;610;1674
1690729270;676;10474.999999999998;5161;6147
1690729271;550;23409.999999999996;1179;610
1690729272;616;14906.999999999998;1575;558
1690729273;610;37215.99999999999;776;793
1690729274;616;25017.999999999996;810;1011
1690729275;766;19521.999999999996;610;610
1690729276;556;9020.999999999998;927;558
1690729277;556;43641.99999999999;793;610
1690729278;1178;24169.999999999996;810;558
1690729279;556;29912.999999999996;610;1404
1690729280;616;57558.99999999999;12348;30276
1690729281;556;28400.999999999996;610;610
1690729282;616;9256.999999999998;558;766
1690729283;814;25747.999999999996;1404;610
1690729284;616;27070.999999999996;558;558
1690729285;556;23348.999999999996;610;610
1690729286;616;8901.999999999998;558;761
1690729287;616;26731.999999999996;799;1118
1690729288;556;40641.99999999999;558;558
1690729289;556;24839.999999999996;610;1470
1690729290;766;15796.999999999998;5095;558
1690729291;616;24587.999999999996;1269;6444
1690729292;676;9822.999999999998;558;558
1690729293;616;26549.999999999996;1469;1103
1690729294;676;52511.99999999999;1817;558
1690729295;736;23970.999999999996;610;610
1690729296;616;36008.99999999999;558;744
1690729297;490;26773.999999999996;610;610
1690729298;676;32492.999999999996;558;724
1690729299;610;28652.999999999996;610;1652
1690729300;1103;21698.999999999996;5226;558
1690729301;676;24777.999999999996;776;6312
1690729302;550;15303.999999999998;558;724
1690729303;616;22625.999999999996;1571;796
1690729304;676;26924.999999999996;558;558
1690729305;766;27328.999999999996;1583;610
1690729306;676;6406.999999999999;558;558
1690729307;616;28404.999999999996;610;610
1690729308;1494;33389.99999999999;761;558
1690729309;616;31191.999999999996;610;610
1690729310;992;17626.999999999996;558;1418
1690729311;556;27742.999999999996;5147;6378
1690729312;932;9279.999999999998;766;558
1690729313;675;24350.999999999996;818;610
1690729314;616;12890.999999999998;1660;558
1690729315;616;49248.99999999999;610;610
1690729316;872;11948.999999999998;558;1034
1690729317;556;33014.99999999999;610;2163
1690729318;616;37932.99999999999;744;558
1690729319;556;28667.999999999996;610;610
1690729320;766;19090.999999999996;558;1422
1690729321;616;18258.999999999996;5384;6312
1690729322;556;14180.999999999998;724;1062
1690729323;616;31047.999999999996;610;1111
1690729324;556;72931.99999999999;10190;558
1690729325;616;240504.99999999997;116593;24852
1690729326;616;44807.99999999999;38083;558
1690729327;616;25988.999999999996;610;610
1690729328;556;35633.99999999999;558;1705
1690729329;616;33470.99999999999;610;610
1690729330;556;12091.999999999998;558;3485
1690729331;556;32840.99999999999;610;6378
1690729332;616;207191.99999999997;23150;38703
1690729333;556;54295.99999999999;610;116289
1690729334;616;13324.999999999998;492;2603
1690729335;766;40833.99999999999;6043;610
1690729336;556;10528.999999999998;558;558
1690729337;665;334408.99999999994;610;610
1690729338;1178;801878.9999999999;15376;15376
1690729339;556;38572.99999999999;610;610
1690729340;616;80213.99999999999;8143;558
1690729341;616;18198.999999999996;610;8195
1690729342;556;134207.99999999997;558;558
1690729343;556;19346.999999999996;610;5802
1690729344;730;3941.9999999999995;558;558
1690729345;616;474612.99999999994;5922;610
1690729346;556;5123.999999999999;3263;3329
1690729347;616;432002.99999999994;3636;610
1690729348;556;299506.99999999994;15544;18504
1690729349;616;21585.999999999996;610;610
1690729350;706;92780.99999999999;7875;558
1690729351;490;28512.999999999996;1103;7927
1690729352;616;10521.999999999998;558;558
1690729353;490;26807.999999999996;610;5738
1690729354;616;35333.99999999999;558;1051
1690729355;676;32318.999999999996;5147;610
1690729356;556;47053.99999999999;1329;558
1690729357;616;26679.999999999996;610;610
1690729358;626;37430.99999999999;558;558
1690729359;556;25207.999999999996;610;610
1690729360;1103;9601.999999999998;558;558
1690729361;616;25725.999999999996;610;610
1690729362;556;13948.999999999998;558;558
1690729363;556;24124.999999999996;610;5880
1690729364;616;10898.999999999998;558;558
1690729365;766;27783.999999999996;5146;610
1690729366;490;26671.999999999996;1351;558
1690729367;556;19993.999999999996;610;610
1690729368;1178;46741.99999999999;761;558
1690729369;616;16753.999999999996;610;610
1690729370;556;16978.999999999996;558;558
1690729371;556;17836.999999999996;610;610
1690729372;616;18816.999999999996;558;558
1690729373;556;18404.999999999996;610;5843
1690729374;616;17427.999999999996;558;558
1690729375;556;15758.999999999998;610;610
1690729376;616;38138.99999999999;5924;558
1690729377;556;10271.999999999998;610;610
1690729378;745;54657.99999999999;744;558
1690729379;556;9972.999999999998;610;610
1690729380;766;25661.999999999996;558;558
1690729381;616;11789.999999999998;781;610
1690729382;556;24575.999999999996;558;558
1690729383;490;14064.999999999998;610;610
1690729384;616;54618.99999999999;927;5856
1690729385;676;14457.999999999998;996;610
1690729386;556;66432.99999999999;5879;558
1690729387;556;8011.999999999999;1381;610
1690729388;550;53769.99999999999;558;558
1690729389;616;10465.999999999998;610;813
1690729390;556;27965.999999999996;558;558
1690729391;556;10345.999999999998;1590;610
1690729392;616;23725.999999999996;558;744
1690729393;616;14861.999999999998;610;2051
1690729394;556;22414.999999999996;558;5686
1690729395;766;14442.999999999998;610;610
1690729396;556;38580.99999999999;5096;558
1690729397;616;14223.999999999998;1404;610
1690729398;1118;54920.99999999999;558;558
1690729399;556;9185.999999999998;610;610
1690729400;616;26972.999999999996;558;558
1690729401;556;10638.999999999998;610;610
1690729402;616;27314.999999999996;558;558
1690729403;556;12506.999999999998;610;610
1690729404;616;27780.999999999996;558;5619
1690729405;685;14539.999999999998;610;610
1690729406;616;30499.999999999996;5095;558
1690729407;685;26261.999999999996;1592;799
1690729408;616;47234.99999999999;558;558
1690729409;616;21599.999999999996;610;610
1690729410;706;25610.999999999996;558;558
1690729411;616;26067.999999999996;1103;610
1690729412;616;24200.999999999996;558;558
1690729413;616;16208.999999999998;610;1103
1690729414;556;52425.99999999999;558;5685
1690729415;676;18382.999999999996;1580;1591
1690729416;556;58256.99999999999;558;558
1690729417;556;19563.999999999996;5981;813
1690729418;616;43171.99999999999;558;558
1690729419;616;23012.999999999996;610;929
1690729420;1043;27729.999999999996;558;558
1690729421;616;28246.999999999996;610;610
1690729422;675;29151.999999999996;558;1527
1690729423;550;17622.999999999996;610;610
1690729424;556;27456.999999999996;558;5102
1690729425;706;14995.999999999998;610;1315
1690729426;616;29488.999999999996;558;558
1690729427;556;16140.999999999998;6436;610
1690729428;1178;44237.99999999999;1080;1051
1690729429;556;26605.999999999996;610;1103
1690729430;616;69969.99999999999;558;558
1690729431;616;17101.999999999996;610;14945
1690729432;3070;25132.999999999996;558;46066
1690729433;89651927;93865.99999999999;610;34896588
1690729434;108778105;33360.99999999999;558;110591875
1690729435;116650132;92452.99999999999;610;118477825
1690729436;114986629;34823.99999999999;558;117514358
1690729437;118112335;54651.99999999999;5918;113244037
1690729438;116910616;90697.99999999999;744;117372432
1690729439;115763714;24640.999999999996;610;115080790
1690729440;118915852;101563.99999999999;558;117531024
1690729441;108219794;15403.999999999998;610;115937958
1690729442;116217812;58340.99999999999;558;110526340
1690729443;118352106;57424.99999999999;610;117841986
1690729444;117569154;38053.99999999999;927;115968728
1690729445;116869190;62450.99999999999;793;116941710
1690729446;114759272;86662.99999999999;1359;116972734
1690729447;117517142;29578.999999999996;5288;116433920
1690729448;113979424;65496.99999999999;1329;115878234
1690729449;107171200;39074.99999999999;610;104291508
1690729450;118930026;14387.999999999998;558;116515954
1690729451;116176930;23613.999999999996;610;120012388
1690729452;118571356;11971.999999999998;558;116461050
1690729453;116262840;20143.999999999996;610;116578066
1690729454;116464224;15498.999999999998;558;116817600
1690729455;119337660;57404.99999999999;6413;118445532
1690729456;116732462;17522.999999999996;558;115685208
1690729457;114175196;10445.999999999998;5146;116656246
1690729458;119580154;37890.99999999999;1452;116391940
1690729459;116516888;25379.999999999996;610;116778442
1690729460;118376470;26345.999999999996;558;117898192
1690729461;116287676;21199.999999999996;610;116022064
1690729462;117059158;10605.999999999998;558;118015650
1690729463;119330408;30295.999999999996;610;117296364
1690729464;116830856;9391.999999999998;558;119085928
1690729465;117463128;33293.99999999999;610;114589274
1690729466;116616728;16956.999999999996;558;114348094
1690729467;117056596;24308.999999999996;799;117929296
1690729468;118166890;23283.999999999996;5991;117937876
1690729469;116812770;8174.999999999999;796;116534588
1690729470;117200326;33959.99999999999;810;115190898
1690729471;112564728;13765.999999999998;1651;115498326
1690729472;115279764;37657.99999999999;876;114964688
1690729473;115106172;23560.999999999996;610;115811668
1690729474;116379110;36799.99999999999;558;115578494
1690729475;118611904;21900.999999999996;610;117727510
1690729476;116841384;43355.99999999999;558;118200008
1690729477;117236502;29186.999999999996;1650;115792402
1690729478;116830278;29578.999999999996;6001;115381444
1690729479;119028532;15860.999999999998;610;119267434
1690729480;116477718;31546.999999999996;558;116895720
1690729481;117349938;23924.999999999996;610;115465588
1690729482;116352344;24826.999999999996;558;117605824
1690729483;117319654;15888.999999999998;610;116042300
1690729484;117048440;19188.999999999996;558;118366448
1690729485;120804704;20299.999999999996;715;117686782
1690729486;115609768;35610.99999999999;558;118645188
1690729487;119402590;14855.999999999998;610;117552830
1690729488;115747752;32508.999999999996;5792;116132358
1690729489;116750264;26234.999999999996;676;116637576
1690729490;117933762;30319.999999999996;1287;117623220
1690729491;115276014;18106.999999999996;610;115743224
1690729492;117792382;23130.999999999996;558;118898462
1690729493;117127606;17516.999999999996;610;114955730
1690729494;115977040;22985.999999999996;558;116614278
1690729495;116474388;12064.999999999998;610;116789090
1690729496;119113840;17250.999999999996;558;118735446
1690729497;116877358;35803.99999999999;610;117377834
1690729498;118020864;24340.999999999996;5096;117146618
1690729499;116642080;18357.999999999996;610;115002282
1690729500;118371260;30553.999999999996;1419;118929014
1690729501;116138258;23572.999999999996;610;116185202
1690729502;118724080;26492.999999999996;558;116614100
1690729503;113916314;17788.999999999996;610;116020108
1690729504;117591364;47269.99999999999;1110;118207842
1690729505;118076276;20657.999999999996;813;116769504
1690729506;116422376;44164.99999999999;558;116604946
1690729507;117532868;23003.999999999996;1274;115859390
1690729508;117546568;20772.999999999996;5435;117948100
1690729509;120917412;25602.999999999996;610;117971270
1690729510;116698078;12981.999999999998;558;118741144
1690729511;117426088;31131.999999999996;742;117976132
1690729512;115762402;4727.999999999999;1286;118371034
1690729513;118424980;34806.99999999999;610;115277806
1690729514;118227124;11355.999999999998;558;118117586
1690729515;118636718;30289.999999999996;610;118461850
1690729516;115643348;11830.999999999998;558;115548018
1690729517;119147668;25928.999999999996;610;118379790
1690729518;115673170;24248.999999999996;5371;117147556
1690729519;118510408;31212.999999999996;610;117563330
1690729520;118188486;12246.999999999998;558;119320032
1690729521;118798960;27500.999999999996;610;115459536
1690729522;115993080;22338.999999999996;1555;119271650
1690729523;118689878;14479.999999999998;813;116708494
1690729524;116123066;22134.999999999996;558;116473576
1690729525;118149028;23836.999999999996;928;118628596
1690729526;116428986;15779.999999999998;558;117051434
1690729527;117823018;24744.999999999996;799;117439678
1690729528;118664154;26579.999999999996;558;118007649
1690729529;115538624;24756.999999999996;5081;112992074
1690729530;117875875;19779.999999999996;558;119415004
1690729531;116945028;23854.999999999996;796;116751747
1690729532;89110832;25584.999999999996;558;101575274
1690729533;78417593;18543.999999999996;1404;83807549
1690729534;68407428;54820.99999999999;558;71445245
1690729535;94736116;20019.999999999996;610;76855396
1690729536;113618260;49913.99999999999;558;112419360
1690729537;111101002;9386.999999999998;610;113446532
1690729538;112559390;37639.99999999999;558;109370654
1690729539;108146146;17037.999999999996;5149;111819522
1690729540;113002136;14713.999999999998;558;109783438
1690729541;108215208;30953.999999999996;610;114836008
1690729542;115718410;14836.999999999998;558;108845754
1690729543;113873274;24407.999999999996;1547;115873000
1690729544;119461988;22906.999999999996;558;113237674
1690729545;110781514;26208.999999999996;610;114951544
1690729546;99359254;23527.999999999996;558;114918814
1690729547;369034;27113.999999999996;610;36107570
1690729548;49803518;38214.99999999999;1051;1929758
1690729549;115406652;15074.999999999998;5148;109238534
1690729550;118610474;20601.999999999996;558;175037656
1690729551;116885978;16662.999999999996;610;60925026
1690729552;117395850;25202.999999999996;558;118102474
1690729553;85149908;21124.999999999996;742;117244142
1690729554;87122126;22510.999999999996;2179;54526992
1690729555;112509854;20553.999999999996;610;116930294
1690729556;109650296;20291.999999999996;558;107048510
1690729557;101485360;26867.999999999996;610;115305666
1690729558;103115468;34087.99999999999;558;89632416
1690729559;117413290;24349.999999999996;5147;115081714
1690729560;116212390;18398.999999999996;558;116674244
1690729561;114338676;21524.999999999996;781;116241828
1690729562;79319194;13546.999999999998;624;114282972
1690729563;1420;33056.99999999999;1513;16080586
1690729564;88508860;39288.99999999999;1515;33220836
1690729565;69961396;17526.999999999996;1179;97415500
1690729566;58593476;46036.99999999999;558;58163352
1690729567;71617578;24916.999999999996;1098;66274646
1690729568;74769112;33098.99999999999;766;69009338
1690729569;72381134;22524.999999999996;5080;83361816
1690729570;64246720;9751.999999999998;558;61943056
1690729571;68517564;17698.999999999996;610;66303268
1690729572;77947582;25512.999999999996;558;74483940
1690729573;87419676;25413.999999999996;610;81400072
1690729574;94792764;20573.999999999996;1351;91128436
1690729575;91016604;27917.999999999996;610;96392028
1690729576;101359556;18467.999999999996;558;98535284
1690729577;96552884;24030.999999999996;610;96524586
1690729578;49506312;25058.999999999996;663;70472992
1690729579;103489710;39479.99999999999;5147;83471090
1690729580;94625020;16250.999999999998;558;92828532
1690729581;105083844;19441.999999999996;610;99781938
1690729582;92294610;23553.999999999996;558;104026724
1690729583;17960096;18232.999999999996;610;55117970
1690729584;40291536;24498.999999999996;1611;2328778
1690729585;111002430;26134.999999999996;610;100574036
1690729586;113091624;14276.999999999998;558;110090326
1690729587;113367502;26000.999999999996;799;112946302
1690729588;118356320;17521.999999999996;558;113557920
1690729589;110981156;44676.99999999999;5081;118196798
1690729590;115648094;13240.999999999998;558;111786608
1690729591;104343024;12375.999999999998;796;114970124
1690729592;61917818;41776.99999999999;558;59491962
1690729593;115270806;11606.999999999998;610;108995804
1690729594;117482400;46506.99999999999;1353;116726706
1690729595;116007056;21166.999999999996;610;115834762
1690729596;104168902;52586.99999999999;558;114597676
1690729597;44574546;8974.999999999998;610;75477300
1690729598;1282178;31140.999999999996;558;12100252
1690729599;67918628;29433.999999999996;610;22094982
1690729600;114449404;17258.999999999996;5096;109365752
1690729601;98520490;18229.999999999996;610;106274374
1690729602;80810512;19566.999999999996;558;91397218
1690729603;38391842;24004.999999999996;610;60535382
1690729604;70713172;16263.999999999998;558;46239430
1690729605;54599520;28693.999999999996;1405;70099306
1690729606;41191590;26368.999999999996;558;44403438
1690729607;35988476;10869.999999999998;610;32239838
1690729608;20321936;23726.999999999996;1051;40605092
1690729609;676;44725.99999999999;610;6391
1690729610;616;16628.999999999996;5096;1117
1690729611;616;25818.999999999996;610;1707
1690729612;29003648;15375.999999999998;558;8375788
1690729613;45308988;24308.999999999996;610;46808692
1690729614;49106708;11867.999999999998;747;46762638
1690729615;51815920;30638.999999999996;1598;50214202
1690729616;53432886;22408.999999999996;558;53477778
1690729617;59247582;17311.999999999996;864;52856804
1690729618;61625262;27596.999999999996;558;63706336
1690729619;50040214;37023.99999999999;610;54000688
1690729620;57674652;22550.999999999996;5096;56352572
1690729621;71384582;17479.999999999996;610;63684830
1690729622;64634850;21044.999999999996;558;67460402
1690729623;66596904;18594.999999999996;610;67566480
1690729624;22524292;36866.99999999999;1110;46215818
1690729625;13686638;27128.999999999996;1773;17916072
1690729626;54341288;54719.99999999999;558;24029032
1690729627;63505170;16451.999999999996;1186;66616990
1690729628;68588608;27887.999999999996;558;64624356
1690729629;63725914;19664.999999999996;1925;66606540
1690729630;45028618;20284.999999999996;5359;65240108
1690729631;31110790;66538.99999999999;19859;24446036
1690729632;59376922;22638.999999999996;558;42410626
1690729633;51488524;16200.999999999998;610;69778810
1690729634;616;18213.999999999996;558;15123724
1690729635;1112;25628.999999999996;610;879
1690729636;556;23621.999999999996;1418;624
1690729637;556;16786.999999999996;610;676
1690729638;1178;34143.99999999999;558;624
1690729639;556;16563.999999999996;610;781
1690729640;616;26694.999999999996;558;5042
1690729641;556;23066.999999999996;5213;859
1690729642;616;25562.999999999996;558;1837
1690729643;490;20061.999999999996;610;676
1690729644;616;25179.999999999996;558;624
1690729645;556;19574.999999999996;813;676
1690729646;745;24802.999999999996;1417;624
1690729647;745;17978.999999999996;610;676
1690729648;556;30297.999999999996;624;558
1690729649;556;29832.999999999996;1517;676
1690729650;826;10289.999999999998;558;5043
1690729651;616;33521.99999999999;5372;676
1690729652;556;17829.999999999996;558;756
1690729653;616;84580.99999999999;7927;1407
1690729654;556;41673.99999999999;558;7941
1690729655;13530;29997.999999999996;610;1968
1690729656;104679074;60638.99999999999;1353;52023901
1690729657;87029394;11210.999999999998;610;101207614
1690729658;94219744;25730.999999999996;558;96721322
1690729659;79411866;31552.999999999996;610;80582204
1690729660;80304252;17659.999999999996;558;77855932
1690729661;88945134;23413.999999999996;610;85212990
1690729662;89062866;27213.999999999996;5095;94648550
1690729663;81590302;23322.999999999996;610;80232894
1690729664;94169016;22753.999999999996;558;91733070
1690729665;95970010;23304.999999999996;610;92845500
1690729666;92686554;25821.999999999996;1353;93620046
1690729667;99462132;15882.999999999998;610;97661238
1690729668;94672668;40694.99999999999;1217;96504768
1690729669;97016294;21462.999999999996;610;98726456
1690729670;99841834;13075.999999999998;1028;96149024
1690729671;103702548;47717.99999999999;793;106305560
1690729672;107550260;25510.999999999996;11171;103039156
1690729673;82444962;9463.999999999998;839;98780170
1690729674;56701334;32798.99999999999;558;51343744
1690729675;103249320;16126.999999999998;610;90892296
1690729676;154543994;23184.999999999996;558;106741840
1690729677;55763098;19198.999999999996;1593;104521402
1690729678;70115188;19386.999999999996;558;98172462
1690729679;47963851;39210.99999999999;610;40965972
1690729680;80581766;16098.999999999998;558;71427165
1690729681;25283706;18323.999999999996;610;60626600
1690729682;616;23879.999999999996;5151;5384
1690729683;616;10407.999999999998;610;808
1690729684;556;56172.99999999999;927;1352
1690729685;832;20664.999999999996;813;676
1690729686;676;58382.99999999999;558;624
1690729687;616;15760.999999999998;1404;676
1690729688;556;44920.99999999999;1198;1674
1690729689;616;17716.999999999996;610;676
1690729690;616;19504.999999999996;558;624
1690729691;556;14781.999999999998;610;676
1690729692;616;17416.999999999996;558;624
1690729693;556;25044.999999999996;5147;5622
1690729694;550;25891.999999999996;558;1267
1690729695;706;20132.999999999996;610;1814
1690729696;616;20215.999999999996;558;624
1690729697;676;16978.999999999996;1506;676
1690729698;1118;19686.999999999996;558;624
1690729699;556;38941.99999999999;610;676
1690729700;616;12124.999999999998;558;624
1690729701;550;19289.999999999996;610;676
1690729702;556;17578.999999999996;729;861
1690729703;616;14271.999999999998;5147;5527
1690729704;490;33842.99999999999;558;624
1690729705;616;16984.999999999996;813;1470
1690729706;616;27715.999999999996;558;624
1690729707;556;14307.999999999998;610;676
1690729708;616;41944.99999999999;1352;624
1690729709;772;23004.999999999996;610;676
1690729710;766;22553.999999999996;558;624
1690729711;892;11479.999999999998;610;676
1690729712;556;21087.999999999996;910;624
1690729713;616;14068.999999999998;5213;5371
1690729714;616;62761.99999999999;1702;624
1690729715;616;26156.999999999996;610;1474
1690729716;745;45698.99999999999;558;624
1690729717;556;19045.999999999996;610;796
1690729718;616;27675.999999999996;1357;624
1690729719;616;23349.999999999996;610;879
1690729720;556;27873.999999999996;558;624
1690729721;1043;15328.999999999998;610;676
1690729722;616;20173.999999999996;558;624
1690729723;706;7771.999999999999;5147;676
1690729724;556;38055.99999999999;558;5252
1690729725;646;25180.999999999996;610;676
1690729726;676;23999.999999999996;558;1432
1690729727;616;18634.999999999996;610;676
1690729728;1118;49096.99999999999;1846;1843
1690729729;616;18947.999999999996;610;865
1690729730;556;17216.999999999996;558;1117
1690729731;556;29154.999999999996;776;842
1690729732;616;13833.999999999998;807;624
1690729733;556;21378.999999999996;1635;879
1690729734;616;14513.999999999998;5161;5903
1690729735;556;30258.999999999996;610;676
1690729736;616;20251.999999999996;558;756
1690729737;556;15543.999999999998;610;1572
1690729738;616;30997.999999999996;1608;624
1690729739;616;24545.999999999996;610;676
1690729740;556;23114.999999999996;558;624
1690729741;706;24575.999999999996;610;676
1690729742;616;15608.999999999998;558;624
1690729743;616;16327.999999999998;610;676
1690729744;556;48008.99999999999;5344;5384
1690729745;556;26730.999999999996;999;676
1690729746;676;48905.99999999999;558;624
1690729747;556;23032.999999999996;610;808
1690729748;616;42126.99999999999;1958;1352
1690729749;556;16749.999999999996;610;676
1690729750;616;22572.999999999996;558;624
1690729751;556;18995.999999999996;610;676
1690729752;616;21526.999999999996;558;942
1690729753;556;16297.999999999998;610;676
1690729754;616;20633.999999999996;5227;1034
1690729755;556;28422.999999999996;610;5604
1690729756;766;22371.999999999996;558;624
1690729757;556;26361.999999999996;610;676
1690729758;1178;21490.999999999996;729;1484
1690729759;556;34291.99999999999;1512;781
1690729760;616;12842.999999999998;558;795
1690729761;556;23540.999999999996;610;676
1690729762;616;25558.999999999996;558;624
1690729763;616;13682.999999999998;610;859
1690729764;556;21483.999999999996;5161;624
1690729765;616;20075.999999999996;813;5370
1690729766;556;35659.99999999999;558;624
1690729767;616;10207.999999999998;776;676
1690729768;556;21616.999999999996;558;756
1690729769;685;24960.999999999996;928;808
1690729770;745;34069.99999999999;1286;1351
1690729771;766;12598.999999999998;610;1693
1690729772;556;34754.99999999999;558;624
1690729773;556;22498.999999999996;796;676
1690729774;616;41181.99999999999;724;624
1690729775;616;33001.99999999999;5148;5427
1690729776;616;50795.99999999999;558;624
1690729777;556;14602.999999999998;610;862
1690729778;616;18668.999999999996;558;624
1690729779;616;21431.999999999996;610;879
1690729780;556;38426.99999999999;1454;1519
1690729781;1043;9444.999999999998;610;676
1690729782;616;22376.999999999996;558;624
1690729783;616;18563.999999999996;884;676
1690729784;556;17677.999999999996;1740;624
1690729785;556;34242.99999999999;5138;676
1690729786;766;21032.999999999996;558;5253
1690729787;490;23610.999999999996;610;859
1690729788;1178;20238.999999999996;1051;624
1690729789;556;33337.99999999999;610;676
1690729790;616;24318.999999999996;624;1477
1690729791;675;17310.999999999996;1505;1474
1690729792;616;19437.999999999996;558;624
1690729793;556;19360.999999999996;793;676
1690729794;616;24050.999999999996;558;624
1690729795;616;26428.999999999996;5148;879
1690729796;556;33395.99999999999;741;5253
1690729797;490;18901.999999999996;793;842
1690729798;616;34050.99999999999;747;624
1690729799;556;22129.999999999996;863;1816
1690729800;616;17864.999999999996;558;877
1690729801;766;28295.999999999996;1404;1469
1690729802;556;14312.999999999998;558;624
1690729803;556;17717.999999999996;610;676
1690729804;616;36124.99999999999;744;624
1690729805;556;29627.999999999996;813;676
1690729806;676;63166.99999999999;5095;5252
1690729807;616;15667.999999999998;610;676
1690729808;556;23094.999999999996;724;624
1690729809;556;27871.999999999996;610;676
1690729810;616;30955.999999999996;558;624
1690729811;616;18205.999999999996;2381;676
1690729812;556;18023.999999999996;624;1604
