Time;{instance="10.231.0.208:9100"};{instance="192.168.221.10:9100"};{instance="192.168.221.11:9100"};{instance="192.168.221.12:9100"}
1690544940;1.000000024214387;13.499999999930893;4.99999999992724;2.5000000000545697
1690544941;1.7500000074505806;15.000000000054584;2.5000000000545697;3.0000000000654836
1690544942;-0.24999999441206455;13.999999999941807;2.49999999996362;3.999999999996362
1690544943;0.9999999776482582;11.9999999999891;2.999999999974534;9.99999999985448
1690544944;13.000000035390258;16.00000000007641;2.5000000000545697;25.00000000009095
1690544945;19.999999972060323;11.499999999978186;3.999999999996362;38.000000000010914
1690544946;6.25;13.999999999941807;2.999999999974534;60.00000000003638
1690544947;1.0000000009313226;17.00000000000729;1.5000000000327418;79.99999999992724
1690544948;29.00000000372529;13.500000000021842;2.49999999996362;69.99999999998181
1690544949;1.7946161645448768;14.999999999963634;4.500000000007276;67.00000000000728
1690544950;10.73219657669155;13.500000000021842;4.500000000007276;59.00000000001455
1690544951;46.25000001396984;14.49999999995272;2.0000000000436557;78.99999999999636
1690544952;40.9999999916181;13.500000000112792;2.49999999996362;91.50000000008731
1690544953;55.00000000465661;10.499999999865409;2.49999999996362;89.99999999996362
1690544954;51.24999999534339;14.50000000013462;1.5000000000327418;90.49999999997453
1690544955;43.500000005587935;10.999999999967272;5.500000000029104;97.00000000002547
1690544956;20.750000001862645;13.499999999930893;3.499999999985448;96.4999999999236
1690544957;3.0000000027939677;13.500000000112792;0.9999999999308784;100
1690544958;0.4999999888241291;12.999999999919979;1.5000000000327418;96.50000000001455
1690544959;0.4999999888241291;39.50000000004367;3.999999999996362;99.49999999998909
1690544960;1.2500000186264515;27.99999999997455;5.00000000001819;62.50000000009095
1690544961;1.0000000009313226;12.500000000000014;2.999999999974534;97.49999999994543
1690544962;1.0000000009313226;32.499999999981824;2.0000000000436557;80.00000000001819
1690544963;0.750000006519258;31.99999999997091;3.499999999985448;72.50000000003638
1690544964;4.749999986961484;18.999999999959996;2.5000000000545697;87.99999999991996
1690544965;5.499999993480742;37.00000000008005;4.99999999992724;60.500000000047294
1690544966;35.49999997485429;11.9999999999891;2.5000000000545697;79.50000000000728
1690544967;35.000000009313226;17.500000000018204;2.49999999996362;97.99999999995634
1690544968;32.750000013038516;9.49999999993453;2.49999999996362;98.99999999997817
1690544969;44.25000001210719;13.500000000021842;3.999999999996362;95.49999999999272
1690544970;6.249999976716936;13.000000000010928;6.000000000130967;98.0000000000473
1690544971;-0.4999999888241291;30.500000000029118;2.4999999998726707;98.0000000000473
1690544972;1.500000013038516;18.999999999959996;3.0000000000654836;65.49999999997453
1690544973;1.0000000009313226;13.000000000101878;1.4999999999417923;96.99999999993452
1690544974;1.0000000009313226;17.499999999927255;3.5000000000763976;75
1690544975;5.000000004656613;26.99999999995272;3.9999999999054126;92.00000000000728
1690544976;1.7499999841675162;26.00000000011279;2.0000000000436557;93.0000000000291
1690544977;25.750000006519258;14.49999999995272;2.999999999974534;73.49999999996726
1690544978;29.75000001024455;11.499999999978186;3.0000000000654836;96.00000000000364
1690544979;3.2499999972060323;13.999999999941807;4.4999999999163265;99.49999999998909
1690544980;0.7499999832361937;13.000000000101878;4.500000000098225;98.99999999997817
1690544981;1.500000013038516;11.499999999978186;2.4999999998726707;98.50000000014916
1690544982;0.24999999441206455;38.000000000010914;3.0000000000654836;97.49999999994543
1690544983;1.2499999953433871;9.49999999993453;2.5000000000545697;97.99999999995634
1690544984;0.4999999888241291;40.99999999998546;2.49999999996362;97.00000000002547
1690544985;16.50000000372529;22.500000000036394;4.500000000007276;64.50000000004366
1690544986;39.50000002514571;14.50000000004367;3.0000000000654836;89.99999999996362
1690544987;40.249999961815774;15.499999999974548;1.9999999999527063;96.99999999993452
1690544988;22.999999998137355;13.000000000010928;1.4999999999417923;98.0000000000473
1690544989;2.250000019557774;19.999999999981824;7.000000000061846;99.00000000006912
1690544990;27.499999990686774;12.00000000008005;5.999999999949068;95.99999999991269
1690544991;35.000000009313226;12.499999999909065;3.0000000000654836;92.00000000009823
1690544992;30.500000016763806;15.499999999974548;2.0000000000436557;97.99999999995634
1690544993;1.2499999953433871;9.50000000002548;2.4999999998726707;96.00000000000364
1690544994;1.9999999785795808;36.500000000069136;2.5000000000545697;78.99999999999636
1690544995;1.7500000074505806;14.49999999995272;4.99999999992724;75
1690544996;0.4999999888241291;14.000000000032756;2.0000000000436557;96.99999999993452
1690544997;0.750000006519258;15.499999999974548;2.0000000000436557;100
1690544998;0.750000006519258;19.49999999997091;2.999999999974534;97.50000000003638
1690544999;1.0000000009313226;32.99999999999274;4.500000000007276;89.50000000004366
1690545000;1.2499999953433871;25.500000000010928;3.999999999996362;82.49999999998181
1690545001;5.000000004656613;12.00000000008005;1.9999999999527063;86.99999999998909
1690545002;1.7499999841675162;42.499999999927255;2.5000000000545697;81.49999999995998
1690545003;11.250000027939677;31.50000000005093;1.0000000000218279;81.00000000004002
1690545004;31.999999983236194;20.49999999999274;2.9999999998835847;84.99999999994543
1690545005;45.99999999627471;27.99999999997455;4.500000000098225;89.00000000003274
1690545006;37.000000034458935;19.49999999997091;1.9999999999527063;84.99999999994543
1690545007;33.499999972991645;12.500000000000014;2.5000000000545697;87.50000000009095
1690545008;44.99999999534339;12.500000000000014;2.49999999996362;98.49999999996726
1690545009;28.000000002793968;10.999999999967272;5.00000000001819;93.99999999995998
1690545010;31.249999976716936;27.500000000054584;2.0000000000436557;97.50000000003638
1690545011;-0.2499999711290002;46.99999999993453;2.9999999998835847;75.50000000001091
1690545012;21.249999990686774;13.000000000101878;4.0000000000873115;97.49999999994543
1690545013;0.750000006519258;10.999999999967272;2.49999999996362;98.49999999996726
1690545014;1.7500000074505806;14.50000000004367;3.5000000000763976;100
1690545015;0.24999999441205034;17.499999999927255;3.9999999999054126;98.00000000013824
1690545016;1.2500000186264515;21.0000000000946;3.0000000000654836;79.50000000000728
1690545017;1.4999999897554517;13.999999999941807;2.49999999996362;99.49999999998909
1690545018;1.000000024214387;14.000000000032756;1.5000000000327418;98.99999999997817
1690545019;1.2499999720603228;14.49999999995272;4.99999999992724;85.99999999996726
1690545020;2.3283078576241678e-08;14.000000000032756;2.5000000000545697;97.50000000003638
1690545021;4.74999996367842;22.500000000036394;3.5000000000763976;97.99999999995634
1690545022;1.7500000074505806;40.9999999998945;0.9999999999308784;96.50000000001455
1690545023;34.99999998603016;12.500000000090964;3.499999999985448;93.0000000000291
1690545024;32.25000002421439;14.49999999995272;1.5000000000327418;95.99999999991269
1690545025;35.499999998137355;11.499999999978186;3.499999999985448;96.5000000001055
1690545026;36.25000000465661;14.50000000004367;4.500000000007276;98.99999999997817
1690545027;20.99999999627471;10.999999999967272;1.9999999999527063;97.49999999994543
1690545028;3.7500000093132257;24.4999999999891;3.0000000000654836;96.00000000000364
1690545029;1.9999999785795808;20.49999999999274;2.9999999998835847;51.999999999952706
1690545030;13.250000006519258;13.500000000021842;4.0000000000873115;76.50000000012369
1690545031;31.000000005587935;16.499999999996376;3.9999999999054126;89.99999999996362
1690545032;36.00000001024455;19.000000000050946;1.5000000000327418;96.50000000001455
1690545033;14.249999984167516;8.999999999923617;3.5000000000763976;97.49999999994543
1690545034;0.750000006519258;15.000000000054584;1.9999999999527063;92.50000000001819
1690545035;0.4999999888241291;13.000000000010928;3.499999999985448;96.00000000000364
1690545036;0.750000006519258;32.499999999981824;5.000000000109139;98.00598205379495
1690545037;1.4999999897554517;54.99999999992725;2.4999999998726707;75.42627883652048
1690545038;0.4999999888241291;18.50000000013098;3.0000000000654836;99.50000000008004
1690545039;1.2499999953433871;14.499999999861771;3.499999999985448;95.99999999991269
1690545040;1.000000024214387;17.500000000109154;4.500000000007276;100
1690545041;0.5000000121071935;10.499999999956358;2.999999999974534;97.00000000002547
1690545042;23.49999996367842;23.000000000047308;3.5000000000763976;95.50000000008367
1690545043;2.7500000316649675;11.499999999978186;2.49999999996362;90.9999999998945
1690545044;40.74999999720603;16.499999999996376;2.49999999996362;88.00000000001091
1690545045;40.74999997392297;16.499999999996376;2.999999999974534;98.99999999997817
1690545046;24.50000001117587;18.000000000029118;4.0000000000873115;96.00000000009459
1690545047;10.750000015832484;19.49999999997091;1.9999999999527063;97.49999999994543
1690545048;36.25000000465661;14.000000000032756;2.999999999974534;93.49999999994907
1690545049;22.75000000372529;11.499999999978186;5.00000000001819;97.00000000002547
1690545050;2.7499999618157744;10.999999999967272;4.500000000007276;99.00000000006912
1690545051;0.24999999441206455;9.49999999993453;4.500000000007276;61.999999999989086
1690545052;1.2500000419095159;14.000000000032756;2.49999999996362;93.49999999994907
1690545053;0.750000006519258;10.499999999956358;3.5000000000763976;99.50000000008004
1690545054;2.7499999618157744;27.00000000013462;1.9999999999527063;100
1690545055;-0.49999996554106474;20.49999999999274;4.500000000007276;58.9999999999236
1690545056;21.749999979510903;62.49999999990906;2.999999999974534;84.50000000002547
1690545057;16.00000001490116;25.000000000090964;3.499999999985448;60.500000000047294
1690545058;40.9999999916181;11.499999999978186;2.0000000000436557;95.99999999991269
1690545059;39.999999990686774;12.500000000000014;2.999999999974534;96.00000000009459
1690545060;24.249999993480742;17.499999999927255;5.500000000029104;91.49999999999636
1690545061;17.750000022351742;48.999999999978186;5.00000000001819;80.49999999993815
1690545062;18.500000005587935;28.50000000007641;2.49999999996362;89.50000000004366
1690545063;46.249999990686774;11.499999999978186;2.49999999996362;88.00000000001091
1690545064;34.7499999916181;10.000000000036394;3.999999999996362;88.99999999994179
1690545065;13.250000006519258;27.99999999997455;3.5000000000763976;71.00000000000364
1690545066;9.499999997206032;13.000000000010928;3.999999999996362;85.00000000003638
1690545067;2.000000001862645;14.50000000004367;2.5000000000545697;98.99999999997817
1690545068;0.750000006519258;11.499999999887237;2.4999999998726707;100
1690545069;0.9999999776482582;21.000000000003652;5.000000000109139;98.99999999997817
1690545070;0;14.000000000032756;4.99999999992724;100
1690545071;0.7500000298023224;18.000000000029118;3.999999999996362;100
1690545072;6.999999983236194;41.49999999999636;3.5000000000763976;63.50000000002183
1690545073;0;44.49999999997091;2.49999999996362;93.99999999995998
1690545074;35.49999997485429;10.500000000047308;1.9999999999527063;90.50000000006548
1690545075;34.50000004377216;12.500000000000014;3.5000000000763976;96.99999999993452
1690545076;34.99999998603016;13.000000000010928;3.9999999999054126;99.00000000006912
1690545077;35.750000015832484;15.999999999985462;3.0000000000654836;98.99999999997817
1690545078;23.249999969266355;12.500000000000014;1.5000000000327418;98.99999999997817
1690545079;9.750000014901161;22.00000000002548;3.4999999998944986;93.50000000004002
1690545080;0.750000006519258;15.499999999974548;3.5000000000763976;60.99999999996726
1690545081;2.5000000139698386;12.500000000000014;5.999999999949068;99.49999999998909
1690545082;1.4999999897554517;41.99999999991634;3.0000000000654836;69.99999999998181
1690545083;1.7499999841675162;11.500000000069136;2.49999999996362;77.49999999996362
1690545084;0.5000000121071935;23.000000000047308;2.49999999996362;100
1690545085;1.7499999841675162;50.999999999930886;3.0000000000654836;75
1690545086;0.5000000121071935;17.500000000018204;4.99999999992724;69.00000000005093
1690545087;4.749999986961484;30.000000000018204;3.0000000000654836;97.00000000002547
1690545088;16.00000001490116;11.9999999999891;3.9999999999054126;82.99999999999272
1690545089;4.749999986961484;22.99999999995636;3.0000000000654836;100
1690545090;11.749999993480742;31.500000000050946;4.500000000007276;82.99999999999272
1690545091;42.249999986961484;10.500000000047308;5.00000000001819;83.00000000008367
1690545092;39.25000000745058;11.499999999887237;1.9999999999527063;95.99999999991269
1690545093;35.25000000372529;10.000000000036394;2.999999999974534;96.00000000000364
1690545094;9.750000014901161;10.499999999956358;2.5000000000545697;98.0000000000473
1690545095;1.7500000074505806;23.500000000058222;2.5000000000545697;99.49999999998909
1690545096;1.2499999953433871;22.500000000036394;5.999999999949068;68.0000000000291
1690545097;0.4999999888241291;10.999999999967272;1.5000000000327418;69.99999999998181
1690545098;23.750000027939677;17.00000000000729;2.49999999996362;98.49999999996726
1690545099;2.49999996740371;38.99999999994179;3.499999999985448;96.50000000001455
1690545100;30.250000022351742;16.00000000007641;3.499999999985448;88.49999999993088
1690545101;35.999999986961484;10.999999999967272;5.500000000029104;98.99999999997817
1690545102;32.49999997206032;11.499999999978186;3.499999999985448;98.50000000005821
1690545103;35.250000027008355;10.500000000047308;2.0000000000436557;95.49999999999272
1690545104;21.999999997206032;15.999999999985462;2.49999999996362;97.00000000002547
1690545105;2.5000000139698386;48.49999999996727;1.9999999999527063;84.50000000002547
1690545106;0.750000006519258;37.5;5.500000000029104;55.99999999994907
1690545107;0.4999999888241291;14.000000000032756;2.49999999996362;82.50000000007276
1690545108;1.2500000186264515;13.000000000010928;2.0000000000436557;100
1690545109;1.4999999897554517;17.499999999927255;6.500000000050932;98.99999999997817
1690545110;1.2499999953433871;56.000000000040025;25.499999999919964;72.49999999994543
1690545111;7.999999984167516;30.500000000029118;5.500000000029104;55.00000000001819
1690545112;23.750000004656613;11.9999999999891;3.499999999985448;94.99999999998181
1690545113;31.74999998882413;11.9999999999891;1.5000000000327418;94.50000000006185
1690545114;-0.7499999832361937;12.500000000000014;2.999999999974534;98.49999999996726
1690545115;1.7500000074505806;13.000000000010928;2.0000000000436557;99.49999999998909
1690545116;5.750000011175871;23.000000000047308;4.99999999992724;92.00000000000728
1690545117;18.499999959021807;36.9999999999891;2.5000000000545697;51.49999999994179
1690545118;36.00000003352761;8.999999999923617;2.5000000000545697;99.49999999998909
1690545119;32.49999997206032;32.00000000006186;3.4999999998944986;98.00000000013824
1690545120;6.500000017695129;47.499999999945445;3.999999999996362;73.99999999997817
1690545121;31.74999998882413;16.499999999996376;5.500000000120053;95.49999999999272
1690545122;34.49999999720603;9.50000000002548;2.4999999998726707;98.49999999996726
1690545123;17.500000027939677;22.500000000036394;2.5000000000545697;76.50000000003274
1690545124;31.999999983236194;12.500000000000014;1.4999999999417923;92.99999999993815
1690545125;32.999999984167516;14.49999999995272;4.0000000000873115;89.00000000003274
1690545126;19.00000001769513;19.50000000006186;3.9999999999054126;81.49999999995998
1690545127;35.750000015832484;15.999999999985462;3.0000000000654836;86.50000000006912
1690545128;37.749999994412065;10.999999999967272;2.5000000000545697;97.99999999995634
1690545129;37.00000001117587;15.000000000054584;2.999999999974534;98.99999999997817
1690545130;8.499999972991645;13.999999999941807;3.9999999999054126;98.99999999997817
1690545131;2.5000000139698386;10.000000000036394;5.000000000109139;88.50000000002183
1690545132;1.7500000074505806;11.499999999978186;2.9999999998835847;68.0000000000291
1690545133;1.4999999664723873;8.500000000003652;3.0000000000654836;99.49999999998909
1690545134;1.4999999897554517;40.00000000005457;2.999999999974534;63.50000000002183
1690545135;1.000000024214387;13.499999999930893;3.5000000000763976;82.49999999998181
1690545136;4.499999992549419;26.000000000021842;3.9999999999054126;96.4999999999236
1690545137;1.2500000186264515;44.999999999981824;3.0000000000654836;100
1690545138;9.749999968335032;31.99999999997091;3.499999999985448;83.50000000000364
1690545139;35.75000003911555;14.000000000032756;2.999999999974534;84.50000000002547
1690545140;34.49999997392297;12.500000000000014;2.49999999996362;98.50000000005821
1690545141;16.75000002142042;34.999999999945445;6.500000000141881;98.0000000000473
1690545142;0.750000006519258;24.000000000069136;2.4999999998726707;58.50000000000364
1690545143;1.2499999720603228;11.000000000058222;3.0000000000654836;97.49999999994543
1690545144;1.7499999841675162;12.499999999909065;2.49999999996362;100
1690545145;1.0000000009313226;15.499999999974548;2.5000000000545697;100
1690545146;1.000000024214387;56.000000000040025;4.99999999992724;53.49999999998545
1690545147;2.0000000251457095;18.500000000040032;2.0000000000436557;60.00000000003638
1690545148;-4.6566128730773926e-08;11.499999999978186;2.999999999974534;99.49999999998909
1690545149;1.2500000186264515;12.500000000000014;3.999999999996362;99.49999999998909
1690545150;5.7499999878928065;21.500000000014566;2.999999999974534;82.49999999998181
1690545151;1.0000000009313226;74.99999999990905;6.499999999959982;57.000000000061846
1690545152;32.50000001862645;13.500000000021842;3.0000000000654836;76.49999999994179
1690545153;18.49999998230487;12.500000000000014;2.0000000000436557;97.99999999995634
1690545154;52.00000002514571;16.00000000007641;2.999999999974534;78.5000000000764
1690545155;33.24999997857958;17.99999999993817;3.499999999985448;93.0000000000291
1690545156;49.999999976716936;15.000000000054584;3.499999999985448;91.99999999991633
1690545157;39.750000019557774;13.500000000021842;3.0000000000654836;97.00000000002547
1690545158;18.49999998230487;11.9999999999891;2.999999999974534;95.49999999999272
1690545159;1.2500000186264515;11.499999999978186;4.500000000007276;95.49999999999272
1690545160;1.2499999953433871;35.99999999996727;3.999999999996362;100
1690545161;1.2500000186264515;11.499999999978186;5.500000000029104;73.49999999996726
1690545162;0.4999999888241291;38.50000000002184;1.9999999999527063;95.49999999999272
1690545163;1.4999999897554517;27.00000000004367;2.999999999974534;53.99999999999636
1690545164;1.000000024214387;8.999999999923617;2.5000000000545697;84.00000000001455
1690545165;4.499999992549419;21.000000000003652;2.49999999996362;99.00000000006912
1690545166;17.25000001024455;25.500000000010928;4.500000000007276;98.49999999996726
1690545167;0.4999999888241291;60.5000000000473;2.999999999974534;100
1690545168;28.000000002793968;10.999999999967272;3.499999999985448;95.49999999999272
1690545169;21.24999996740371;10.999999999967272;4.500000000098225;82.49999999998181
1690545170;1.750000030733645;14.000000000032756;2.9999999998835847;94.99999999998181
1690545171;1.2500000186264515;12.500000000000014;3.5000000000763976;99.49999999998909
1690545172;0.24999999441206455;23.500000000058222;4.500000000007276;100
1690545173;0.5000000121071935;20.49999999990179;1.9999999999527063;69.00000000005093
1690545174;29.499999969266355;9.000000000105516;3.0000000000654836;86.00000000005821
1690545175;35.74999999254942;14.49999999995272;2.9999999998835847;92.50000000001819
1690545176;40.50000002607703;12.500000000000014;3.0000000000654836;91.99999999991633
1690545177;34.7499999916181;21.500000000014566;3.0000000000654836;91.49999999999636
1690545178;38.249999983236194;9.000000000014566;1.9999999999527063;94.4999999999709
1690545179;32.00000002980232;12.500000000000014;3.999999999996362;97.50000000012733
1690545180;9.499999997206032;13.000000000010928;3.499999999985448;94.99999999998181
1690545181;0.750000006519258;33.4999999999127;3.999999999996362;99.49999999998909
1690545182;25.249999994412065;23.500000000058222;4.500000000007276;96.4999999999236
1690545183;23.499999986961484;16.499999999996376;2.0000000000436557;86.00000000005821
1690545184;7.499999995343387;7.999999999992738;2.49999999996362;87.99999999991996
1690545185;0.750000006519258;10.000000000036394;2.999999999974534;100
1690545186;1.2500000186264515;11.9999999999891;3.999999999996362;98.50000000005821
1690545187;1.0000000009313226;12.999999999919979;3.0000000000654836;94.99999999998181
1690545188;1.9999999552965164;20.000000000072774;2.999999999974534;97.50000000003638
1690545189;6.000000028871;19.000000000050946;3.499999999985448;89.00000000003274
1690545190;39.25000000745058;17.00000000000729;5.00000000001819;89.4999999999527
1690545191;39.74999999627471;9.999999999945445;3.999999999996362;96.4999999999236
1690545192;40.74999997392297;11.9999999999891;3.499999999985448;99.00000000006912
1690545193;25.500000012107193;11.499999999978186;3.0000000000654836;97.49999999994543
1690545194;0.5000000121071935;50.50000000001093;2.999999999974534;65.49999999997453
1690545195;19.500000006519258;21.000000000003652;2.999999999974534;53.5000000000764
1690545196;9.249999979510903;12.500000000000014;3.999999999996362;97.99999999995634
1690545197;1.0000000009313226;14.49999999995272;2.999999999974534;99.00000000006912
1690545198;0.7499999832361937;11.000000000058222;2.5000000000545697;100
1690545199;1.500000013038516;34.000000000014566;3.4999999998944986;100
1690545200;1.2500000186264515;14.999999999963634;4.500000000098225;74.49999999998909
1690545201;4.249999998137355;17.500000000018204;3.499999999985448;100
1690545202;0.9999999776482582;39.999999999963634;6.000000000040018;86.99999999998909
1690545203;18.000000016763806;13.000000000010928;3.4999999998944986;75
1690545204;12.000000011175871;10.999999999967272;2.0000000000436557;95.99999999991269
1690545205;0.750000006519258;10.500000000138257;3.999999999996362;99.00000000016007
1690545206;1.9999999785795808;21.99999999993453;3.499999999985448;72.49999999994543
1690545207;17.500000004656613;13.000000000010928;5.000000000109139;68.99999999995998
1690545208;33.499999972991645;12.499999999909065;0.9999999999308784;92.00000000000728
1690545209;28.500000038184226;27.00000000004367;4.500000000007276;97.99999999995634
1690545210;25.499999965541065;13.500000000021842;3.999999999996362;71.00000000000364
1690545211;24.750000005587935;14.49999999995272;2.0000000000436557;98.0000000000473
1690545212;1.500000013038516;11.499999999978186;5.499999999938154;98.99999999997817
1690545213;4.499999992549419;18.000000000120068;2.0000000000436557;99.49999999998909
1690545214;2.5000000139698386;32.499999999981824;1.9999999999527063;87.5
1690545215;1.2499999953433871;20.49999999990179;2.999999999974534;52.49999999996362
1690545216;35.499999998137355;16.499999999996376;3.0000000000654836;75.00000000009095
1690545217;35.000000009313226;14.000000000032756;3.499999999985448;94.99999999998181
1690545218;39.74999999627471;12.500000000090964;2.49999999996362;98.99999999997817
1690545219;14.25000000745058;19.999999999890875;3.999999999996362;98.49999999996726
1690545220;2.000000001862645;96.00000000000364;3.0000000000654836;73.50000000005821
1690545221;0.2500000176951289;18.500000000040032;3.999999999996362;60.499999999956344
1690545222;0.24999994784593582;11.000000000058222;4.99999999992724;99.49999999998909
1690545223;1.500000013038516;11.99999999989815;2.5000000000545697;98.50000000005821
1690545224;1.750000030733645;22.500000000036394;2.49999999996362;89.4999999999527
1690545225;4.9999999813735485;16.499999999996376;2.999999999974534;59.00000000001455
1690545226;1.9999999785795808;44.499999999970896;2.0000000000436557;98.49999999996726
1690545227;31.000000005587935;14.000000000032756;4.500000000007276;95.00000000007276
1690545228;39.750000019557774;12.500000000000014;2.49999999996362;95.49999999999272
1690545229;15.500000002793968;9.000000000014566;6.499999999959982;97.99999999995634
1690545230;0.4999999888241291;10.500000000047308;3.5000000000763976;98.99999999997817
1690545231;3.500000014901161;39.999999999963634;3.499999999985448;100
1690545232;0;31.499999999959996;4.500000000007276;52.000000000043656
1690545233;4.9999999813735485;18.500000000040032;3.499999999985448;92.50000000001819
1690545234;21.750000026077032;11.499999999978186;2.5000000000545697;96.4999999999236
1690545235;31.999999983236194;10.999999999967272;2.49999999996362;91.50000000008731
1690545236;35.249999980442226;14.50000000004367;3.499999999985448;87.5
1690545237;43.24999998789281;12.500000000000014;3.499999999985448;97.50000000003638
1690545238;18.500000052154064;11.9999999999891;2.0000000000436557;97.49999999994543
1690545239;4.499999969266355;11.9999999999891;3.999999999996362;100
1690545240;2.250000019557774;21.000000000003652;2.999999999974534;87.5
1690545241;3.7499999860301614;27.500000000054584;3.999999999996362;63.50000000002183
1690545242;37.75000001769513;18.000000000029118;3.499999999985448;81.9999999999709
1690545243;5.7499999878928065;36.499999999978186;3.0000000000654836;97.50000000003638
1690545244;1.0000000009313226;10.999999999967272;1.5000000000327418;72.99999999995634
1690545245;1.4999999897554517;12.500000000000014;2.9999999998835847;99.49999999998909
1690545246;8.250000001862645;35.000000000036394;3.0000000000654836;100
1690545247;8.00000000745058;57.99999999999273;3.999999999996362;76.00000000002183
1690545248;0.9999999776482582;46.99999999993453;1.9999999999527063;94.4999999999709
1690545249;24.500000034458935;8.500000000094602;4.500000000098225;95.49999999999272
1690545250;0.9999999776482582;10.499999999956358;4.4999999999163265;93.50000000004002
1690545251;2.000000001862645;11.9999999999891;4.500000000007276;85.5000000000473
1690545252;5.000000004656613;11.9999999999891;4.500000000007276;85.49999999995634
1690545253;0.2499999711290002;29.50000000000729;2.5000000000545697;97.00000000002547
1690545254;38.50000002421439;17.500000000018204;1.9999999999527063;94.4999999999709
1690545255;1.7499999841675162;14.49999999995272;2.49999999996362;94.4999999999709
1690545256;1.0000000009313226;12.500000000000014;2.5000000000545697;57.000000000061846
1690545257;1.2500000186264515;12.500000000090964;2.999999999974534;54.500000000007276
1690545258;1.2500000186264515;16.99999999991634;3.0000000000654836;52.999999999974534
1690545259;0.9999999776482582;13.000000000010928;2.9999999998835847;35.99999999996726
1690545260;1.2500000186264515;13.000000000010928;4.0000000000873115;8.500000000003638
1690545261;1.2499999953433871;14.000000000032756;4.99999999992724;7.49999999998181
1690545262;1.7499999841675162;14.49999999995272;4.500000000098225;6.999999999970896
1690545263;2.3283064365386963e-08;13.000000000010928;1.9999999999527063;3.0000000000654836
1690545264;1.4999999664723873;10.500000000047308;2.49999999996362;7.999999999992724
1690545265;1.2500000419095159;11.99999999989815;3.499999999985448;2.49999999996362
1690545266;0.7499999832361937;14.999999999963634;3.5000000000763976;2.0000000000436557
1690545267;1.0000000009313226;15.000000000145533;3.9999999999054126;3.0000000000654836
1690545268;1.2499999953433871;15.499999999883599;2.5000000000545697;2.49999999996362
1690545269;1.2499999953433871;12.500000000000014;3.5000000000763976;4.99999999992724
1690545270;1.0000000009313226;13.000000000010928;3.9999999999054126;2.0000000000436557
1690545271;2.2499999962747097;13.000000000101878;4.500000000007276;3.999999999996362
1690545272;-0.750000006519258;14.499999999861771;3.999999999996362;3.999999999996362
1690545273;2.2499999962747097;12.00000000008005;3.499999999985448;4.500000000007276
1690545274;2.3283064365386963e-08;11.499999999978186;3.0000000000654836;5.999999999949068
1690545275;2.000000001862645;12.500000000000014;2.999999999974534;2.5000000000545697
1690545276;-2.3283064365386963e-08;18.000000000029118;3.999999999996362;2.5000000000545697
1690545277;0.750000006519258;13.499999999930893;4.500000000007276;1.9999999999527063
1690545278;2.250000019557774;14.50000000004367;2.999999999974534;3.999999999996362
1690545279;-0.2500000176951289;13.500000000021842;4.500000000007276;6.499999999959982
1690545280;2.000000001862645;13.000000000010928;3.5000000000763976;2.49999999996362
1690545281;2.3283064365386963e-08;14.49999999995272;4.4999999999163265;3.0000000000654836
1690545282;1.2499999953433871;15.000000000054584;5.500000000029104;5.00000000001819
1690545283;0.4999999888241291;11.499999999978186;2.999999999974534;5.499999999938154
1690545284;1.4999999897554517;10.499999999956358;1.9999999999527063;5.00000000001819
1690545285;2.250000019557774;11.500000000069136;2.5000000000545697;3.0000000000654836
1690545286;0.9999999776482582;14.49999999995272;3.499999999985448;2.999999999974534
1690545287;0.750000006519258;20.000000000072774;3.999999999996362;2.49999999996362
1690545288;0.2500000176951289;12.500000000000014;3.999999999996362;2.999999999974534
1690545289;1.7499999841675162;13.499999999930893;6.500000000050932;5.500000000029104
1690545290;1.2499999720603228;12.500000000090964;2.999999999974534;3.0000000000654836
1690545291;2.3283064365386963e-08;14.49999999995272;3.999999999996362;2.49999999996362
1690545292;0.5000000121071935;11.9999999999891;5.500000000029104;3.499999999985448
1690545293;1.7499999841675162;17.00000000000729;1.9999999999527063;5.499999999938154
1690545294;1.500000013038516;10.999999999967272;3.499999999985448;7.000000000061846
1690545295;0.750000006519258;14.000000000032756;3.0000000000654836;1.9999999999527063
1690545296;1.0000000009313226;15.499999999974548;2.999999999974534;2.5000000000545697
1690545297;0.9999999776482582;15.000000000054584;3.999999999996362;2.999999999974534
1690545298;0.750000006519258;10.999999999967272;3.499999999985448;2.5000000000545697
1690545299;0.5000000121071935;15.499999999974548;3.0000000000654836;9.500000000025466
1690545300;1.4999999664723873;13.999999999941807;3.9999999999054126;2.9999999998835847
1690545301;1.2500000419095159;14.50000000013462;4.0000000000873115;3.0000000000654836
1690545302;1.7499999841675162;14.49999999995272;4.99999999992724;3.999999999996362
1690545303;0;14.50000000004367;3.0000000000654836;6.999999999970896
1690545304;1.2499999953433871;11.99999999989815;2.49999999996362;6.499999999959982
1690545305;1.0000000009313226;12.500000000000014;2.999999999974534;3.0000000000654836
1690545306;1.2499999953433871;14.999999999963634;3.0000000000654836;1.9999999999527063
1690545307;1.500000013038516;13.000000000010928;5.999999999949068;3.0000000000654836
1690545308;0.5000000121071935;14.000000000123705;3.5000000000763976;2.0000000000436557
1690545309;1.2499999720603228;12.499999999909065;5.499999999938154;6.499999999959982
1690545310;2.000000001862645;11.9999999999891;3.499999999985448;2.49999999996362
1690545311;1.0000000009313226;15.000000000054584;3.499999999985448;3.999999999996362
1690545312;-0.24999999441206455;12.500000000000014;5.00000000001819;8.500000000003638
1690545313;1.9999999785795808;13.500000000021842;1.9999999999527063;9.000000000014552
1690545314;-0.2499999711290002;10.999999999967272;2.5000000000545697;6.499999999959982
1690545315;0.9999999776482582;11.9999999999891;2.0000000000436557;3.0000000000654836
1690545316;0.7499999832361937;16.499999999996376;5.499999999938154;2.999999999974534
1690545317;2.5000000139698386;14.999999999963634;2.49999999996362;2.999999999974534
1690545318;-0.2499999711290002;14.000000000032756;4.0000000000873115;2.0000000000436557
1690545319;1.7499999608844519;12.500000000000014;3.9999999999054126;5.499999999938154
1690545320;0.5000000121071935;13.499999999930893;4.0000000000873115;3.0000000000654836
1690545321;2.250000019557774;13.000000000010928;4.4999999999163265;2.49999999996362
1690545322;1.500000013038516;15.000000000054584;2.5000000000545697;4.500000000098225
1690545323;-2.3283064365386963e-08;15.000000000054584;6.000000000040018;4.99999999992724
1690545324;7.749999989755452;12.500000000000014;2.999999999974534;5.500000000029104
1690545325;29.25000002142042;10.499999999956358;3.499999999985448;3.499999999985448
1690545326;23.250000015832484;15.499999999974548;1.9999999999527063;1.5000000000327418
1690545327;1.2499999953433871;14.50000000004367;3.5000000000763976;3.4999999998944986
1690545328;1.7499999608844519;13.999999999941807;4.99999999992724;3.0000000000654836
1690545329;0.2500000176951289;12.500000000090964;4.500000000098225;5.999999999949068
1690545330;1.4999999897554517;15.499999999883599;3.4999999998944986;3.0000000000654836
1690545331;0.750000006519258;14.50000000013462;4.0000000000873115;1.4999999999417923
1690545332;1.0000000009313226;13.999999999941807;3.4999999998944986;5.00000000001819
1690545333;1.500000013038516;11.499999999978186;4.500000000098225;3.5000000000763976
1690545334;0.24999999441206455;13.500000000021842;2.5000000000545697;6.499999999959982
1690545335;0.7499999832361937;11.9999999999891;2.9999999998835847;2.999999999974534
1690545336;1.0000000009313226;18.000000000029118;3.0000000000654836;3.5000000000763976
1690545337;0.750000006519258;11.499999999978186;2.49999999996362;2.9999999998835847
1690545338;0.4999999888241291;13.500000000021842;5.500000000029104;1.5000000000327418
1690545339;1.7500000540167093;10.999999999967272;3.499999999985448;6.499999999959982
1690545340;0.9999999776482582;14.50000000004367;5.00000000001819;3.0000000000654836
1690545341;1.0000000009313226;14.999999999963634;3.4999999998944986;3.499999999985448
1690545342;0.7499999832361937;15.500000000065498;4.0000000000873115;3.999999999996362
1690545343;0.5000000121071935;11.499999999887237;5.00000000001819;4.500000000007276
1690545344;2.2499999962747097;13.500000000112792;2.49999999996362;6.499999999959982
1690545345;0.24999999441206455;12.999999999919979;3.499999999985448;2.999999999974534
1690545346;1.2500000186264515;14.000000000032756;2.5000000000545697;3.5000000000763976
1690545347;1.0000000009313226;13.499999999930893;3.9999999999054126;2.49999999996362
1690545348;1.0000000009313226;14.000000000123705;4.0000000000873115;1.5000000000327418
1690545349;0.7499999832361937;11.499999999887237;6.000000000040018;5.999999999949068
1690545350;2.4999999906867743;14.000000000123705;3.4999999998944986;3.0000000000654836
1690545351;0;13.999999999941807;3.0000000000654836;2.9999999998835847
1690545352;1.0000000009313226;13.999999999941807;2.999999999974534;4.0000000000873115
1690545353;2.4999999906867743;12.00000000008005;5.999999999949068;3.999999999996362
1690545354;0.2500000176951289;12.500000000000014;2.5000000000545697;3.999999999996362
1690545355;0.7499999832361937;13.499999999930893;2.0000000000436557;5.00000000001819
1690545356;1.0000000009313226;13.000000000010928;2.49999999996362;1.5000000000327418
1690545357;0.750000006519258;17.500000000018204;3.499999999985448;3.9999999999054126
1690545358;0.750000006519258;12.500000000000014;4.500000000007276;2.0000000000436557
1690545359;1.2499999953433871;12.500000000000014;3.499999999985448;7.000000000061846
1690545360;1.9999999785795808;14.999999999963634;3.999999999996362;3.9999999999054126
1690545361;0.750000006519258;13.000000000010928;6.000000000040018;2.49999999996362
1690545362;0.5000000121071935;14.49999999995272;2.999999999974534;4.500000000098225
1690545363;2.750000008381903;12.00000000008005;4.500000000007276;3.999999999996362
1690545364;0.4999999888241291;13.000000000010928;2.999999999974534;5.999999999949068
1690545365;1.0000000009313226;11.9999999999891;3.0000000000654836;5.00000000001819
1690545366;1.7500000074505806;11.499999999978186;2.9999999998835847;1.5000000000327418
1690545367;-2.3283064365386963e-08;16.499999999996376;3.5000000000763976;4.500000000007276
1690545368;0.5000000121071793;13.500000000021842;4.500000000007276;2.49999999996362
1690545369;2.2499999962747097;12.500000000000014;3.9999999999054126;4.0000000000873115
1690545370;1.0000000009313226;13.500000000021842;4.0000000000873115;3.9999999999054126
1690545371;1.2500000186264515;11.99999999989815;2.0000000000436557;5.499999999938154
1690545372;0;15.000000000145533;4.4999999999163265;4.0000000000873115
1690545373;1.0000000009313226;13.499999999930893;5.00000000001819;3.999999999996362
1690545374;1.2499999953433871;13.000000000010928;2.5000000000545697;3.999999999996362
1690545375;2.000000001862645;13.000000000010928;2.9999999998835847;6.000000000040018
1690545376;1.2499999953433871;13.499999999930893;2.5000000000545697;2.9999999998835847
1690545377;-0.24999999441206455;16.500000000087326;1.9999999999527063;3.5000000000763976
1690545378;0.4999999888241291;13.499999999930893;5.000000000109139;1.4999999999417923
1690545379;2.2499999962747097;13.500000000021842;3.999999999996362;4.500000000098225
1690545380;0.750000006519258;12.500000000000014;3.4999999998944986;3.9999999999054126
1690545381;0.750000006519258;11.9999999999891;2.5000000000545697;2.0000000000436557
1690545382;1.7500000074505806;14.50000000004367;3.499999999985448;5.00000000001819
1690545383;0.24999999441206455;11.9999999999891;4.500000000007276;4.4999999999163265
1690545384;1.2499999953433871;12.500000000000014;3.499999999985448;3.5000000000763976
1690545385;1.2499999953433871;13.500000000021842;3.0000000000654836;6.499999999959982
1690545386;2.000000001862645;12.499999999909065;1.4999999999417923;2.0000000000436557
1690545387;-0.2500000176951289;14.50000000004367;3.5000000000763976;3.499999999985448
1690545388;1.2500000186264515;15.999999999985462;4.99999999992724;1.9999999999527063
1690545389;0.7499999832361937;10.000000000036394;3.999999999996362;3.5000000000763976
1690545390;1.000000024214387;15.999999999985462;5.500000000029104;5.00000000001819
1690545391;1.2500000186264515;11.9999999999891;1.5000000000327418;1.9999999999527063
1690545392;0.7499999832361937;14.000000000032756;2.9999999998835847;5.500000000029104
1690545393;1.0000000009313226;11.499999999978186;5.500000000120053;4.500000000007276
1690545394;2.2499999729916453;14.49999999995272;2.999999999974534;3.499999999985448
1690545395;1.5000000363215804;13.000000000101878;3.499999999985448;6.499999999959982
1690545396;-0.5000000121071935;13.499999999930893;2.5000000000545697;2.0000000000436557
1690545397;2.2499999962747097;13.999999999941807;3.9999999999054126;2.999999999974534
1690545398;-0.24999999441206455;15.500000000065498;4.500000000007276;2.999999999974534
1690545399;2.000000001862645;11.9999999999891;4.0000000000873115;3.999999999996362
1690545400;-0.24999999441206455;13.000000000010928;4.4999999999163265;3.0000000000654836
1690545401;0.7499999832361937;14.50000000004367;3.0000000000654836;5.00000000001819
1690545402;2.000000001862645;13.999999999941807;5.499999999938154;3.4999999998944986
1690545403;0.5000000121071935;12.00000000008005;5.500000000029104;4.0000000000873115
1690545404;1.4999999897554517;11.99999999989815;2.5000000000545697;5.499999999938154
1690545405;0.9999999776482582;12.500000000090964;2.9999999998835847;5.500000000029104
1690545406;-0.4999999888241291;13.999999999941807;2.5000000000545697;2.49999999996362
1690545407;1.500000013038516;21.500000000014566;4.500000000007276;3.0000000000654836
1690545408;1.0000000009313226;13.500000000021842;4.99999999992724;2.49999999996362
1690545409;1.0000000009313226;10.999999999967272;6.000000000040018;3.999999999996362
1690545410;0.24999999441206455;11.9999999999891;3.499999999985448;3.999999999996362
1690545411;2.4999999906867743;13.500000000021842;3.5000000000763976;2.0000000000436557
1690545412;0.2500000176951289;14.999999999963634;2.999999999974534;5.499999999938154
1690545413;0.4999999888241291;11.499999999978186;3.999999999996362;3.5000000000763976
1690545414;1.2499999953433871;12.500000000090964;2.5000000000545697;3.9999999999054126
1690545415;1.4999999897554517;12.999999999919979;2.9999999998835847;4.0000000000873115
1690545416;1.2500000186264515;15.000000000054584;2.0000000000436557;3.499999999985448
1690545417;1.0000000009313226;14.50000000004367;3.999999999996362;1.9999999999527063
1690545418;1.750000030733645;13.999999999941807;4.500000000007276;2.5000000000545697
1690545419;-4.6566128730773926e-08;10.500000000047308;4.500000000007276;6.999999999970896
1690545420;1.750000030733645;15.499999999974548;2.999999999974534;3.999999999996362
