Time;{instance="10.231.0.208:9100"};{instance="192.168.221.10:9100"};{instance="192.168.221.11:9100"};{instance="192.168.221.12:9100"}
1690544940;0;0;0;0
1690544941;0;0;0;0
1690544942;0;0;0;0
1690544943;0;0;0;0
1690544944;487424;0;0;2359296
1690544945;26259456;0;0;212992
1690544946;9703424;0;0;0
1690544947;1896448;0;0;73728
1690544948;139264;0;0;155648
1690544949;0;0;0;8192
1690544950;13693047.141424272;0;0;0
1690544951;105570304;0;0;73728
1690544952;109596672;0;0;8192
1690544953;113827840;0;0;4096
1690544954;120004608;0;0;4096
1690544955;105168896;0;0;16384
1690544956;43356160;0;0;4096
1690544957;0;0;0;12288
1690544958;0;0;0;77824
1690544959;0;0;0;4096
1690544960;0;0;0;0
1690544961;0;0;0;20480
1690544962;0;0;0;0
1690544963;0;0;0;8192
1690544964;0;0;0;61440
1690544965;0;0;0;4096
1690544966;34217984;0;0;20480
1690544967;94322688;0;0;4096
1690544968;69574656;0;0;86016
1690544969;115957760;0;0;24576
1690544970;1892352;0;0;4096
1690544971;0;0;0;98304
1690544972;0;0;0;0
1690544973;0;0;0;0
1690544974;0;0;0;36864
1690544975;12288;0;0;53248
1690544976;0;0;0;4096
1690544977;56090624;0;0;36864
1690544978;71467008;0;0;0
1690544979;0;0;0;4096
1690544980;0;0;0;159744
1690544981;0;0;0;19292160
1690544982;0;0;0;8192
1690544983;0;0;0;0
1690544984;0;0;0;114688
1690544985;20738048;0;0;81920
1690544986;93356032;0;0;3780608
1690544987;95965184;0;0;8192
1690544988;56664064;0;0;4096
1690544989;0;0;0;327680
1690544990;46403584;0;0;3874816
1690544991;102457344;0;0;491520
1690544992;83062784;0;0;24576
1690544993;0;0;0;2662400
1690544994;0;0;0;155648
1690544995;0;0;0;339968
1690544996;0;0;0;86016
1690544997;0;0;0;0
1690544998;0;0;0;282624
1690544999;0;0;0;2072576
1690545000;0;0;0;446464
1690545001;20480;0;0;638976
1690545002;0;0;0;3944448
1690545003;26832896;0;0;0
1690545004;65966080;0;0;1462272
1690545005;104349696;0;0;4726784
1690545006;81170432;0;0;753664
1690545007;71278592;0;0;331776
1690545008;122048512;0;0;65536
1690545009;53780480;0;0;1159168
1690545010;65961984;0;0;811008
1690545011;0;0;0;16384
1690545012;46415872;0;0;843776
1690545013;0;0;0;114688
1690545014;0;0;0;32768
1690545015;0;0;0;458752
1690545016;0;0;0;831488
1690545017;0;0;0;733184
1690545018;0;0;0;114688
1690545019;0;0;0;1798144
1690545020;0;0;0;352256
1690545021;45056;0;0;4300800
1690545022;0;0;0;294912
1690545023;75784192;0;0;212992
1690545024;82980864;0;0;16384
1690545025;89300992;0;0;290816
1690545026;74035200;0;0;978944
1690545027;38232064;0;0;741376
1690545028;0;0;0;352256
1690545029;0;0;0;430080
1690545030;18526208;0;0;139264
1690545031;74702848;0;0;4485120
1690545032;84774912;0;0;1228800
1690545033;31178752;0;0;12288
1690545034;0;0;0;4096
1690545035;0;0;0;28672
1690545036;0;0;0;0
1690545037;0;0;0;8216.649949849549
1690545038;0;0;0;36864
1690545039;0;0;0;12288
1690545040;0;0;0;0
1690545041;0;0;0;0
1690545042;34930688;0;0;4136960
1690545043;0;0;0;151552
1690545044;92921856;0;0;401408
1690545045;95014912;0;0;151552
1690545046;55951360;0;0;0
1690545047;9449472;0;0;3932160
1690545048;98533376;0;0;163840
1690545049;54366208;0;0;499712
1690545050;0;0;0;0
1690545051;0;0;0;0
1690545052;0;0;0;0
1690545053;0;0;0;0
1690545054;0;0;0;0
1690545055;0;0;0;0
1690545056;34824192;0;0;3862528
1690545057;34205696;0;0;233472
1690545058;103223296;0;0;176128
1690545059;93433856;0;0;106496
1690545060;51761152;0;0;155648
1690545061;29270016;0;0;3751936
1690545062;47239168;0;0;0
1690545063;104693760;0;0;241664
1690545064;79945728;0;0;102400
1690545065;34787328;0;0;90112
1690545066;23195648;0;0;4096
1690545067;0;0;0;114688
1690545068;0;0;0;0
1690545069;0;0;0;40960
1690545070;0;0;0;57344
1690545071;0;0;0;0
1690545072;126976;0;0;0
1690545073;0;0;0;188416
1690545074;78819328;0;0;4001792
1690545075;84860928;0;0;180224
1690545076;88588288;0;0;0
1690545077;97988608;0;0;0
1690545078;53170176;0;0;0
1690545079;6041600;0;0;0
1690545080;0;0;0;40960
1690545081;4096;0;0;167936
1690545082;0;0;0;0
1690545083;344064;0;0;0
1690545084;0;0;0;0
1690545085;0;0;0;0
1690545086;0;0;0;0
1690545087;16384;0;0;3895296
1690545088;34783232;0;0;167936
1690545089;131072;0;0;40960
1690545090;16269312;0;0;3854336
1690545091;97804288;0;0;483328
1690545092;100151296;0;0;0
1690545093;87261184;0;0;65536
1690545094;23191552;0;0;69632
1690545095;0;0;0;102400
1690545096;0;0;0;0
1690545097;0;0;0;1220608
1690545098;34861056;0;0;565248
1690545099;0;0;0;3747840
1690545100;71278592;0;0;1089536
1690545101;78868480;0;0;163840
1690545102;81166336;0;0;57344
1690545103;79859712;0;0;110592
1690545104;48283648;0;0;0
1690545105;57344;0;0;0
1690545106;0;0;0;0
1690545107;0;0;0;106496
1690545108;0;0;0;0
1690545109;0;0;0;98304
1690545110;0;0;0;0
1690545111;167936;0;0;581632
1690545112;58703872;0;0;3743744
1690545113;80441344;0;0;430080
1690545114;0;0;0;118784
1690545115;0;0;0;28672
1690545116;1462272;0;0;0
1690545117;3362816;0;0;24576
1690545118;3002368;0;0;0
1690545119;47611904;0;0;4001792
1690545120;69632;0;0;200704
1690545121;81219584;0;0;405504
1690545122;92766208;0;0;278528
1690545123;34799616;0;0;0
1690545124;69001216;0;0;4009984
1690545125;79859712;0;0;684032
1690545126;51879936;0;0;106496
1690545127;75669504;0;0;217088
1690545128;98586624;0;0;65536
1690545129;94334976;0;0;516096
1690545130;17682432;0;0;135168
1690545131;0;0;0;0
1690545132;0;0;0;0
1690545133;0;0;0;12288
1690545134;0;0;0;0
1690545135;0;0;0;0
1690545136;57344;0;0;380928
1690545137;20480;0;0;0
1690545138;24178688;0;0;3747840
1690545139;97275904;0;0;495616
1690545140;96976896;0;0;0
1690545141;36675584;0;0;0
1690545142;0;0;0;0
1690545143;0;0;0;0
1690545144;40960;0;0;0
1690545145;0;0;0;139264
1690545146;0;0;0;0
1690545147;0;0;0;0
1690545148;0;0;0;131072
1690545149;0;0;0;0
1690545150;233472;0;0;4083712
1690545151;0;0;0;0
1690545152;67686400;0;0;233472
1690545153;36687872;0;0;4096
1690545154;121982976;0;0;4091904
1690545155;63684608;0;0;208896
1690545156;119570432;0;0;0
1690545157;108548096;0;0;593920
1690545158;38567936;0;0;94208
1690545159;0;0;0;0
1690545160;0;0;0;0
1690545161;0;0;0;0
1690545162;0;0;0;323584
1690545163;0;0;0;0
1690545164;0;0;0;8192
1690545165;12288;0;0;0
1690545166;34795520;0;0;3960832
1690545167;0;0;0;0
1690545168;67678208;0;0;634880
1690545169;48279552;0;0;278528
1690545170;0;0;0;0
1690545171;0;0;0;663552
1690545172;0;0;0;0
1690545173;0;0;0;0
1690545174;58155008;0;0;4136960
1690545175;83460096;0;0;192512
1690545176;84385792;0;0;372736
1690545177;80912384;0;0;3948544
1690545178;97222656;0;0;303104
1690545179;71475200;0;0;0
1690545180;11624448;0;0;380928
1690545181;0;0;0;3776512
1690545182;46469120;0;0;409600
1690545183;61587456;0;0;139264
1690545184;7987200;0;0;0
1690545185;0;0;0;0
1690545186;0;0;0;0
1690545187;0;0;0;0
1690545188;0;0;0;65536
1690545189;32768;0;0;3903488
1690545190;96374784;0;0;782336
1690545191;97542144;0;0;4096
1690545192;99577856;0;0;4096
1690545193;54366208;0;0;131072
1690545194;0;0;0;0
1690545195;46784512;0;0;0
1690545196;11194368;0;0;0
1690545197;0;0;0;0
1690545198;0;0;0;0
1690545199;0;0;0;176128
1690545200;0;0;0;0
1690545201;20480;0;0;69632
1690545202;0;0;0;3780608
1690545203;40284160;0;0;65536
1690545204;29274112;0;0;356352
1690545205;0;0;0;40960
1690545206;0;0;0;0
1690545207;22630400;0;0;4096
1690545208;93347840;0;0;3932160
1690545209;69574656;0;0;233472
1690545210;67682304;0;0;40960
1690545211;59867136;0;0;77824
1690545212;0;0;0;0
1690545213;16384;0;0;0
1690545214;12288;0;0;4050944
1690545215;0;0;0;28672
1690545216;81170432;4095.9999999999995;0;569344
1690545217;92762112;0;0;12288
1690545218;98271232;0;0;0
1690545219;29282304;0;0;0
1690545220;0;0;0;0
1690545221;0;0;0;94208
1690545222;0;0;0;12288
1690545223;0;0;0;0
1690545224;0;0;0;0
1690545225;53248;0;0;0
1690545226;0;0;0;3874816
1690545227;67682304;0;0;471040
1690545228;111824896;0;0;135168
1690545229;40873984;0;0;0
1690545230;0;0;0;0
1690545231;0;0;0;0
1690545232;0;0;0;0
1690545233;118784;0;0;4161536
1690545234;38408192;0;0;69632
1690545235;65961984;0;0;290816
1690545236;84766720;0;0;172032
1690545237;104353792;0;0;4096
1690545238;42774528;0;0;0
1690545239;12288;0;0;139264
1690545240;4096;0;0;3981312
1690545241;0;0;0;8192
1690545242;98275328;0;0;466944
1690545243;6090752;0;0;40960
1690545244;0;0;0;0
1690545245;0;0;0;0
1690545246;5521408;0;0;81920
1690545247;17686528;0;0;4890624
1690545248;0;0;0;0
1690545249;57970688;0;0;86016
1690545250;0;0;0;819200
1690545251;0;0;0;118784
1690545252;16384;0;0;69632
1690545253;0;0;0;4173824
1690545254;92770304;0;0;372736
1690545255;0;0;0;5005312
1690545256;0;0;0;307200
1690545257;0;0;0;8192
1690545258;0;0;0;0
1690545259;0;0;0;3076096
1690545260;0;0;0;2510848
1690545261;0;0;0;0
1690545262;0;0;0;0
1690545263;0;0;0;0
1690545264;0;0;0;0
1690545265;0;0;0;0
1690545266;0;0;0;0
1690545267;0;0;0;0
1690545268;0;0;0;0
1690545269;0;0;0;94208
1690545270;0;0;0;0
1690545271;0;0;0;0
1690545272;0;0;0;0
1690545273;0;0;0;307200
1690545274;0;0;0;0
1690545275;0;0;0;0
1690545276;0;0;0;8192
1690545277;0;0;0;0
1690545278;0;0;0;0
1690545279;0;0;0;0
1690545280;0;0;0;0
1690545281;0;0;0;0
1690545282;0;0;0;0
1690545283;0;0;0;0
1690545284;0;0;0;0
1690545285;0;0;0;0
1690545286;0;0;0;0
1690545287;0;0;0;53248
1690545288;0;0;0;90112
1690545289;0;0;0;0
1690545290;0;0;0;0
1690545291;0;0;0;0
1690545292;0;0;0;0
1690545293;0;0;0;0
1690545294;0;0;0;135168
1690545295;0;0;0;0
1690545296;0;0;0;0
1690545297;0;0;0;0
1690545298;0;0;0;0
1690545299;0;0;0;610304
1690545300;0;0;0;110592
1690545301;0;0;0;0
1690545302;0;0;0;0
1690545303;0;0;0;585728
1690545304;0;0;0;0
1690545305;0;0;0;0
1690545306;0;0;0;53248
1690545307;0;0;0;0
1690545308;0;0;0;0
1690545309;0;0;0;0
1690545310;0;0;0;0
1690545311;0;0;0;0
1690545312;0;0;0;8192
1690545313;0;0;0;0
1690545314;0;0;0;0
1690545315;0;0;0;0
1690545316;0;0;0;0
1690545317;0;0;0;0
1690545318;0;0;0;0
1690545319;0;0;0;0
1690545320;0;0;0;0
1690545321;0;0;0;0
1690545322;0;0;0;0
1690545323;0;0;0;0
1690545324;2125824;0;0;249856
1690545325;16146432;0;0;0
1690545326;2048000;0;0;0
1690545327;0;0;0;0
1690545328;0;0;0;0
1690545329;0;0;0;151552
1690545330;0;0;0;0
1690545331;0;0;0;20480
1690545332;0;0;0;0
1690545333;0;0;0;0
1690545334;0;0;0;0
1690545335;0;0;0;90112
1690545336;0;0;0;4096
1690545337;0;0;0;0
1690545338;65536;0;0;0
1690545339;0;0;0;0
1690545340;0;0;0;0
1690545341;0;0;0;0
1690545342;0;0;0;0
1690545343;0;0;0;40960
1690545344;0;0;0;0
1690545345;0;0;0;0
1690545346;0;0;0;0
1690545347;0;0;0;0
1690545348;0;0;0;0
1690545349;0;0;0;0
1690545350;0;0;0;0
1690545351;0;0;0;0
1690545352;0;0;0;0
1690545353;0;0;0;0
1690545354;0;0;0;0
1690545355;0;0;0;0
1690545356;0;0;0;0
1690545357;0;0;0;0
1690545358;0;0;0;0
1690545359;0;0;0;0
1690545360;0;0;0;0
1690545361;0;0;0;0
1690545362;0;0;0;0
1690545363;0;0;0;0
1690545364;0;0;0;0
1690545365;0;0;0;0
1690545366;0;0;0;0
1690545367;0;0;0;262144
1690545368;0;0;0;0
1690545369;0;0;0;69632
1690545370;0;0;0;0
1690545371;0;0;0;53248
1690545372;0;0;0;0
1690545373;0;0;0;0
1690545374;0;0;0;0
1690545375;0;0;0;0
1690545376;0;0;0;0
1690545377;0;0;0;0
1690545378;0;0;0;0
1690545379;0;0;0;0
1690545380;0;0;0;0
1690545381;0;0;0;0
1690545382;0;0;0;0
1690545383;0;0;0;0
1690545384;0;0;0;0
1690545385;0;0;0;0
1690545386;0;0;0;0
1690545387;0;0;0;0
1690545388;0;0;0;0
1690545389;0;0;0;0
1690545390;0;0;0;0
1690545391;0;0;0;0
1690545392;0;0;0;0
1690545393;0;0;0;0
1690545394;0;0;0;122880
1690545395;0;0;0;0
1690545396;0;0;0;0
1690545397;0;0;0;0
1690545398;0;0;0;0
1690545399;0;0;0;0
1690545400;0;0;0;0
1690545401;0;0;0;0
1690545402;0;0;0;0
1690545403;0;0;0;0
1690545404;0;0;0;0
1690545405;0;0;0;0
1690545406;0;0;0;0
1690545407;0;0;0;0
1690545408;0;0;0;0
1690545409;0;0;0;0
1690545410;0;0;0;0
1690545411;0;0;0;0
1690545412;0;0;0;0
1690545413;0;0;0;36864
1690545414;69632;0;0;0
1690545415;0;0;0;0
1690545416;0;0;0;0
1690545417;0;0;0;0
1690545418;0;0;0;0
1690545419;0;0;0;0
1690545420;0;0;0;0
