Time;{instance="10.231.0.208:9100"};{instance="192.168.221.10:9100"};{instance="192.168.221.11:9100"};{instance="192.168.221.12:9100"}
1690544940;0;32767.999999999996;0;20480
1690544941;0;28671.999999999996;0;0
1690544942;0;143359.99999999997;135168;0
1690544943;0;49151.99999999999;0;40960
1690544944;0;155647.99999999997;0;1839104
1690544945;0;106495.99999999999;0;55726080
1690544946;0;86015.99999999999;0;2125824
1690544947;0;249855.99999999997;4096;17973248
1690544948;12288;73727.99999999999;0;158310400
1690544949;12251.24626121635;114687.99999999999;0;75137024
1690544950;0;163839.99999999997;0;1695744
1690544951;36864;81919.99999999999;0;144543744
1690544952;16384;151551.99999999997;0;112152576
1690544953;36864;49151.99999999999;0;117538816
1690544954;8192;360447.99999999994;20480;96952320
1690544955;20480;40959.99999999999;0;108531712
1690544956;0;94207.99999999999;0;131411968
1690544957;0;81919.99999999999;0;24846336
1690544958;0;69631.99999999999;0;171454464
1690544959;0;61439.99999999999;0;127418368
1690544960;16384;208895.99999999997;0;651264
1690544961;0;32767.999999999996;0;86335488
1690544962;0;110591.99999999999;0;1273856
1690544963;0;114687.99999999999;0;163954688
1690544964;0;126975.99999999999;0;121131008
1690544965;0;139263.99999999997;0;139239424
1690544966;0;61439.99999999999;0;67317760
1690544967;0;192511.99999999997;0;108187648
1690544968;0;40959.99999999999;0;84549632
1690544969;12288;81919.99999999999;0;85315584
1690544970;0;126975.99999999999;0;84348928
1690544971;0;81919.99999999999;0;88907776
1690544972;0;200703.99999999997;0;55422976
1690544973;0;81919.99999999999;0;2088960
1690544974;0;196607.99999999997;0;126513152
1690544975;204800;188415.99999999997;0;82108416
1690544976;0;122879.99999999999;0;235606016
1690544977;0;172031.99999999997;0;33558528
1690544978;0;57343.99999999999;0;81797120
1690544979;0;118783.99999999999;139264;48615424
1690544980;0;73727.99999999999;0;2273280
1690544981;24576;53247.99999999999;0;27029504
1690544982;0;163839.99999999997;0;202092544
1690544983;0;57343.99999999999;0;126902272
1690544984;0;94207.99999999999;0;1740800
1690544985;0;192511.99999999997;28672;126873600
1690544986;12288;163839.99999999997;0;91209728
1690544987;0;163839.99999999997;0;89153536
1690544988;0;57343.99999999999;24576;111063040
1690544989;0;73727.99999999999;0;158375936
1690544990;12288;397311.99999999994;0;53624832
1690544991;0;57343.99999999999;20480;101154816
1690544992;0;282623.99999999994;0;108302336
1690544993;0;73727.99999999999;0;49586176
1690544994;0;102399.99999999999;0;195043328
1690544995;0;188415.99999999997;0;1277952
1690544996;12288;98303.99999999999;0;2256896
1690544997;0;139263.99999999997;16384;1810432
1690544998;0;53247.99999999999;0;92192768
1690544999;0;49151.99999999999;0;12886016
1690545000;0;126975.99999999999;0;148467712
1690545001;4096;81919.99999999999;0;1921024
1690545002;0;139263.99999999997;0;183799808
1690545003;0;139263.99999999997;0;137932800
1690545004;0;159743.99999999997;0;85794816
1690545005;0;114687.99999999999;0;81145856
1690545006;12288;303103.99999999994;0;134447104
1690545007;8192;24575.999999999996;0;108695552
1690545008;167936;167935.99999999997;0;84291584
1690545009;0;28671.999999999996;0;131616768
1690545010;0;49151.99999999999;0;72597504
1690545011;0;69631.99999999999;0;228151296
1690545012;24576;172031.99999999997;0;13520896
1690545013;0;49151.99999999999;0;37126144
1690545014;0;208895.99999999997;0;1810432
1690545015;0;40959.99999999999;0;2514944
1690545016;0;241663.99999999997;12288;135655424
1690545017;12288;16383.999999999998;0;106098688
1690545018;12288;57343.99999999999;0;87945216
1690545019;0;159743.99999999997;0;40099840
1690545020;0;155647.99999999997;20480;1904640
1690545021;0;159743.99999999997;139264;107859968
1690545022;0;90111.99999999999;0;213819392
1690545023;16384;81919.99999999999;0;51396608
1690545024;16384;163839.99999999997;0;84033536
1690545025;12288;73727.99999999999;0;85061632
1690545026;32768;270335.99999999994;0;84156416
1690545027;8192;24575.999999999996;4096;84631552
1690545028;0;53247.99999999999;0;163090432
1690545029;0;126975.99999999999;0;111955968
1690545030;0;131071.99999999999;0;61894656
1690545031;12288;147455.99999999997;0;136564736
1690545032;0;73727.99999999999;0;72105984
1690545033;0;49151.99999999999;0;134914048
1690545034;0;118783.99999999999;0;53608448
1690545035;0;73727.99999999999;0;1916928
1690545036;12288;249855.99999999997;0;8388019.940179463
1690545037;0;65535.99999999999;0;297479703.109328
1690545038;135168;102399.99999999999;0;491520
1690545039;0;98303.99999999999;0;71778304
1690545040;0;139263.99999999997;0;1232896
1690545041;0;73727.99999999999;0;1978368
1690545042;0;217087.99999999997;0;107008000
1690545043;24576;20479.999999999996;0;178647040
1690545044;4096;192511.99999999997;0;91045888
1690545045;0;4095.9999999999995;0;135753728
1690545046;0;155647.99999999997;0;108503040
1690545047;0;65535.99999999999;0;137953280
1690545048;0;36863.99999999999;0;72585216
1690545049;24576;20479.999999999996;0;96366592
1690545050;0;57343.99999999999;0;60891136
1690545051;0;0;0;163401728
1690545052;0;32767.999999999996;12288;1777664
1690545053;0;16383.999999999998;0;1515520
1690545054;0;49151.99999999999;0;1523712
1690545055;12288;65535.99999999999;0;222408704
1690545056;4096;98303.99999999999;0;184963072
1690545057;4096;110591.99999999999;0;30404608
1690545058;274432;90111.99999999999;0;89378816
1690545059;61440;28671.999999999996;0;107782144
1690545060;12288;81919.99999999999;0;83947520
1690545061;16384;49151.99999999999;0;99287040
1690545062;49152;147455.99999999997;0;133976064
1690545063;4096;24575.999999999996;0;94126080
1690545064;0;49151.99999999999;20480;84959232
1690545065;0;61439.99999999999;0;192983040
1690545066;12288;77823.99999999999;0;50536448
1690545067;0;126975.99999999999;0;1990656
1690545068;0;57343.99999999999;0;1519616
1690545069;0;40959.99999999999;0;172752896
1690545070;0;24575.999999999996;0;1175552
1690545071;0;4095.9999999999995;0;1236992
1690545072;188416;106495.99999999999;0;168615936
1690545073;0;65535.99999999999;0;178204672
1690545074;16384;24575.999999999996;0;57020416
1690545075;73728;90111.99999999999;0;99852288
1690545076;106496;61439.99999999999;0;95981568
1690545077;81920;200703.99999999997;0;108195840
1690545078;0;98303.99999999999;0;96194560
1690545079;8192;4095.9999999999995;0;93433856
1690545080;0;45055.99999999999;0;88514560
1690545081;151552;32767.999999999996;0;1470464
1690545082;0;49151.99999999999;0;189034496
1690545083;167936;0;0;1138688
1690545084;16384;24575.999999999996;0;97996800
1690545085;0;57343.99999999999;0;198217728
1690545086;0;114687.99999999999;0;528384
1690545087;0;77823.99999999999;0;98713600
1690545088;61440;98303.99999999999;0;103288832
1690545089;0;102399.99999999999;135168;11235328
1690545090;0;45055.99999999999;0;146296832
1690545091;0;24575.999999999996;0;55373824
1690545092;0;40959.99999999999;0;95830016
1690545093;0;65535.99999999999;0;96432128
1690545094;49152;40959.99999999999;12288;95408128
1690545095;12288;16383.999999999998;4096;1675264
1690545096;0;139263.99999999997;0;247304192
1690545097;0;65535.99999999999;0;536576
1690545098;0;184319.99999999997;0;3186688
1690545099;0;57343.99999999999;0;244072448
1690545100;0;24575.999999999996;0;58347520
1690545101;0;24575.999999999996;0;72781824
1690545102;0;61439.99999999999;0;95780864
1690545103;180224;28671.999999999996;0;84357120
1690545104;0;28671.999999999996;0;84094976
1690545105;0;40959.99999999999;0;345522176
1690545106;0;90111.99999999999;0;0
1690545107;0;24575.999999999996;0;1081344
1690545108;0;94207.99999999999;0;1675264
1690545109;24576;4095.9999999999995;0;1445888
1690545110;0;49151.99999999999;20480;246628352
1690545111;0;86015.99999999999;0;892928
1690545112;0;36863.99999999999;0;124727296
1690545113;0;172031.99999999997;0;108949504
1690545114;12288;28671.999999999996;0;49315840
1690545115;0;24575.999999999996;0;1122304
1690545116;0;16383.999999999998;0;265920512
1690545117;131072;65535.99999999999;0;528384
1690545118;69632;32767.999999999996;0;557056
1690545119;49152;167935.99999999997;0;7356416
1690545120;8192;28671.999999999996;0;269451264
1690545121;4096;53247.99999999999;0;20885504
1690545122;937984;20479.999999999996;0;105906176
1690545123;0;393215.99999999994;0;138657792
1690545124;4096;53247.99999999999;0;114003968
1690545125;0;24575.999999999996;0;57356288
1690545126;0;61439.99999999999;0;160432128
1690545127;688128;61439.99999999999;0;49905664
1690545128;0;110591.99999999999;0;107749376
1690545129;0;94207.99999999999;0;96780288
1690545130;0;53247.99999999999;20480;83976192
1690545131;0;4095.9999999999995;0;82874368
1690545132;20480;57343.99999999999;0;70160384
1690545133;0;0;0;1712128
1690545134;147456;65535.99999999999;0;188776448
1690545135;0;0;143360;1564672
1690545136;0;69631.99999999999;0;196505600
1690545137;0;98303.99999999999;0;3735552
1690545138;0;20479.999999999996;0;182272000
1690545139;24576;102399.99999999999;0;54857728
1690545140;4096;0;12288;119369728
1690545141;0;61439.99999999999;12288;222396416
1690545142;0;32767.999999999996;0;20922368
1690545143;0;24575.999999999996;0;9338880
1690545144;24576;106495.99999999999;0;1683456
1690545145;0;4095.9999999999995;0;230187008
1690545146;0;28671.999999999996;0;0
1690545147;0;57343.99999999999;0;31948800
1690545148;0;86015.99999999999;0;2088960
1690545149;0;118783.99999999999;0;1130496
1690545150;4096;122879.99999999999;0;195919872
1690545151;0;49151.99999999999;0;202682368
1690545152;0;65535.99999999999;0;8982528
1690545153;0;61439.99999999999;0;143261696
1690545154;32768;270335.99999999994;0;106668032
1690545155;12288;28671.999999999996;0;95244288
1690545156;0;57343.99999999999;0;83820544
1690545157;0;24575.999999999996;0;131764224
1690545158;0;86015.99999999999;0;131391488
1690545159;0;122879.99999999999;0;13074432
1690545160;0;40959.99999999999;0;28844032
1690545161;12288;24575.999999999996;0;119885824
1690545162;0;16383.999999999998;0;231817216
1690545163;0;57343.99999999999;0;0
1690545164;0;36863.99999999999;0;1413120
1690545165;0;118783.99999999999;0;1630208
1690545166;0;45055.99999999999;0;358555648
1690545167;143360;98303.99999999999;0;0
1690545168;0;24575.999999999996;0;41222144
1690545169;0;114687.99999999999;0;83836928
1690545170;0;53247.99999999999;0;36614144
1690545171;24576;86015.99999999999;0;1675264
1690545172;0;4095.9999999999995;4096;167788544
1690545173;0;118783.99999999999;0;163512320
1690545174;0;20479.999999999996;0;57872384
1690545175;0;73727.99999999999;0;154914816
1690545176;12288;110591.99999999999;0;81702912
1690545177;0;73727.99999999999;0;147058688
1690545178;0;0;0;126771200
1690545179;12288;118783.99999999999;0;84668416
1690545180;0;176127.99999999997;0;73035776
1690545181;0;57343.99999999999;0;154165248
1690545182;0;16383.999999999998;0;33792000
1690545183;0;73727.99999999999;0;96489472
1690545184;12288;0;0;49967104
1690545185;0;28671.999999999996;0;1626112
1690545186;0;98303.99999999999;0;1089536
1690545187;0;0;0;253394944
1690545188;0;106495.99999999999;0;569344
1690545189;0;49151.99999999999;0;120172544
1690545190;12288;135167.99999999997;0;91869184
1690545191;0;16383.999999999998;155648;96083968
1690545192;0;53247.99999999999;0;108384256
1690545193;0;49151.99999999999;0;96075776
1690545194;0;28671.999999999996;0;236027904
1690545195;12288;57343.99999999999;0;6270976
1690545196;0;65535.99999999999;0;60235776
1690545197;0;81919.99999999999;0;1626112
1690545198;0;4095.9999999999995;0;1646592
1690545199;176128;57343.99999999999;0;218447872
1690545200;0;294911.99999999994;0;3391488
1690545201;24576;126975.99999999999;0;2076672
1690545202;0;36863.99999999999;20480;317390848
1690545203;0;77823.99999999999;0;86016
1690545204;0;0;0;79380480
1690545205;0;28671.999999999996;0;1425408
1690545206;24576;32767.999999999996;0;190738432
1690545207;0;110591.99999999999;0;548864
1690545208;0;0;0;132554752
1690545209;0;69631.99999999999;0;107700224
1690545210;0;86015.99999999999;0;118251520
1690545211;0;167935.99999999997;0;107757568
1690545212;0;0;0;24907776
1690545213;12288;126975.99999999999;0;1626112
1690545214;0;24575.999999999996;0;163500032
1690545215;0;53247.99999999999;0;196096000
1690545216;0;32767.999999999996;0;42156032
1690545217;0;53247.99999999999;0;119746560
1690545218;12288;0;0;84574208
1690545219;0;57343.99999999999;0;95641600
1690545220;0;12287.999999999998;0;213377024
1690545221;0;163839.99999999997;12288;512000
1690545222;0;0;0;1622016
1690545223;0;49151.99999999999;0;1085440
1690545224;0;24575.999999999996;0;201519104
1690545225;12288;110591.99999999999;0;880640
1690545226;0;69631.99999999999;0;197652480
1690545227;0;81919.99999999999;0;45015040
1690545228;0;24575.999999999996;0;104833024
1690545229;0;24575.999999999996;0;119246848
1690545230;0;24575.999999999996;0;1753088
1690545231;12288;114687.99999999999;0;165531648
1690545232;151552;36863.99999999999;135168;0
1690545233;0;106495.99999999999;0;102486016
1690545234;0;28671.999999999996;0;152510464
1690545235;0;49151.99999999999;0;134205440
1690545236;0;86015.99999999999;0;51605504
1690545237;24576;28671.999999999996;4096;96440320
1690545238;0;24575.999999999996;0;118996992
1690545239;0;114687.99999999999;0;1630208
1690545240;0;49151.99999999999;0;167501824
1690545241;0;188415.99999999997;0;151224320
1690545242;24576;94207.99999999999;0;51298304
1690545243;0;24575.999999999996;0;170696704
1690545244;0;57343.99999999999;0;1044480
1690545245;0;32767.999999999996;0;1130496
1690545246;0;106495.99999999999;0;1617920
1690545247;0;94207.99999999999;0;345403392
1690545248;12288;24575.999999999996;0;86016
1690545249;0;24575.999999999996;0;35418112
1690545250;0;28671.999999999996;0;77623296
1690545251;0;217087.99999999997;0;1347584
1690545252;0;147455.99999999997;0;1572864
1690545253;0;69631.99999999999;0;240672768
1690545254;12288;102399.99999999999;0;65617920
1690545255;0;81919.99999999999;0;104054784
1690545256;0;139263.99999999997;0;5230592
1690545257;0;24575.999999999996;0;88162304
1690545258;0;131071.99999999999;0;1015808
1690545259;12288;81919.99999999999;0;59129856
1690545260;0;24575.999999999996;0;65536
1690545261;0;57343.99999999999;0;45056
1690545262;0;126975.99999999999;20480;0
1690545263;0;28671.999999999996;0;0
1690545264;110592;24575.999999999996;0;0
1690545265;0;65535.99999999999;0;163840
1690545266;0;57343.99999999999;0;0
1690545267;0;28671.999999999996;20480;0
1690545268;0;73727.99999999999;0;0
1690545269;24576;24575.999999999996;0;0
1690545270;0;24575.999999999996;0;0
1690545271;0;24575.999999999996;0;0
1690545272;0;229375.99999999997;0;0
1690545273;0;36863.99999999999;0;0
1690545274;0;24575.999999999996;0;0
1690545275;16384;49151.99999999999;0;0
1690545276;0;73727.99999999999;0;0
1690545277;0;28671.999999999996;0;0
1690545278;0;24575.999999999996;0;0
1690545279;0;24575.999999999996;0;0
1690545280;0;24575.999999999996;0;0
1690545281;0;53247.99999999999;0;0
1690545282;0;98303.99999999999;0;0
1690545283;0;94207.99999999999;0;0
1690545284;0;0;0;0
1690545285;0;53247.99999999999;0;0
1690545286;0;57343.99999999999;0;0
1690545287;0;65535.99999999999;139264;0
1690545288;0;0;0;0
1690545289;0;53247.99999999999;0;0
1690545290;0;0;0;790528
1690545291;0;49151.99999999999;16384;0
1690545292;0;249855.99999999997;0;0
1690545293;0;122879.99999999999;12288;0
1690545294;0;0;0;0
1690545295;0;69631.99999999999;0;0
1690545296;0;57343.99999999999;0;32768
1690545297;0;49151.99999999999;0;0
1690545298;0;0;0;0
1690545299;0;118783.99999999999;0;0
1690545300;0;0;0;0
1690545301;0;65535.99999999999;0;0
1690545302;0;53247.99999999999;36864;0
1690545303;0;155647.99999999997;0;0
1690545304;0;20479.999999999996;0;0
1690545305;0;28671.999999999996;0;0
1690545306;0;81919.99999999999;0;0
1690545307;0;40959.99999999999;0;0
1690545308;0;24575.999999999996;40960;40960
1690545309;0;24575.999999999996;0;0
1690545310;0;24575.999999999996;0;0
1690545311;0;73727.99999999999;0;0
1690545312;0;57343.99999999999;0;196608
1690545313;0;110591.99999999999;0;118784
1690545314;0;24575.999999999996;0;0
1690545315;0;40959.99999999999;0;0
1690545316;0;110591.99999999999;0;0
1690545317;0;49151.99999999999;0;0
1690545318;0;28671.999999999996;0;131072
1690545319;0;24575.999999999996;0;0
1690545320;0;24575.999999999996;0;0
1690545321;0;24575.999999999996;0;229376
1690545322;0;94207.99999999999;0;0
1690545323;0;204799.99999999997;192512;0
1690545324;0;45055.99999999999;0;0
1690545325;49152;28671.999999999996;0;0
1690545326;24576;110591.99999999999;0;0
1690545327;0;53247.99999999999;0;0
1690545328;0;65535.99999999999;0;0
1690545329;0;24575.999999999996;24576;20480
1690545330;49152;24575.999999999996;0;0
1690545331;0;69631.99999999999;0;0
1690545332;0;40959.99999999999;0;0
1690545333;0;315391.99999999994;40960;0
1690545334;0;98303.99999999999;0;0
1690545335;40960;24575.999999999996;0;16384
1690545336;0;86015.99999999999;0;442368
1690545337;0;40959.99999999999;36864;0
1690545338;0;24575.999999999996;0;0
1690545339;0;24575.999999999996;0;0
1690545340;0;24575.999999999996;0;0
1690545341;0;24575.999999999996;0;0
1690545342;0;90111.99999999999;0;45056
1690545343;0;45055.99999999999;0;0
1690545344;0;106495.99999999999;0;0
1690545345;0;184319.99999999997;0;0
1690545346;0;81919.99999999999;0;0
1690545347;0;28671.999999999996;0;0
1690545348;0;69631.99999999999;0;0
1690545349;0;45055.99999999999;0;0
1690545350;0;24575.999999999996;0;0
1690545351;0;28671.999999999996;0;0
1690545352;0;65535.99999999999;0;0
1690545353;0;24575.999999999996;0;0
1690545354;0;118783.99999999999;0;0
1690545355;0;40959.99999999999;0;0
1690545356;0;57343.99999999999;0;0
1690545357;0;53247.99999999999;0;0
1690545358;0;24575.999999999996;0;0
1690545359;0;40959.99999999999;135168;0
1690545360;0;28671.999999999996;0;0
1690545361;0;49151.99999999999;0;0
1690545362;0;40959.99999999999;0;45056
1690545363;0;53247.99999999999;0;0
1690545364;0;57343.99999999999;0;0
1690545365;0;49151.99999999999;4096;0
1690545366;0;73727.99999999999;0;0
1690545367;0;53247.99999999999;0;0
1690545368;0;24575.999999999996;0;0
1690545369;0;45055.99999999999;28672;0
1690545370;0;45055.99999999999;0;0
1690545371;0;28671.999999999996;0;0
1690545372;0;40959.99999999999;0;0
1690545373;0;24575.999999999996;0;0
1690545374;0;221183.99999999997;0;0
1690545375;0;49151.99999999999;0;0
1690545376;0;77823.99999999999;0;0
1690545377;0;53247.99999999999;0;0
1690545378;0;24575.999999999996;0;12288
1690545379;0;24575.999999999996;0;0
1690545380;0;40959.99999999999;0;0
1690545381;0;24575.999999999996;0;0
1690545382;0;40959.99999999999;0;0
1690545383;0;28671.999999999996;0;0
1690545384;0;69631.99999999999;0;0
1690545385;0;53247.99999999999;0;0
1690545386;0;57343.99999999999;0;0
1690545387;0;24575.999999999996;0;24576
1690545388;0;102399.99999999999;0;0
1690545389;0;24575.999999999996;0;0
1690545390;0;40959.99999999999;0;0
1690545391;0;65535.99999999999;0;0
1690545392;0;45055.99999999999;0;0
1690545393;0;24575.999999999996;0;0
1690545394;0;110591.99999999999;20480;0
1690545395;0;69631.99999999999;0;0
1690545396;0;57343.99999999999;0;0
1690545397;0;40959.99999999999;0;0
1690545398;0;98303.99999999999;0;0
1690545399;0;28671.999999999996;0;0
1690545400;0;49151.99999999999;20480;0
1690545401;0;4095.9999999999995;0;0
1690545402;0;65535.99999999999;0;0
1690545403;0;57343.99999999999;0;0
1690545404;0;73727.99999999999;0;20480
1690545405;0;57343.99999999999;0;0
1690545406;0;106495.99999999999;0;0
1690545407;0;4095.9999999999995;0;0
1690545408;0;94207.99999999999;0;0
1690545409;0;4095.9999999999995;0;16384
1690545410;0;49151.99999999999;0;0
1690545411;0;4095.9999999999995;0;0
1690545412;0;110591.99999999999;0;0
1690545413;0;0;0;20480
1690545414;0;53247.99999999999;0;0
1690545415;0;77823.99999999999;0;0
1690545416;0;110591.99999999999;0;0
1690545417;16384;0;0;0
1690545418;0;94207.99999999999;0;0
1690545419;0;0;143360;147456
1690545420;0;49151.99999999999;0;0
