Time;{instance="10.231.0.208:9100"};{instance="192.168.221.10:9100"};{instance="192.168.221.11:9100"};{instance="192.168.221.12:9100"}
1690544940;16.21144453240526;26.635536303302466;13.71003797249527;14.091749973671607
1690544941;16.21144453240526;26.615963915272424;13.709243153127915;14.090756449462404
1690544942;16.21144453240526;26.615367801931413;13.709243153127915;14.091551268829772
1690544943;16.21144453240526;26.62053411755355;13.709243153127915;14.119966061213018
1690544944;15.158902049819012;26.615566506378407;13.71003797249527;14.735454308815143
1690544945;15.675016305944322;26.614175575249376;13.71629717501326;14.691143129084628
1690544946;15.614871021225108;26.607618328498194;13.71629717501326;14.853484984868626
1690544947;15.580616090855226;26.6081150896157;13.715502355645903;14.997943404886948
1690544948;15.816019158862215;26.60642610181616;13.71540300322498;14.908426873637627
1690544949;15.808052895985503;26.606823510710164;13.715303650804056;14.841463341937256
1690544950;16.174998879744283;26.606823510710164;13.71689328953879;14.874845755366517
1690544951;15.742331227252581;26.605730636251636;13.716098470171422;14.931178578028415
1690544952;15.636479509278212;26.60453840956961;13.716098470171422;14.975092348075247
1690544953;16.029116690814405;26.602750069546556;13.715303650804056;15.14955519921154
1690544954;16.674881875258286;26.614374279696385;13.7145088314367;15.280004927880075
1690544955;16.552699318386633;26.614175575249376;13.71510494596222;15.356307587146977
1690544956;16.167430930011406;26.61457298414338;13.71510494596222;15.457647056485824
1690544957;16.37425502994817;26.613976870802368;13.71510494596222;15.483776743187905
1690544958;16.37425502994817;26.614771688590388;13.715899765329587;15.74030469400448
1690544959;16.380528461963586;26.62530302428169;13.715899765329587;15.840849343975961
1690544960;16.378138583100565;26.62510431983468;13.715899765329587;15.85406321595838
1690544961;16.378138583100565;26.631363509915353;13.715899765329587;15.996931997241981
1690544962;16.378138583100565;26.632357032150377;13.716694584696942;16.02832736225284
1690544963;16.378138583100565;26.631462862138854;13.716694584696942;16.041441881814333
1690544964;16.384412015115977;26.629773874339314;13.716694584696942;15.906719999046215
1690544965;15.97594188611231;26.62828359098677;13.709640562811598;15.90989927651567
1690544966;15.54417043819425;26.634741485514446;13.70884574344423;16.04849590369969
1690544967;15.67392094479878;26.639112983348568;13.709640562811598;16.080884792919747
1690544968;15.641060110432313;26.640702618924617;13.709640562811598;16.11009440467036
1690544969;15.707080514023108;26.640404562254105;13.71510494596222;16.374272491897813
1690544970;15.78903344336734;26.626395898740217;13.727822055840033;16.351818844769795
1690544971;15.78903344336734;26.625501728728686;13.727623350998197;16.51942637886258
1690544972;15.78903344336734;26.619242538648013;13.727623350998197;16.562445977121122
1690544973;15.795306875382753;26.618149664189485;13.72682853163083;16.839937288751916
1690544974;15.795306875382753;26.611691769661803;13.728418170365552;16.752010396237328
1690544975;15.800285789680702;26.612387235226322;13.727623350998197;16.66746148603403
1690544976;15.800285789680702;26.61616261971943;13.727623350998197;16.644213019538647
1690544977;15.794510249095083;26.60970472519175;13.727623350998197;16.79920279617454
1690544978;15.72500460549573;26.610598895203275;13.730007809100286;16.82632600708581
1690544979;16.004421275896576;26.60990342963876;13.728418170365552;16.809634800371175
1690544980;16.003425493036993;26.608810555180227;13.7286168752074;16.790757840396296
1690544981;16.003425493036993;26.615566506378407;13.7286168752074;16.884546525745193
1690544982;16.003425493036993;26.614374279696385;13.7286168752074;16.909782040658982
1690544983;16.009499768480485;26.614970393037396;13.727822055840033;16.94962236144808
1690544984;16.009499768480485;26.62023606088304;13.729411694574766;16.87818797080628
1690544985;15.775291639904998;26.620136708659537;13.735670897092744;16.898058454990373
1690544986;16.161356654567903;26.619838651989035;13.734677372883542;17.141670591087287
1690544987;15.897175461918778;26.619043834201005;13.734677372883542;17.098253583145063
1690544988;16.030909099961665;26.618149664189485;13.734478668041705;17.131735348995246
1690544989;16.145324550528517;26.62430950204665;13.734478668041705;17.14385634434754
1690544990;15.758761644435815;26.623315979811622;13.735273487409073;17.21191275267805
1690544991;15.799090850249197;26.622521162023606;13.734279963199858;17.256323284829477
1690544992;15.803870607975224;26.621527639788578;13.733485143832503;17.349813912915614
1690544993;16.12949160306104;26.622024400906096;13.733485143832503;17.461585386451105
1690544994;16.131781903638085;26.627588125422253;13.734279963199858;17.360345269533184
1690544995;16.13795575736755;26.62729006875174;13.739744346350491;17.35547700090808
1690544996;16.14562328538639;26.628184238763264;13.739744346350491;17.453835897619317
1690544997;16.14393045452509;26.63970909668958;13.733286438990655;17.455723593616803
1690544998;16.14393045452509;26.63861622223105;13.734876077725389;17.4547300694076
1690544999;16.15647731855592;26.644676707864722;13.734876077725389;17.497550962824317
1690545000;16.15597942712612;26.638020108890036;13.734876077725389;17.4547300694076
1690545001;16.174202253456617;26.63702658665501;13.734081258358021;17.666251373547215
1690545002;16.174102675170655;26.624706910940667;13.734081258358021;17.63336572222255
1690545003;15.456740703122273;26.6294758176688;13.733286438990655;17.653633616090325
1690545004;15.584499644007632;26.629078408774788;13.733286438990655;17.69158624088193
1690545005;16.020552958221934;26.628581647657278;13.738750822141288;17.869923836434122
1690545006;16.033498135396595;26.627389420975245;13.740340460876011;17.803755124101105
1690545007;16.145324550528517;26.627389420975245;13.739545641508643;17.74086504165847
1690545008;16.358123347622822;26.62570043317569;13.739545641508643;17.83147444953791
1690545009;16.037979158264747;26.633648611055914;13.739545641508643;17.832865383430796
1690545010;15.840415838922162;26.632357032150377;13.73944628908773;18.028490300223144
1690545011;15.846689270937574;26.62729006875174;13.740241108455088;18.010010749931947
1690545012;15.925356116845158;26.625402376505193;13.740241108455088;18.075881405002193
1690545013;15.925356116845158;26.62510431983468;13.740241108455088;18.116516545158657
1690545014;15.925356116845158;26.624210149823156;13.740241108455088;17.94374268517801
1690545015;15.923962020841731;26.632257679926873;13.740241108455088;18.080054206680853
1690545016;15.923962020841731;26.638218813337044;13.73944628908773;18.093466783505118
1690545017;15.923962020841731;26.655903509120538;13.740241108455088;18.106879360329376
1690545018;15.93650888487257;26.655903509120538;13.740241108455088;18.15148859732265
1690545019;15.93650888487257;26.660771768072166;13.740241108455088;18.11999387989087
1690545020;15.93650888487257;26.666335492588324;13.733783201095262;18.19649524399961
1690545021;15.93491563229722;26.671998569327982;13.734578020462628;18.282534440516706
1690545022;15.941189064312633;26.671799864880974;13.734578020462628;18.2931651495552
1690545023;15.792020791946104;26.672892739339503;13.734578020462628;18.348305743166048
1690545024;15.46152046084831;26.670706990422445;13.734578020462628;18.447558811665566
1690545025;15.67212853565152;26.671203751539963;13.740241108455088;18.494155097077247
1690545026;15.67820281109501;26.66166593808369;13.74004240361325;18.48561078887809
1690545027;15.819902712014622;26.66871994595239;13.734578020462628;18.564993373193527
1690545028;16.206664774679236;26.66842188928188;13.733683848674339;18.599667368094764
1690545029;16.212739050122728;26.668620593728885;13.732889029306971;18.620531376488046
1690545030;16.085577578953135;26.650935897945395;13.732889029306971;18.710246612579205
1690545031;15.782062963350207;26.642590311171165;13.732889029306971;18.861361644799203
1690545032;15.45464955911714;26.64159678893614;13.732094209939616;18.825694125688763
1690545033;15.64155800186211;26.641199380042124;13.733683848674339;18.807910042344
1690545034;15.645043241870681;26.64845209235782;13.733683848674339;18.80165083982601
1690545035;15.644445772154924;26.653618407979973;13.739346936666808;18.93388891207112
1690545036;15.644147037297051;26.683722131701305;13.739943051192327;18.95048076636483
1690545037;15.644147037297051;26.70965306203553;13.740737870559695;18.9638933431891
1690545038;15.644147037297051;26.726741644478004;13.740737870559695;18.569066822451262
1690545039;15.644147037297051;26.750983587012676;13.740737870559695;19.004925893029235
1690545040;15.644147037297051;26.789035488614232;13.740737870559695;19.073081653780655
1690545041;15.644147037297051;26.794201804236383;13.739943051192327;19.19607995088016
1690545042;15.477253830029824;26.8380161348011;13.73914823182496;19.16180336566261
1690545043;15.996455013019862;26.836923260342573;13.73914823182496;19.180183563532893
1690545044;15.885923115605415;26.88163176091881;13.739943051192327;19.223103809370524
1690545045;15.828167709749208;26.88004212534276;13.739943051192327;19.233933223250855
1690545046;16.066757282906885;26.91143742796964;13.73914823182496;19.178792629640007
1690545047;15.681787629389532;26.94283273059651;13.73914823182496;19.209691232546266
1690545048;15.412328787584585;26.94203791280849;13.73914823182496;19.1768055812216
1690545049;15.514296952406559;26.9422366172555;13.739943051192327;19.14401928231785
1690545050;15.956922433494148;26.947303580654136;13.739943051192327;19.17859392479817
1690545051;15.956922433494148;26.948098398442156;13.739943051192327;19.16289624229274
1690545052;15.956922433494148;26.948098398442156;13.739943051192327;19.16150530839985
1690545053;15.956922433494148;26.954357588522825;13.738353412457604;19.206909364760495
1690545054;15.956922433494148;26.941938560584987;13.738353412457604;19.15455063893542
1690545055;15.956922433494148;26.943130787267023;13.73914823182496;19.20373008729104
1690545056;15.58091482571311;26.94819775066566;13.74004240361325;19.148192083996506
1690545057;15.595254098891198;26.955152406310855;13.74004240361325;19.218434245587257
1690545058;15.56647597424905;26.95505305408735;13.74004240361325;19.108550468049255
1690545059;15.702699069440918;26.961709653062037;13.740837222980618;19.121366930347993
1690545060;15.429555831055474;26.94879386400668;13.747295130340442;19.077850569984832
1690545061;15.951146892908529;26.953960179628822;13.747295130340442;19.106762124472688
1690545062;15.782560854780003;26.945713945078086;13.747295130340442;19.12126757792707
1690545063;16.41856736719991;26.945713945078086;13.746500310973076;19.07745316030116
1690545064;15.784154107355352;26.946508762866117;13.752759513491064;19.10139709374298
1690545065;15.904643833365695;26.952767952946786;13.740837222980618;19.092852785543823
1690545066;15.792618261661861;26.945415888407588;13.74004240361325;19.15941890756052
1690545067;15.798891693677275;26.94501847951357;13.739247584245884;19.081526609558896
1690545068;15.805065547406727;26.94422366172555;13.74004240361325;19.08490459187019
1690545069;15.80098283768242;26.94551524063109;13.74004240361325;18.611689011026133
1690545070;15.798592958819402;26.94551524063109;13.74004240361325;18.58933471631903
1690545071;15.798592958819402;26.94551524063109;13.739247584245884;18.61526569817927
1690545072;15.753185260422109;26.94442236617256;13.739247584245884;18.645568186560002
1690545073;15.748704237553957;26.94501847951357;13.739247584245884;19.142330291162203
1690545074;15.790029226226931;26.944720422843062;13.739247584245884;19.025690549001606
1690545075;15.537797427892874;26.946210706195608;13.741632042347973;19.00065373892965
1690545076;15.708275453454624;26.944621070619558;13.740837222980618;18.944221563846842
1690545077;15.868596493848553;26.950880260700238;13.740837222980618;18.89047190412889
1690545078;16.094141311545606;26.950880260700238;13.739247584245884;18.93160380638995
1690545079;15.953238036913675;26.95058220402973;13.739247584245884;18.9381610661707
1690545080;15.93650888487257;26.951575726264753;13.74004240361325;18.40513532793253
1690545081;15.935413523727016;26.95147637404125;13.74004240361325;18.445373058405313
1690545082;15.935413523727016;26.957536859674924;13.74004240361325;18.4608720360689
1690545083;15.831453793185856;26.951078965147236;13.739247584245884;18.492267401079765
1690545084;15.831453793185856;26.951078965147236;13.732988381727896;18.446465935035437
1690545085;15.831453793185856;26.956245280769387;13.732988381727896;18.47716583309985
1690545086;15.831453793185856;26.975122203234914;13.732988381727896;18.44894974555845
1690545087;15.850274089232098;26.987938640066766;13.733783201095262;18.85778495764606
1690545088;15.634487943559028;26.986050947820218;13.733783201095262;18.763996272297167
1690545089;15.649026373309038;26.992806899018397;13.733783201095262;18.750881752735673
1690545090;15.299904902736905;26.981083336645074;13.732988381727896;18.807711337502163
1690545091;15.842506982927308;26.973234510988352;13.738452764878517;18.77124899902436
1690545092;15.914004192245834;26.973234510988352;13.739247584245884;18.689382604185912
1690545093;16.10559281443088;26.9748241465644;13.738452764878517;18.784065461323095
1690545094;16.04634373428531;26.974625442117393;13.738452764878517;18.63255301941943
1690545095;16.434997784383143;26.980586575527564;13.739943051192327;18.284322784093277
1690545096;16.429023087225602;26.974029328776382;13.739943051192327;18.303497801330927
1690545097;16.429023087225602;26.96588244644915;13.740737870559695;18.30310039164724
1690545098;15.569363744541864;26.96608115089616;13.740737870559695;18.68491174524449
1690545099;15.566874287392896;26.96588244644915;13.739943051192327;18.83791447346197
1690545100;15.227212753986862;26.97234034097683;13.739943051192327;18.739356871908896
1690545101;15.459429316843165;26.97234034097683;13.735770249513667;18.654311199601004
1690545102;15.035225818657983;26.97204228430632;13.735273487409073;18.73856205254153
1690545103;16.022843258798993;26.97184357985932;13.733683848674339;18.71610840541351
1690545104;15.82239216916359;26.9712474665183;13.733683848674339;18.843676913875363
1690545105;16.20885549697033;26.97750665659897;13.733683848674339;18.7160090529926
1690545106;16.20865634039841;26.976711838810953;13.733683848674339;18.304888735223813
1690545107;16.21473061584191;26.97611572546994;13.732889029306971;18.22918219048244
1690545108;16.227277479872736;26.977307952151975;13.734478668041705;18.250542960980333
1690545109;16.227277479872736;26.976811191034457;13.740737870559695;18.178115046129328
1690545110;16.227277479872736;26.983269085562135;13.739744346350491;18.214577384607132
1690545111;16.07064083605929;26.98883281007829;13.739744346350491;18.230573124375326
1690545112;15.893291908766372;26.983269085562135;13.739744346350491;18.52088089830485
1690545113;15.63727613556588;26.98098398442157;13.739744346350491;18.50468645369482
1690545114;15.636280352706288;26.98018916663355;13.740539165717847;18.46603836195676
1690545115;15.636280352706288;26.982672972221124;13.741333985085213;18.453321252078947
1690545116;15.712856054608737;26.982474267774116;13.747593187603202;18.436133283259714
1690545117;16.07990161665347;26.987441878949248;13.753057570753825;18.13370451397789
1690545118;15.93401942772359;26.994495886817948;13.753057570753825;18.065449400805544
1690545119;16.34856383217076;26.99380042125342;13.75385239012119;18.582380046854595
1690545120;16.124711845335003;26.986845765608237;13.753057570753825;18.559827047305667
1690545121;16.112862029305887;26.973532567658864;13.753057570753825;18.475675546786054
1690545122;15.85047324580402;26.975122203234914;13.753057570753825;18.47587425162789
1690545123;15.869592276708143;26.974625442117393;13.753057570753825;18.454811538392757
1690545124;16.072731980064425;26.972240988753327;13.753057570753825;18.4667338289032
1690545125;15.800684102824537;26.972240988753327;13.75385239012119;18.413580283710772
1690545126;15.66635299506589;26.966478559790165;13.75385239012119;18.404539213407013
1690545127;15.646039024730262;26.965683742002145;13.753057570753825;18.491969343817004
1690545128;16.005217902184256;26.96528633310814;13.753057570753825;18.47855676699274
1690545129;15.859534869826286;26.96528633310814;13.752262751386468;18.530418730713215
1690545130;15.779075614771443;26.970750705400793;13.752262751386468;18.432755300948422
1690545131;16.171414061449763;26.97740730437547;13.752064046544621;18.009911397511026
1690545132;16.163348220287087;26.978301474387003;13.752064046544621;17.995505296477553
1690545133;16.21562682041554;26.97750665659897;13.751269227177254;17.96351381694118
1690545134;15.135202417760784;26.97750665659897;13.753653685279355;17.983881063229866
1690545135;15.135202417760784;26.98366649445615;13.753653685279355;17.948014839277594
1690545136;15.177025297863544;26.990323093430835;13.753653685279355;18.096646060974564
1690545137;15.18947258360842;26.989230218972303;13.753653685279355;18.591222412316522
1690545138;15.420494207033219;26.98863410563128;13.752858865911987;18.207821419984537
1690545139;15.636778244136085;26.988137344513774;13.747394482761365;18.165497288672437
1690545140;15.780768445632742;26.98833604896077;13.746599663393999;18.099129871497578
1690545141;16.263125662817966;26.99509200015896;13.752262751386468;18.143838460911777
1690545142;16.228074106160406;26.988733457854785;13.751865341702786;18.195501719790407
1690545143;16.233650490174114;26.988733457854785;13.751865341702786;18.17245195813686
1690545144;16.232156815884725;26.987640583396256;13.751070522335418;18.171657138769504
1690545145;16.23096187645322;26.987640583396256;13.751070522335418;18.24994684645481
1690545146;16.23096187645322;26.987640583396256;13.75266016107014;17.838727176265103
1690545147;16.23096187645322;27.00085442912212;13.75266016107014;17.808722745147133
1690545148;16.23096187645322;27.000556372451612;13.751865341702786;17.57911930039999
1690545149;16.230663141595347;27.00562333585026;13.751865341702786;17.59978460395144
1690545150;15.942284425458187;26.995688113499984;13.75266016107014;18.15844326678708
1690545151;15.939396655165371;26.97363191988237;13.75266016107014;18.141652707651524
1690545152;15.800684102824537;26.96796884314271;13.75266016107014;18.141056593126002
1690545153;15.671132752791927;26.96796884314271;13.75266016107014;18.105389074015566
1690545154;16.243210005626175;26.96796884314271;13.75266016107014;18.201462865045638
1690545155;16.50151607940372;26.974724794340897;13.75266016107014;18.085220532568712
1690545156;16.624893575706878;26.97392997655288;13.748487359391481;18.106183893382934
1690545157;16.19939555980423;26.967670786472198;13.747195777919519;18.087704343091726
1690545158;16.21234073697889;26.967670786472198;13.746400958552151;18.131220703454876
1690545159;16.276867466280297;26.967372729801696;13.741433337506137;17.61687322034976
1690545160;16.276867466280297;26.966478559790165;13.739346936666808;17.684432866575662
1690545161;16.276767887994346;26.96717402535469;13.74093657540153;17.74384561428608
1690545162;16.276767887994346;26.96717402535469;13.747394482761365;17.76957789130448
1690545163;16.276767887994346;26.966279855343167;13.747195777919519;17.769180481620793
1690545164;16.276767887994346;26.959225847474467;13.747195777919519;17.736195477875206
1690545165;16.276767887994346;26.965981798672654;13.746400958552151;17.722385491367266
1690545166;15.703595274014548;26.965981798672654;13.745606139184796;18.1172120121051
1690545167;15.70548726144777;26.91461669912173;13.745606139184796;18.08184255025742
1690545168;16.40502472030949;26.9208758892024;13.745606139184796;17.998485869105174
1690545169;15.777781097053978;26.92137265031992;13.745606139184796;17.95963907252528
1690545170;15.774992905047124;26.927532488177086;13.745606139184796;17.945928438438262
1690545171;15.768520316459789;26.927333783730077;13.745606139184796;17.996796877949528
1690545172;15.768520316459789;26.927333783730077;13.74481131981743;17.97166071545665
1690545173;15.768520316459789;26.9278305448476;13.746400958552151;17.98517264470183
1690545174;15.70459105687414;26.927035727059568;13.747195777919519;17.922282562259195
1690545175;15.987791702141429;26.925942852601036;13.747195777919519;18.009712692669176
1690545176;15.159101206390934;26.925942852601036;13.746400958552151;17.8143858331396
1690545177;16.33322877613308;26.919385605849854;13.746400958552151;17.918606522685142
1690545178;15.994861760444511;26.919385605849854;13.75266016107014;17.74623007238817
1690545179;15.994164712442805;26.919087549179356;13.75266016107014;17.718113337267695
1690545180;15.932027862004416;26.91302706354568;13.75266016107014;17.98090049060226
1690545181;15.938102137447906;26.905873703453487;13.751865341702786;17.85551773540066
1690545182;15.798393802247478;26.906668521241507;13.758124544220774;17.760139411317034
1690545183;15.420494207033219;26.905774351229983;13.758919363588129;17.643499669156437
1690545184;15.760354897011153;26.905575646782975;13.758919363588129;17.59312799174978
1690545185;15.766628329026577;26.90547629455947;13.758919363588129;17.61717127761252
1690545186;15.772901761041991;26.90567499900648;13.758124544220774;17.180020625562587
1690545187;15.772503447898156;26.905774351229983;13.758124544220774;17.22572273918599
1690545188;15.777781097053978;26.90438342010094;13.758124544220774;17.21081987604792
1690545189;14.98464004939083;26.90408536343043;13.751070522335418;17.585875265022587
1690545190;15.798194645675567;26.90458212454795;13.745606139184796;17.51473893164355
1690545191;15.60999168521312;26.91084131462862;13.745606139184796;17.477283068956538
1690545192;16.104298296713417;26.91243095020467;13.744612614975594;17.521594248687055
1690545193;15.748604659267995;26.91163613241664;13.746202253710315;17.475693430221817
1690545194;16.090755649822995;26.91163613241664;13.746202253710315;17.44817280962685
1690545195;15.902751845932473;26.904780828994955;13.746997073077683;17.08682805473921
1690545196;15.756073030714923;26.905575646782975;13.746997073077683;16.92349267474601
1690545197;15.761051945012872;26.90547629455947;13.746202253710315;16.971678598892414
1690545198;15.761051945012872;26.90547629455947;13.746202253710315;17.000192743696584
1690545199;15.771308508466642;26.905277590112465;13.73914823182496;16.994231598441356
1690545200;15.771308508466642;26.90438342010094;13.740737870559695;16.980719669196176
1690545201;15.790128804512893;26.903886658983435;13.740737870559695;16.98201125066815
1690545202;15.796402236528307;26.90408536343043;13.734478668041705;17.361040736479627
1690545203;15.508620990106902;26.902893136748396;13.732690324465135;17.380513810980037
1690545204;16.00302717989315;26.903489250089418;13.732690324465135;17.266357879342443
1690545205;15.999541939884587;26.9026944323014;13.732690324465135;17.201977510585998
1690545206;15.999541939884587;26.902893136748396;13.73914823182496;17.232180646545814
1690545207;15.47685551688599;26.903389897865914;13.739744346350491;17.20376585416257
1690545208;15.788336395365633;26.903191193418905;13.739744346350491;17.20356714932073
1690545209;15.440310285939052;26.908556213488055;13.739744346350491;17.06487116971579
1690545210;15.632197642981971;26.914219290227713;13.74600354886848;17.200586576693112
1690545211;15.901258171643097;26.90766204347653;13.745208729501112;17.197904061328263
1690545212;15.905440459653363;26.90378730675993;13.751467932019102;17.14624080244963
1690545213;15.82587740917215;26.902893136748396;13.752262751386468;17.148128498447125
1690545214;15.93401942772359;26.902893136748396;13.752262751386468;17.26814622291901
1690545215;15.933421958007832;26.902595080077894;13.753057570753825;17.267947518077175
1690545216;15.45206052368221;26.89514366331518;13.74749383518228;17.09447819115009
1690545217;15.8163178937201;26.89514366331518;13.74600354886848;17.12646967068646
1690545218;15.584300487435709;26.89514366331518;13.74600354886848;17.13958419024796
1690545219;15.577230429132626;26.895839128879707;13.745208729501112;17.08563582568816
1690545220;15.832250419473526;26.895044311091688;13.745208729501112;17.07778698443545
1690545221;15.832250419473526;26.900906092278344;13.74600354886848;17.043510399217897
1690545222;15.83165294975778;26.900906092278344;13.740241108455088;16.545556065564647
1690545223;15.837926381773194;26.900906092278344;13.738949526983124;16.540687796939547
1690545224;15.837926381773194;26.90170091006636;13.738949526983124;16.58112423225416
1690545225;15.856746677819434;26.901204148948853;13.738949526983124;16.490912234058406
1690545226;15.853659750954707;26.901502205619366;13.738154707615758;17.03754925396267
1690545227;15.692940397416944;26.9064698167945;13.733485143832503;16.996317999280684
1690545228;15.621542766384366;26.90547629455947;13.733485143832503;17.08802028379025
1690545229;15.704391900302216;26.90567499900648;13.738949526983124;16.94475409282298
1690545230;15.713951415754279;26.905873703453487;13.738949526983124;17.008339642212068
1690545231;15.713752259182368;26.907562691253027;13.738154707615758;17.011518919681514
1690545232;15.713752259182368;26.91223224575766;13.740539165717847;17.035562205544263
1690545233;15.713752259182368;26.912729006875168;13.739744346350491;16.874511931232227
1690545234;15.620546983524775;26.912927711322176;13.739744346350491;16.83020075150171
1690545235;15.819106085726942;26.912927711322176;13.739744346350491;16.784498637878308
1690545236;15.941886112314352;26.91243095020467;13.739744346350491;16.855336913994577
1690545237;15.68059268995803;26.91163613241664;13.745208729501112;16.877393151438923
1690545238;15.665158055634388;26.911834836863648;13.745208729501112;16.37000033779823
1690545239;15.676808715091584;26.91163613241664;13.746798368235835;16.38013428473212
1690545240;15.688558952834741;26.91024520128761;13.746798368235835;16.78807532503145
1690545241;15.66535721220631;26.904184715653933;13.745109377080189;16.7868830959804
1690545242;15.87018974642389;26.898024877796768;13.74600354886848;16.652260565633203
1690545243;16.14831189910728;26.897925525573264;13.74600354886848;16.595828390550395
1690545244;16.154585331122696;26.884214918729874;13.74600354886848;16.540489092097708
1690545245;16.14811274253536;26.884214918729874;13.74600354886848;16.62305095388259
1690545246;15.230598415709473;26.8921630966101;13.745208729501112;16.637258350074212
1690545247;15.530229478159995;26.89623653777371;13.751666636860937;16.729954158792992
1690545248;15.528636225584647;26.896037833326712;13.751467932019102;16.730351568476664
1690545249;15.69353786713269;26.896733298891228;13.747295130340442;16.651664451107685
1690545250;15.700508347149821;26.896534594444223;13.745208729501112;16.57297733373869
1690545251;15.700508347149821;26.896932003338236;13.745208729501112;16.513663938449184
1690545252;15.775291639904998;26.896633946667727;13.746798368235835;16.42126618699318
1690545253;15.775291639904998;26.897130707785244;13.746798368235835;16.464087080409882
1690545254;15.66874287392891;26.903389897865914;13.746798368235835;16.366920412749696
1690545255;15.931131657430786;26.902297023407385;13.746798368235835;16.47034628292787
1690545256;15.931131657430786;26.907363986806022;13.74600354886848;16.34059202120578
1690545257;15.930335031143105;26.909052974605572;13.745208729501112;16.359170923917898
1690545258;15.930335031143105;26.915113460239237;13.745208729501112;16.38530061061998
1690545259;15.93660846315852;26.92008107141438;13.74600354886848;16.31635003050119
1690545260;15.936409306586608;26.912828359098672;13.745208729501112;16.25047937543094
1690545261;15.94268273860202;26.913921233557204;13.745208729501112;16.079096449343176
1690545262;15.94268273860202;26.90766204347653;13.74421520529191;16.090820035011788
1690545263;15.94268273860202;26.90189961451337;13.745804844026633;16.093105140692966
1690545264;15.94268273860202;26.90030997893733;13.745804844026633;15.642541911818764
1690545265;15.948956170617434;26.90021062671383;13.745804844026633;15.641945797293245
1690545266;15.948956170617434;26.90001192226682;13.745010024659265;15.641647740030484
1690545267;15.948956170617434;26.899813217819812;13.744016500450062;15.641647740030484
1690545268;15.948956170617434;26.898819695584784;13.744016500450062;15.640852920663118
1690545269;15.948956170617434;26.899614513372804;13.744016500450062;15.654563554750133
1690545270;15.948956170617434;26.888387712117;13.74481131981743;15.652973916015412
1690545271;15.948956170617434;26.88729483765847;13.744016500450062;15.654563554750133
1690545272;15.948956170617434;26.88004212534276;13.744016500450062;15.648304352232156
1690545273;15.948956170617434;26.873782935262092;13.745606139184796;15.639263281928395
1690545274;15.948956170617434;26.873782935262092;13.745606139184796;15.646317303813738
1690545275;15.948956170617434;26.873782935262092;13.74481131981743;15.645522484446383
1690545276;15.948757014045523;26.879942773119257;13.74481131981743;15.645323779604537
1690545277;15.948757014045523;26.879744068672263;13.74481131981743;15.644528960237169
1690545278;15.948757014045523;26.879744068672263;13.74481131981743;15.644528960237169
1690545279;15.948757014045523;26.878949250884233;13.745606139184796;15.643734140869814
1690545280;15.948757014045523;26.878949250884233;13.74481131981743;15.644528960237169
1690545281;15.948757014045523;26.87964471644876;13.74481131981743;15.635189832670648
1690545282;15.948757014045523;26.87865119421373;13.74481131981743;15.60309900071335
1690545283;15.948757014045523;26.877558319755202;13.744016500450062;15.60309900071335
1690545284;15.948757014045523;26.87914795533124;13.744016500450062;15.602304181345982
1690545285;15.948757014045523;26.87914795533124;13.74481131981743;15.60071454261126
1690545286;15.948757014045523;26.87944601200175;13.74481131981743;15.60071454261126
1690545287;15.426767639048633;26.878154433096213;13.744016500450062;15.60071454261126
1690545288;15.429754987627398;26.878353137543222;13.744016500450062;15.597237207879044
1690545289;15.491692681493873;26.877359615308194;13.744016500450062;15.596442388511678
1690545290;15.491692681493873;26.879942773119257;13.744016500450062;15.596442388511678
1690545291;15.497269065507579;26.886003258752933;13.74540743434295;15.597237207879044
1690545292;15.496273282647987;26.88510908874141;13.74540743434295;15.597237207879044
1690545293;15.496273282647987;26.88431427095338;13.745606139184796;15.533850363331803
1690545294;15.496273282647987;26.884711679847396;13.74481131981743;15.525107350290801
1690545295;15.496273282647987;26.884413623176883;13.74481131981743;15.52749180839289
1690545296;15.496273282647987;26.889877995469536;13.74481131981743;15.52749180839289
1690545297;15.496273282647987;26.891467631045586;13.745606139184796;15.52749180839289
1690545298;15.496273282647987;26.897726821126255;13.74481131981743;15.52749180839289
1690545299;15.496273282647987;26.89732941223224;13.74481131981743;15.518152680826368
1690545300;15.502546714663401;26.902793784524892;13.74481131981743;15.516264984828886
1690545301;15.502546714663401;26.908754917935063;13.745705491605708;15.516264984828886
1690545302;15.508820146678815;26.88918252990502;13.745705491605708;15.51547016546152
1690545303;15.508820146678815;26.887990303222985;13.74540743434295;15.51397987914771
1690545304;15.508820146678815;26.889579938799034;13.743817795608226;15.513582469464037
1690545305;15.508820146678815;26.888785121011004;13.743817795608226;15.513582469464037
1690545306;15.508820146678815;26.895044311091688;13.743817795608226;15.512290887992064
1690545307;15.508820146678815;26.888487064340506;13.74391714802915;15.512290887992064
1690545308;15.508820146678815;26.888487064340506;13.744711967396505;15.511496068624709
1690545309;15.508820146678815;26.889281882128525;13.744711967396505;15.516761746933483
1690545310;15.508820146678815;26.89007669991654;13.744513262554669;15.516761746933483
1690545311;15.508820146678815;26.896137185550216;13.744513262554669;15.511794125887468
1690545312;15.508820146678815;26.88888447323451;13.744513262554669;15.513781174305874
1690545313;15.508820146678815;26.88888447323451;13.744513262554669;15.595150807039715
1690545314;15.508820146678815;26.889083177681517;13.743718443187303;15.60458928702716
1690545315;15.508820146678815;26.888586416563996;13.745308081922037;15.610848489545148
1690545316;15.508820146678815;26.888189007669993;13.744513262554669;15.559781345192036
1690545317;15.508820146678815;26.887692246552476;13.744513262554669;15.559781345192036
1690545318;15.508820146678815;26.88729483765847;13.744513262554669;15.559781345192036
1690545319;15.508820146678815;26.888288359893497;13.743718443187303;15.552528618464844
1690545320;15.515093578694227;26.888288359893497;13.743718443187303;15.553323437832212
1690545321;15.515093578694227;26.887493542105467;13.744513262554669;15.547064235314224
1690545322;15.572848984550426;26.887692246552476;13.743718443187303;15.553323437832212
1690545323;15.572848984550426;26.89375273218615;13.743718443187303;15.552528618464844
1690545324;15.74900297241184;26.892957914398117;13.743718443187303;15.552926028148528
1690545325;15.799588741678994;26.892957914398117;13.742923623819948;15.551932503939325
1690545326;16.11754220874596;26.905277590112465;13.744513262554669;15.551932503939325
1690545327;16.116845160744255;26.90537694233597;13.744513262554669;15.551932503939325
1690545328;16.122421544757948;26.92385645590748;13.744513262554669;15.551932503939325
1690545329;16.122421544757948;26.91759726582681;13.7427249189781;15.54636876836778
1690545330;16.122421544757948;26.90766204347653;13.7427249189781;15.547958407102502
1690545331;16.122421544757948;26.906370464570994;13.744314557712823;15.547958407102502
1690545332;16.122421544757948;26.899316456702305;13.745109377080189;15.547461644997906
1690545333;16.122421544757948;26.90170091006636;13.745208729501112;15.54666682563054
1690545334;16.122421544757948;26.90140285339586;13.745208729501112;15.548256464365263
1690545335;16.122421544757948;26.90060803560783;13.744413910133746;15.545971358684096
1690545336;16.122421544757948;26.900707387831336;13.750871817493582;15.545673301421337
1690545337;16.122421544757948;26.907463339029526;13.751269227177254;15.545673301421337
1690545338;16.12082829218261;26.905873703453487;13.751269227177254;15.54398431026569
1690545339;16.12082829218261;26.905873703453487;13.750474407809898;15.549448693416313
1690545340;16.120629135610688;26.899614513372804;13.750474407809898;15.549448693416313
1690545341;16.120629135610688;26.893355323292134;13.744711967396505;15.538519927115068
1690545342;16.120629135610688;26.90030997893733;13.743420385924543;15.48844630697116
1690545343;16.120629135610688;26.892858562174627;13.74421520529191;15.493115870754426
1690545344;16.120629135610688;26.892759209951123;13.74421520529191;15.493115870754426
1690545345;16.120629135610688;26.893355323292134;13.74421520529191;15.492519756228894
1690545346;16.120629135610688;26.90547629455947;13.743420385924543;15.492519756228894
1690545347;16.120629135610688;26.886301315423445;13.743420385924543;15.492519756228894
1690545348;16.120629135610688;26.892361801057106;13.743420385924543;15.491724936861539
1690545349;16.120629135610688;26.891268926598578;13.74421520529191;15.491724936861539
1690545350;16.120629135610688;26.892858562174627;13.74421520529191;15.490930117494173
1690545351;16.120629135610688;26.894448197750663;13.74421520529191;15.490930117494173
1690545352;16.120629135610688;26.90517823788896;13.74421520529191;15.491724936861539
1690545353;16.120629135610688;26.90517823788896;13.750474407809898;15.490930117494173
1690545354;16.120629135610688;26.90597305567699;13.748884769075165;15.491724936861539
1690545355;16.120629135610688;26.90567499900648;13.750474407809898;15.498778958746884
1690545356;16.120629135610688;26.90488018121846;13.750474407809898;15.498778958746884
1690545357;16.120629135610688;26.90547629455947;13.750474407809898;15.497984139379529
1690545358;16.120629135610688;26.912331597981165;13.743420385924543;15.497984139379529
1690545359;16.15757267970146;26.91143742796964;13.743420385924543;15.497984139379529
1690545360;16.160560028280237;26.91163613241664;13.749679588442532;15.50344852253015
1690545361;16.160560028280237;26.90517823788896;13.750474407809898;15.50344852253015
1690545362;16.160560028280237;26.90100544450185;13.75593879096052;15.504243341897517
1690545363;16.160560028280237;26.899316456702305;13.75593879096052;15.50344852253015
1690545364;16.160560028280237;26.897726821126255;13.75593879096052;15.496394500644794
1690545365;16.160560028280237;26.897726821126255;13.755143971593153;15.495599681277438
1690545366;16.160560028280237;26.897428764455743;13.756733610327887;15.497189320012161
1690545367;16.160560028280237;26.897428764455743;13.755839438539596;15.490433355389566
1690545368;16.160560028280237;26.896633946667727;13.755839438539596;15.496295148223883
1690545369;16.160560028280237;26.898720343361283;13.75504461917224;15.495500328856515
1690545370;16.160560028280237;26.89891904780829;13.75504461917224;15.493811337700869
1690545371;16.160560028280237;26.898720343361283;13.756634257906963;15.483776743187905
1690545372;16.160560028280237;26.898720343361283;13.756634257906963;15.480001351192929
1690545373;16.160560028280237;26.897925525573264;13.763886984634155;15.479206531825563
1690545374;16.160560028280237;26.898720343361283;13.76368827979232;15.467482946156952
1690545375;16.160560028280237;26.89683265111473;13.76368827979232;15.472947329307573
1690545376;16.160560028280237;26.89732941223224;13.762893460424952;15.474536968042296
1690545377;16.160560028280237;26.902793784524892;13.76368827979232;15.467482946156952
1690545378;16.160560028280237;26.901998966736873;13.76368827979232;15.467482946156952
1690545379;16.160560028280237;26.901998966736873;13.762893460424952;15.467482946156952
1690545380;15.961702191220184;26.90170091006636;13.762098641057586;15.466489421947749
1690545381;15.961702191220184;26.90170091006636;13.762098641057586;15.465694602580381
1690545382;15.96727857523389;26.908754917935063;13.762098641057586;15.465694602580381
1690545383;15.96727857523389;26.908754917935063;13.762893460424952;15.466489421947749
1690545384;15.961005143218465;26.90766204347653;13.762893460424952;15.472748624465737
1690545385;15.961005143218465;26.90766204347653;13.762893460424952;15.471158985731003
1690545386;15.961005143218465;26.90766204347653;13.762893460424952;15.471158985731003
1690545387;15.961005143218465;26.90786074792354;13.762098641057586;15.471755100256523
1690545388;15.961005143218465;26.919087549179356;13.762098641057586;15.471755100256523
1690545389;15.96658152723217;26.92067718475539;13.762893460424952;15.471755100256523
1690545390;15.96658152723217;26.90408536343043;13.762893460424952;15.470165461521802
1690545391;15.96658152723217;26.902595080077894;13.762893460424952;15.470165461521802
1690545392;15.96658152723217;26.898124230020272;13.762893460424952;15.470165461521802
1690545393;15.96658152723217;26.895342367762186;13.762893460424952;15.470960280889168
1690545394;15.956623698636275;26.901502205619366;13.76368827979232;15.46956934699628
1690545395;15.956623698636275;26.895839128879707;13.76368827979232;15.467979708261549
1690545396;15.959611047215038;26.894746254421175;13.763489574950471;15.467979708261549
1690545397;15.959611047215038;26.90100544450185;13.756435553065117;15.468774527628915
1690545398;15.959611047215038;26.900707387831336;13.751467932019102;15.467979708261549
1690545399;15.959611047215038;26.900707387831336;13.75027570296805;15.467979708261549
1690545400;15.959611047215038;26.901502205619366;13.751070522335418;15.47344409141218
1690545401;15.955528337490732;26.901502205619366;13.72504018805426;15.47344409141218
1690545402;15.953337615199626;26.901502205619366;13.731398742993173;15.47344409141218
1690545403;15.958913999213332;26.899614513372804;13.731398742993173;15.472649272044814
1690545404;15.958913999213332;26.900409331160834;13.730603923625806;15.474040205937701
1690545405;15.954831289489013;26.89305726662162;13.72980910425844;15.473245386570333
1690545406;15.952640567197918;26.89325597106863;13.731398742993173;15.472450567202966
1690545407;15.952640567197918;26.748301076978098;13.731398742993173;15.472450567202966
1690545408;15.952640567197918;26.749592655883635;13.730603923625806;15.473245386570333
1690545409;15.952640567197918;26.749592655883635;13.730603923625806;15.472450567202966
1690545410;15.958216951211623;26.749791360330644;13.730603923625806;15.47225186236113
1690545411;15.958216951211623;26.74939395143663;13.731398742993173;15.47225186236113
1690545412;15.958216951211623;26.755454437070302;13.731398742993173;15.477716245511752
1690545413;15.958216951211623;26.75624925485832;13.732789676886059;15.478511064879118
1690545414;15.958216951211623;26.755454437070302;13.731696800255932;15.483081276241462
1690545415;15.956623698636275;26.755355084846798;13.731696800255932;15.483876095608817
1690545416;15.956623698636275;26.755156380399793;13.730901980888566;15.483081276241462
1690545417;15.956623698636275;26.754361562611773;13.731696800255932;15.478908474562802
1690545418;15.956623698636275;26.754361562611773;13.725934359842551;15.477616893090829
1690545419;15.956623698636275;26.753864801494252;13.723847959003221;15.476822073723472
1690545420;15.956424542064362;26.744923101379005;13.723847959003221;15.476822073723472
