Time;{instance="10.231.0.208:9100"};{instance="192.168.221.10:9100"};{instance="192.168.221.11:9100"};{instance="192.168.221.12:9100"}
1690544940;11864;28001.999999999996;12112;12651
1690544941;11869;27484.999999999996;12043;12259
1690544942;11865;75568.99999999999;12218;12244
1690544943;11874;24038.999999999996;12840;15890
1690544944;4107642;70996.99999999999;12528;13564
1690544945;49878177;59583.99999999999;12015;91816
1690544946;7736743;40502.99999999999;12027;14063
1690544947;3924887;107845.99999999999;12019;27391
1690544948;54996596;33466.99999999999;12016;21838
1690544949;3234597.2083748756;93731.99999999999;12656;70274
1690544950;2507171.514543631;40474.99999999999;12033;15597
1690544951;113206537;61609.99999999999;12034;87627
1690544952;105807476;76348.99999999999;12050;98415
1690544953;107930547;14646.999999999998;12780;107854
1690544954;117417326;123719.99999999999;12383;156787
1690544955;101701495;14466.999999999998;12044;54615
1690544956;68910654;74446.99999999999;12033;50125
1690544957;11873;64886.99999999999;12032;15596
1690544958;11899;30790.999999999996;12159;14495
1690544959;11898;49662.99999999999;12030;14146
1690544960;11896;81060.99999999999;12029;15614
1690544961;11872;22144.999999999996;12029;15399
1690544962;11888;94382.99999999999;12043;14507
1690544963;11883;30167.999999999996;12037;16252
1690544964;29640;54515.99999999999;13242;16713
1690544965;2144848;81110.99999999999;12011;16628
1690544966;95220007;53879.99999999999;12043;43673
1690544967;89538313;136259.99999999997;12047;47787
1690544968;73350418;16709.999999999996;12040;44706
1690544969;106628994;58005.99999999999;12030;40169
1690544970;17425725;63711.99999999999;12026;27120
1690544971;11863;35823.99999999999;12018;17460
1690544972;11870;99609.99999999999;12269;15285
1690544973;11866;29177.999999999996;12028;17847
1690544974;12028;100903.99999999999;13600;16412
1690544975;25352;78373.99999999999;12013;23661
1690544976;11887;34454.99999999999;12028;16791
1690544977;44033989;109063.99999999999;12029;26274
1690544978;82181464;19524.999999999996;12036;37063
1690544979;1927995;95313.99999999999;12019;21445
1690544980;12010;30621.999999999996;12039;18331
1690544981;11848;56599.99999999999;12033;16915
1690544982;11854;77492.99999999999;12040;16718
1690544983;12006;15944.999999999998;12027;18460
1690544984;11958;48095.99999999999;13259;17189
1690544985;10427662;87986.99999999999;12016;18777
1690544986;95268174;51245.99999999999;12031;66437
1690544987;103530732;103053.99999999999;12017;41943
1690544988;58820261;23424.999999999996;12214;49082
1690544989;11871;58935.99999999999;12235;17680
1690544990;43027255;78310.99999999999;12436;20888
1690544991;98321082;22500.999999999996;12560;72968
1690544992;91619446;173727.99999999997;12208;44380
1690544993;11868;20869.999999999996;12043;19839
1690544994;12030;59200.99999999999;12855;18196
1690544995;11860;71478.99999999999;12601;19832
1690544996;11879;64071.99999999999;12019;19400
1690544997;11869;129877.99999999999;12397;18088
1690544998;11871;17887.999999999996;12032;20488
1690544999;11879;34179.99999999999;12028;18481
1690545000;12420;92132.99999999999;12093;18593
1690545001;37732;17061.999999999996;12036;20460
1690545002;11885;63812.99999999999;12032;21624
1690545003;17721449;68583.99999999999;12032;18768
1690545004;71686106;73422.99999999999;12036;60066
1690545005;106789991;63291.99999999999;14994;141994
1690545006;80385934;134277.99999999997;12203;86679
1690545007;59701364;15853.999999999998;12016;48182
1690545008;113270858;104851.99999999999;12092;59592
1690545009;67178863;14744.999999999998;12035;46163
1690545010;77430053;29151.999999999996;12332;46247
1690545011;11875;50591.99999999999;12041;19022
1690545012;46548134;75784.99999999999;12106;24065
1690545013;11906;23618.999999999996;12406;19959
1690545014;11891;116874.99999999999;12023;19455
1690545015;12151;20776.999999999996;13771;21615
1690545016;11885;118059.99999999999;12027;21360
1690545017;11872;25920.999999999996;12020;21893
1690545018;12320;19868.999999999996;12150;19676
1690545019;11896;96748.99999999999;12055;20485
1690545020;12084;42280.99999999999;12020;22950
1690545021;29424;95873.99999999999;12034;22660
1690545022;12320;37012.99999999999;12027;23235
1690545023;71272544;52524.99999999999;12046;40365
1690545024;89674807;83981.99999999999;12028;55405
1690545025;84773526;19823.999999999996;13260;31242
1690545026;76782368;156313.99999999997;12043;47463
1690545027;50094810;42549.99999999999;12028;29508
1690545028;11907;54853.99999999999;12041;21703
1690545029;11896;62212.99999999999;12037;21432
1690545030;4694644;35647.99999999999;12111;24505
1690545031;82993857;89131.99999999999;12053;76643
1690545032;80901673;38883.99999999999;12450;45831
1690545033;41067641;42354.99999999999;12046;39402
1690545034;12032;86666.99999999999;12103;23325
1690545035;11895;20013.999999999996;12470;22231
1690545036;11872;100621.99999999999;13207;21904.28713858425
1690545037;11889;40564.99999999999;12368;27076.228686058173
1690545038;11870;64409.99999999999;12043;23566
1690545039;12196;72501.99999999999;12052;22185
1690545040;11873;57477.99999999999;12021;25210
1690545041;11868;16160.999999999998;12033;22705
1690545042;34941885;108688.99999999999;12042;43914
1690545043;11942;14665.999999999998;12041;25379
1690545044;88973379;76452.99999999999;12056;22413
1690545045;86801497;18967.999999999996;12455;40208
1690545046;68650835;49569.99999999999;12917;50388
1690545047;2866586;24560.999999999996;12032;25644
1690545048;91843552;31376.999999999996;12230;56985
1690545049;68220174;14113.999999999998;12168;37591
1690545050;11883;27626.999999999996;12166;22062
1690545051;12040;13521.999999999998;12047;22013
1690545052;11873;22627.999999999996;12049;21997
1690545053;11881;21651.999999999996;12027;21984
1690545054;11878;32183.999999999996;12038;22045
1690545055;11891;19876.999999999996;12036;22062
1690545056;34942124;44407.99999999999;13134;40284
1690545057;31128380;78183.99999999999;12241;24028
1690545058;98079045;21089.999999999996;12016;38028
1690545059;101099163;17760.999999999996;12551;43658
1690545060;51790336;32127.999999999996;12105;42539
1690545061;32518470;19453.999999999996;12029;77184
1690545062;23169786;27564.999999999996;12088;22657
1690545063;107075682;26575.999999999996;12041;81124
1690545064;96975890;25318.999999999996;12109;77622
1690545065;40746840;40016.99999999999;12363;50327
1690545066;23277639;33291.99999999999;12733;21286
1690545067;11860;80221.99999999999;13101;27063
1690545068;11866;25462.999999999996;12041;22082
1690545069;11879;14078.999999999998;12086;21211
1690545070;11866;23126.999999999996;12056;21412
1690545071;11870;13536.999999999998;12045;21320
1690545072;30459;24170.999999999996;12032;21326
1690545073;11870;25956.999999999996;12096;22391
1690545074;70334834;22403.999999999996;12028;39223
1690545075;90412152;25558.999999999996;12036;57159
1690545076;96237221;31753.999999999996;12542;39860
1690545077;100432899;29959.999999999996;12845;35882
1690545078;61621785;28487.999999999996;12094;39218
1690545079;16095;13535.999999999998;12110;21028
1690545080;12099;26048.999999999996;12045;20899
1690545081;13860;14592.999999999998;12046;21013
1690545082;12213;25998.999999999996;12052;20993
1690545083;12599;13518.999999999998;12039;20871
1690545084;11874;32956.99999999999;12047;20973
1690545085;11882;16811.999999999996;12038;20984
1690545086;12122;67074.99999999999;12554;20923
1690545087;25723;54301.99999999999;12117;23007
1690545088;34914170;30821.999999999996;12906;41721
1690545089;28579;28030.999999999996;12384;21232
1690545090;6505975;23965.999999999996;12031;23353
1690545091;98419731;21278.999999999996;12028;69109
1690545092;99628300;16616.999999999996;12107;50186
1690545093;94825714;15992.999999999998;12089;58106
1690545094;26849075;28491.999999999996;12040;29255
1690545095;11872;13514.999999999998;12032;20213
1690545096;12259;49272.99999999999;12606;20263
1690545097;11888;69409.99999999999;12024;21492
1690545098;26424421;34895.99999999999;13022;27928
1690545099;8527005;21484.999999999996;12044;56933
1690545100;56924316;23243.999999999996;12053;21310
1690545101;87136858;18537.999999999996;12038;37270
1690545102;77382463;18638.999999999996;12040;43082
1690545103;81730354;17270.999999999996;12039;57446
1690545104;58012855;28757.999999999996;12047;50569
1690545105;11861;16790.999999999996;12492;19957
1690545106;11869;36010.99999999999;12034;19960
1690545107;11872;23316.999999999996;12400;19910
1690545108;12259;23650.999999999996;12777;20424
1690545109;11879;13734.999999999998;12118;20702
1690545110;11876;28637.999999999996;12178;19907
1690545111;30864;19990.999999999996;12047;21222
1690545112;51170486;22186.999999999996;12025;33947
1690545113;88576807;17756.999999999996;12040;51673
1690545114;11873;29659.999999999996;12104;20108
1690545115;11880;16464.999999999996;12042;19587
1690545116;13929;44813.99999999999;12386;19593
1690545117;13286;67405.99999999999;12631;19589
1690545118;15089;22621.999999999996;12053;19520
1690545119;28056;31123.999999999996;12956;22925
1690545120;13788;27056.999999999996;12105;20693
1690545121;77567421;30461.999999999996;12021;34119
1690545122;97168071;13879.999999999998;12047;46343
1690545123;30679180;33816.99999999999;12044;19307
1690545124;67420673;25245.999999999996;12102;56655
1690545125;84197389;31395.999999999996;12563;63895
1690545126;40687950;21591.999999999996;12045;52091
1690545127;84065520;41445.99999999999;12523;37423
1690545128;99929746;66821.99999999999;12594;46718
1690545129;91791590;26824.999999999996;13062;46203
1690545130;25368077;26539.999999999996;12036;28072
1690545131;11864;13517.999999999998;12039;18801
1690545132;11878;22574.999999999996;12023;18825
1690545133;11857;13681.999999999998;12039;18861
1690545134;12416;29719.999999999996;12122;18874
1690545135;11885;18929.999999999996;12051;18955
1690545136;27294;16254.999999999998;12060;20112
1690545137;20727;45393.99999999999;12462;19033
1690545138;16935029;22114.999999999996;12108;20145
1690545139;97521371;30197.999999999996;12766;73628
1690545140;100506725;19103.999999999996;12046;48417
1690545141;41107388;28125.999999999996;12021;50829
1690545142;11876;13538.999999999998;12053;18502
1690545143;12416;19071.999999999996;12043;18489
1690545144;11876;29834.999999999996;12038;18436
1690545145;11875;21474.999999999996;12050;18401
1690545146;11860;50946.99999999999;12042;18487
1690545147;11884;53012.99999999999;12057;18424
1690545148;11881;27980.999999999996;12320;18479
1690545149;12205;77986.99999999999;13080;18423
1690545150;29205;34201.99999999999;12036;29081
1690545151;11873;22896.999999999996;12041;19031
1690545152;62224284;24659.999999999996;12157;37851
1690545153;42597045;21996.999999999996;12041;59604
1690545154;94755300;28098.999999999996;12032;47325
1690545155;91754550;24756.999999999996;12026;150175
1690545156;96950460;33202.99999999999;12095;83443
1690545157;110435182;25516.999999999996;12047;58894
1690545158;60559795;19017.999999999996;12453;71743
1690545159;11895;27265.999999999996;12851;17852
1690545160;12195;20895.999999999996;12052;19279
1690545161;11885;18940.999999999996;12041;17848
1690545162;11876;13511.999999999998;12037;17751
1690545163;11890;32466.999999999996;12058;17735
1690545164;11976;14946.999999999998;12058;17675
1690545165;25313;26183.999999999996;12048;17667
1690545166;34983167;27802.999999999996;12050;47658
1690545167;11884;44696.99999999999;12047;28110
1690545168;62772225;19997.999999999996;12529;20158
1690545169;53741854;31686.999999999996;12831;68403
1690545170;11892;21136.999999999996;12108;18827
1690545171;12211;26233.999999999996;12048;17962
1690545172;11882;13541.999999999998;12047;17429
1690545173;11990;34809.99999999999;12048;17437
1690545174;51827215;14716.999999999998;12045;27601
1690545175;77466518;29973.999999999996;12043;75907
1690545176;95175929;63981.99999999999;12116;54854
1690545177;79203733;60032.99999999999;12113;124450
1690545178;87589127;14564.999999999998;12052;47024
1690545179;84501994;100319.99999999999;12617;51191
1690545180;13505782;21632.999999999996;13098;35724
1690545181;11875;27211.999999999996;12111;18088
1690545182;46578245;14961.999999999998;12044;44164
1690545183;44645575;32989.99999999999;12060;58999
1690545184;25175168;14602.999999999998;12046;43487
1690545185;11890;14521.999999999998;12112;16362
1690545186;11894;43144.99999999999;12566;16383
1690545187;11894;18431.999999999996;12035;16303
1690545188;12755;36677.99999999999;12041;16315
1690545189;43206;28895.999999999996;12621;18108
1690545190;88319259;37497.99999999999;12855;42259
1690545191;96952358;13516.999999999998;12055;51823
1690545192;96876236;30169.999999999996;12032;37301
1690545193;67075905;17743.999999999996;12047;36596
1690545194;11970;16166.999999999998;12118;16167
1690545195;32989360;24871.999999999996;12026;16052
1690545196;25195664;36817.99999999999;12040;34115
1690545197;11900;31282.999999999996;12562;15940
1690545198;11896;13520.999999999998;12100;15951
1690545199;12193;33748.99999999999;12864;16009
1690545200;11878;24539.999999999996;12774;16727
1690545201;27466;29887.999999999996;12040;16825
1690545202;11897;14846.999999999998;12035;18726
1690545203;33506805;32517.999999999996;12059;16094
1690545204;36279619;16834.999999999996;12046;61615
1690545205;11900;21436.999999999996;12049;15922
1690545206;12045;49148.99999999999;12053;15587
1690545207;12958368;68017.99999999999;12064;15741
1690545208;96823618;15487.999999999998;12059;65207
1690545209;76585300;23835.999999999996;12480;50541
1690545210;62241996;97214.99999999999;12744;49721
1690545211;65743471;25652.999999999996;13016;41444
1690545212;11888;14374.999999999998;12261;15327
1690545213;21291;35574.99999999999;12045;15268
1690545214;29229;17774.999999999996;12370;17950
1690545215;11897;26115.999999999996;12041;15272
1690545216;81491860;25832.999999999996;12100;54694
1690545217;93187032;39881.99999999999;12054;47768
1690545218;88883602;13872.999999999998;12052;47548
1690545219;39117378;17947.999999999996;12052;42615
1690545220;11909;28356.999999999996;12539;14911
1690545221;11908;45641.99999999999;12930;16503
1690545222;11895;13794.999999999998;12034;14901
1690545223;11891;23761.999999999996;12409;14901
1690545224;11987;22361.999999999996;12040;14899
1690545225;34558;25115.999999999996;12046;14901
1690545226;12346;32783.99999999999;12036;17468
1690545227;62108610;34790.99999999999;12060;27009
1690545228;109534422;19582.999999999996;12047;55766
1690545229;49562952;17519.999999999996;12036;45608
1690545230;11881;18967.999999999996;12548;14546
1690545231;12036;30940.999999999996;12729;15401
1690545232;11880;17404.999999999996;12172;15366
1690545233;28794;25805.999999999996;12029;16696
1690545234;28818470;19893.999999999996;12041;15454
1690545235;75960679;27641.999999999996;12044;87380
1690545236;76289598;55228.99999999999;12105;36949
1690545237;105663394;48879.99999999999;12102;41457
1690545238;50858970;21924.999999999996;12054;41413
1690545239;18855;23045.999999999996;12044;14182
1690545240;22384;23360.999999999996;12722;16298
1690545241;12632;103137.99999999999;12422;15095
1690545242;86707155;28641.999999999996;12852;55343
1690545243;18000460;18513.999999999996;12052;25055
1690545244;11879;19189.999999999996;12213;13923
1690545245;11937;41005.99999999999;12050;13842
1690545246;257096;26020.999999999996;12050;14208
1690545247;23044880;40762.99999999999;12021;48607
1690545248;11891;22258.999999999996;12040;13840
1690545249;58139803;17665.999999999996;12103;25794
1690545250;11857;20918.999999999996;12525;14172
1690545251;11857;25094.999999999996;12047;13472
1690545252;28617;32068.999999999996;12840;14813
1690545253;11879;21102.999999999996;12038;15666
1690545254;89802546;39155.99999999999;12106;55321
1690545255;3256437;27250.999999999996;12104;28934
1690545256;11875;33301.99999999999;12104;13651
1690545257;11876;24927.999999999996;12945;12710
1690545258;11874;37517.99999999999;12032;12780
1690545259;12267;21685.999999999996;12098;15021
1690545260;11873;25191.999999999996;12046;13192
1690545261;11874;18589.999999999996;12537;12344
1690545262;11871;30600.999999999996;13373;13842
1690545263;12045;20943.999999999996;12035;12261
1690545264;11976;21867.999999999996;12056;12272
1690545265;11889;21005.999999999996;12048;12281
1690545266;11883;55796.99999999999;12056;12264
1690545267;11887;48378.99999999999;12032;12252
1690545268;12190;28481.999999999996;12056;12279
1690545269;12030;20203.999999999996;12036;12272
1690545270;11986;19419.999999999996;12105;12275
1690545271;11878;16134.999999999998;12710;12404
1690545272;11898;111736.99999999999;13211;12441
1690545273;12197;18384.999999999996;12109;24932
1690545274;11874;24052.999999999996;12045;12262
1690545275;11927;21767.999999999996;12048;12262
1690545276;12053;30680.999999999996;12103;12332
1690545277;11887;22541.999999999996;12022;12287
1690545278;11881;25157.999999999996;12037;12256
1690545279;12414;19192.999999999996;12053;12281
1690545280;11858;21915.999999999996;12048;12342
1690545281;11872;21203.999999999996;12544;12296
1690545282;12006;26185.999999999996;12047;12268
1690545283;11867;20172.999999999996;12907;13549
1690545284;11880;14651.999999999998;12042;12270
1690545285;12491;25970.999999999996;12052;12261
1690545286;11871;29406.999999999996;12042;12264
1690545287;11875;27811.999999999996;12032;12273
1690545288;11864;13516.999999999998;12056;12254
1690545289;11864;33357.99999999999;12050;12324
1690545290;11845;19354.999999999996;12049;12258
1690545291;11872;22936.999999999996;12550;12330
1690545292;11854;26215.999999999996;12034;12326
1690545293;11863;41201.99999999999;12892;13720
1690545294;11966;18297.999999999996;12029;12666
1690545295;11854;29664.999999999996;12037;12276
1690545296;11843;55078.99999999999;12039;12276
1690545297;11849;53915.99999999999;12148;12280
1690545298;11860;13526.999999999998;12048;12275
1690545299;11854;103154.99999999999;12211;12345
1690545300;11976;17856.999999999996;12208;12570
1690545301;11874;24370.999999999996;12542;12260
1690545302;11869;25151.999999999996;12034;12330
1690545303;11875;34745.99999999999;12848;13855
1690545304;11859;15916.999999999998;12201;12273
1690545305;11921;25236.999999999996;12052;12276
1690545306;11853;30977.999999999996;12040;12331
1690545307;11879;22745.999999999996;12052;12271
1690545308;11848;17576.999999999996;12048;12271
1690545309;11956;21765.999999999996;12112;12264
1690545310;11868;23357.999999999996;12042;12260
1690545311;11877;49961.99999999999;14075;12256
1690545312;11856;15103.999999999998;12044;12572
1690545313;11855;29389.999999999996;12014;12726
1690545314;11867;21911.999999999996;12790;13153
1690545315;11964;17224.999999999996;12115;12333
1690545316;11889;44258.99999999999;12046;12274
1690545317;11881;24511.999999999996;12089;12253
1690545318;11874;18495.999999999996;12041;12261
1690545319;11880;24576.999999999996;12109;12251
1690545320;11859;21157.999999999996;12043;12315
1690545321;11884;19175.999999999996;12045;12268
1690545322;11873;26154.999999999996;12532;12269
1690545323;11875;37701.99999999999;12053;12264
1690545324;12885;22512.999999999996;12846;14480
1690545325;11857;15969.999999999998;12018;12268
1690545326;12114;64627.99999999999;12028;12253
1690545327;11867;51118.99999999999;12026;12265
1690545328;11870;17608.999999999996;12564;12261
1690545329;11880;24861.999999999996;12019;12864
1690545330;11975;27057.999999999996;12095;12263
1690545331;11931;21102.999999999996;12050;12250
1690545332;11878;18913.999999999996;13215;12367
1690545333;11880;26402.999999999996;12119;12394
1690545334;11892;31579.999999999996;12872;13882
1690545335;11878;15659.999999999998;12062;12275
1690545336;11884;41729.99999999999;12063;12336
1690545337;11888;22213.999999999996;12114;12262
1690545338;11899;17681.999999999996;12052;12249
1690545339;11875;19893.999999999996;12035;12268
1690545340;11899;27941.999999999996;12041;12249
1690545341;11984;16206.999999999998;12035;12349
1690545342;11883;25476.999999999996;12537;12252
1690545343;11887;25312.999999999996;12109;12280
1690545344;11876;34696.99999999999;12851;13613
1690545345;11958;15006.999999999998;12049;12267
1690545346;11866;36745.99999999999;12027;12264
1690545347;11880;22766.999999999996;12044;12284
1690545348;11865;24341.999999999996;12049;12260
1690545349;11868;15237.999999999998;12023;12339
1690545350;11893;29456.999999999996;12059;12262
1690545351;11874;17336.999999999996;12042;12275
1690545352;11867;20970.999999999996;12537;12274
1690545353;11880;25440.999999999996;12040;12247
1690545354;11880;32588.999999999996;12044;14075
1690545355;11888;18333.999999999996;12853;12262
1690545356;11972;53300.99999999999;12115;12258
1690545357;11891;56926.99999999999;12055;12266
1690545358;11883;18187.999999999996;12107;12258
1690545359;11877;19111.999999999996;12032;12329
1690545360;11996;30929.999999999996;12198;12265
1690545361;11872;18309.999999999996;12057;12273
1690545362;11916;18262.999999999996;12718;12328
1690545363;11868;17351.999999999996;12047;12253
1690545364;11887;31470.999999999996;12043;12923
1690545365;11885;19969.999999999996;12979;13062
1690545366;11863;32538.999999999996;12051;12576
1690545367;11877;31499.999999999996;12052;12583
1690545368;11864;25355.999999999996;12046;12272
1690545369;11875;22338.999999999996;12111;12253
1690545370;11888;25358.999999999996;12040;12259
1690545371;11984;18416.999999999996;12043;12248
1690545372;11877;18060.999999999996;12036;12243
1690545373;11871;17262.999999999996;12524;12252
1690545374;11877;30275.999999999996;12102;12306
1690545375;11982;20987.999999999996;12840;14025
1690545376;11877;30508.999999999996;12048;12239
1690545377;11885;28749.999999999996;12113;12245
1690545378;11873;20672.999999999996;12034;12262
1690545379;11888;18896.999999999996;12090;12259
1690545380;11880;26207.999999999996;12038;12324
1690545381;11877;18644.999999999996;12024;12264
1690545382;11856;16786.999999999996;12042;12253
1690545383;11875;18748.999999999996;12525;12251
1690545384;11871;27858.999999999996;12043;12241
1690545385;11867;18736.999999999996;12850;13665
1690545386;11874;55078.99999999999;12027;12259
1690545387;11962;46325.99999999999;12039;12246
1690545388;11871;29829.999999999996;12025;12254
1690545389;11873;14941.999999999998;12559;12262
1690545390;11969;24307.999999999996;12122;12265
1690545391;11875;26764.999999999996;12043;12265
1690545392;11921;16758.999999999996;12334;12307
1690545393;11862;18631.999999999996;12616;12236
1690545394;11866;33918.99999999999;12036;12384
1690545395;11881;26604.999999999996;12581;13935
1690545396;11876;29882.999999999996;12931;12501
1690545397;11881;21065.999999999996;12044;12254
1690545398;11877;29693.999999999996;12054;12252
1690545399;11873;19227.999999999996;12049;12245
1690545400;11873;24275.999999999996;12063;12326
1690545401;11870;25777.999999999996;12049;12251
1690545402;11974;17754.999999999996;12037;12256
1690545403;11863;23947.999999999996;12481;12266
1690545404;11868;25054.999999999996;12050;12782
1690545405;11981;25663.999999999996;12044;13059
1690545406;11876;34159.99999999999;12809;12936
1690545407;11884;24846.999999999996;12053;12257
1690545408;11880;24883.999999999996;12055;12274
1690545409;11872;16207.999999999998;12044;12262
1690545410;11867;25866.999999999996;12039;12305
1690545411;11863;30216.999999999996;12054;12247
1690545412;11866;20155.999999999996;12054;12241
1690545413;11867;18239.999999999996;12417;12250
1690545414;11862;29455.999999999996;12054;12329
1690545415;11873;27497.999999999996;12107;13071
1690545416;11872;67010.99999999999;13486;13454
1690545417;11962;37948.99999999999;12038;12256
1690545418;11885;30495.999999999996;12120;12252
1690545419;11879;13514.999999999998;12075;12340
1690545420;11975;29297.999999999996;12218;12252
