Time;{instance="10.231.0.208:9100"};{instance="192.168.221.10:9100"};{instance="192.168.221.11:9100"};{instance="192.168.221.12:9100"}
1690544940;616;28001.999999999996;746;1723
1690544941;616;27484.999999999996;610;610
1690544942;556;75568.99999999999;663;558
1690544943;556;18432.999999999996;1402;16050
1690544944;4095770;70996.99999999999;5070;37019
1690544945;49866303;59583.99999999999;610;53997156
1690544946;7724868;40502.99999999999;558;13557
1690544947;3912998;107845.99999999999;610;11642202
1690544948;55260038;33466.99999999999;558;6640866
1690544949;3077284.147557328;93731.99999999999;1655;51577147
1690544950;2595605.817452357;40474.99999999999;558;17625
1690544951;113148169;61609.99999999999;610;61506805
1690544952;108329731;76348.99999999999;558;110075872
1690544953;105384516;13465.999999999998;1525;107956579
1690544954;117405335;123719.99999999999;5160;113786109
1690544955;101689599;11797.999999999998;610;107612035
1690544956;68898764;74446.99999999999;558;100146424
1690544957;556;64886.99999999999;610;16103533
1690544958;1178;30790.999999999996;945;3230
1690544959;616;49662.99999999999;610;5859
1690544960;556;81060.99999999999;558;9633
1690544961;556;22144.999999999996;610;4485
1690544962;616;94382.99999999999;558;5873
1690544963;616;30167.999999999996;610;11453
1690544964;17750;54515.99999999999;5952;18671
1690544965;2132952;81110.99999999999;610;11880
1690544966;95208130;53879.99999999999;558;54611579
1690544967;89526436;136259.99999999997;610;93020709
1690544968;76257659;16709.999999999996;558;85207617
1690544969;103697850;58005.99999999999;610;86858840
1690544970;17413829;63711.99999999999;558;64478401
1690544971;616;35823.99999999999;610;10670
1690544972;556;99609.99999999999;1155;624
1690544973;556;29177.999999999996;610;16338
1690544974;892;100903.99999999999;12587;2225
1690544975;13443;78373.99999999999;610;43877
1690544976;556;34454.99999999999;558;3679
1690544977;44741852;109063.99999999999;610;16416271
1690544978;81619816;19524.999999999996;558;70074618
1690544979;1916113;95313.99999999999;610;41603720
1690544980;772;30621.999999999996;558;16418
1690544981;616;56599.99999999999;610;1685
1690544982;556;77492.99999999999;558;5873
1690544983;832;15944.999999999998;610;11453
1690544984;724;48095.99999999999;5862;1655
1690544985;10553687;87986.99999999999;610;12995
1690544986;96183798;51245.99999999999;558;63852783
1690544987;102583908;103053.99999999999;610;102512917
1690544988;58677926;23424.999999999996;663;98764091
1690544989;556;58935.99999999999;1201;2861571
1690544990;43015370;78310.99999999999;1585;38798
1690544991;98309204;22500.999999999996;1703;96005773
1690544992;91607574;173727.99999999997;7874;103132999
1690544993;556;20869.999999999996;610;33871129
1690544994;832;59200.99999999999;1421;1822
1690544995;556;71478.99999999999;5420;19795
1690544996;616;64071.99999999999;558;4180
1690544997;1043;129877.99999999999;962;5991
1690544998;616;17887.999999999996;558;11497
1690544999;616;34179.99999999999;610;2261
1690545000;1342;92132.99999999999;746;6563
1690545001;25853;16766.999999999996;610;11388
1690545002;616;63812.99999999999;558;26900
1690545003;17709568;68583.99999999999;610;6024
1690545004;71674209;73422.99999999999;558;58201662
1690545005;106778096;63291.99999999999;25203;94223668
1690545006;80374060;134277.99999999997;7668;78580829
1690545007;59689479;15853.999999999998;610;58301385
1690545008;113258958;104851.99999999999;743;110160861
1690545009;67226381;12839.999999999998;610;89543273
1690545010;77358766;29151.999999999996;874;75670877
1690545011;556;50591.99999999999;610;29205356
1690545012;46536306;75784.99999999999;723;36834165
1690545013;745;23618.999999999996;928;9731768
1690545014;556;116874.99999999999;558;5943
1690545015;1060;20776.999999999996;6982;11819
1690545016;490;118059.99999999999;558;8118
1690545017;556;25920.999999999996;610;16528
1690545018;1730;19868.999999999996;945;624
1690545019;616;96748.99999999999;610;6684
1690545020;832;42280.99999999999;558;12242
1690545021;17538;95873.99999999999;610;18511
1690545022;1174;37012.99999999999;558;16378
1690545023;71457011;52524.99999999999;610;30639592
1690545024;89466599;83981.99999999999;558;91831887
1690545025;84826739;16404.999999999996;5849;83190323
1690545026;78787222;156313.99999999997;558;85296392
1690545027;48000955;42549.99999999999;610;76544360
1690545028;616;54853.99999999999;558;5167149
1690545029;556;62212.99999999999;610;6239
1690545030;4714793;35647.99999999999;723;13113
1690545031;82949803;89131.99999999999;610;55759402
1690545032;80897141;38883.99999999999;1301;85441096
1690545033;41048385;42354.99999999999;610;56867318
1690545034;766;86666.99999999999;740;11633711
1690545035;616;15134.999999999998;5106;3490
1690545036;659;100621.99999999999;9374;6301.0967098703895
1690545037;556;40564.99999999999;861;32907.72316950853
1690545038;616;64409.99999999999;558;9949
1690545039;1048;72501.99999999999;610;2586
1690545040;556;57477.99999999999;558;15751
1690545041;556;14784.999999999998;610;3320
1690545042;34929993;108688.99999999999;558;21249750
1690545043;965;14665.999999999998;610;13704642
1690545044;88961533;76452.99999999999;558;40613363
1690545045;86789527;12657.999999999998;5080;91632805
1690545046;68638946;49569.99999999999;1507;91131319
1690545047;2854700;24560.999999999996;610;21080239
1690545048;91831680;31376.999999999996;663;50296065
1690545049;68208282;11862.999999999998;994;98621577
1690545050;556;27626.999999999996;930;14082912
1690545051;772;11693.999999999998;610;742
1690545052;616;22627.999999999996;558;690
1690545053;556;21651.999999999996;610;742
1690545054;616;32183.999999999996;558;756
1690545055;556;15883.999999999998;610;808
1690545056;34930240;44407.99999999999;5226;19179957
1690545057;31116504;78183.99999999999;1502;15776296
1690545058;98067175;21089.999999999996;558;81476557
1690545059;101120230;17760.999999999996;1645;104515473
1690545060;51745413;32127.999999999996;746;70314646
1690545061;32506593;19453.999999999996;610;58247558
1690545062;23157907;27564.999999999996;765;2192
1690545063;107063792;26575.999999999996;610;84914067
1690545064;96963999;25318.999999999996;765;104800886
1690545065;40734915;40016.99999999999;928;78201276
1690545066;23265744;33291.99999999999;5397;23285868
1690545067;616;80221.99999999999;10094;36236
1690545068;556;25462.999999999996;558;1525
1690545069;616;14078.999999999998;795;861
1690545070;556;23126.999999999996;558;756
1690545071;616;12600.999999999998;610;808
1690545072;18608;24170.999999999996;558;756
1690545073;556;25956.999999999996;775;19425
1690545074;70388237;22403.999999999996;558;24332938
1690545075;90368831;25558.999999999996;610;94452146
1690545076;96225340;31753.999999999996;5095;94881335
1690545077;100420710;29959.999999999996;1403;98296566
1690545078;61609073;28487.999999999996;743;98455099
1690545079;2304;11028.999999999998;812;8871999
1690545080;724;26048.999999999996;558;624
1690545081;2032;14592.999999999998;610;808
1690545082;1120;25998.999999999996;558;756
1690545083;1114;11665.999999999998;610;676
1690545084;556;32956.99999999999;558;756
1690545085;616;16811.999999999996;610;808
1690545086;912;67074.99999999999;5028;690
1690545087;13839;54301.99999999999;812;14760
1690545088;34902312;30821.999999999996;1557;34925210
1690545089;16690;28030.999999999996;862;1861
1690545090;6792789;23965.999999999996;558;17611
1690545091;98109167;21278.999999999996;610;61025914
1690545092;99632922;16616.999999999996;723;98984294
1690545093;94797349;15992.999999999998;1102;100147385
1690545094;26837193;28491.999999999996;558;66016197
1690545095;556;12876.999999999998;610;676
1690545096;1108;49272.99999999999;5276;690
1690545097;556;69409.99999999999;610;2775
1690545098;26893764;34895.99999999999;10596;41096
1690545099;8054994;21484.999999999996;610;34949383
1690545100;56912434;23243.999999999996;558;24172909
1690545101;87124968;18537.999999999996;610;79411347
1690545102;77387029;18638.999999999996;558;87861769
1690545103;81701943;17270.999999999996;610;77013279
1690545104;58000964;28757.999999999996;558;80616239
1690545105;616;16790.999999999996;1646;12075060
1690545106;556;36010.99999999999;558;690
1690545107;616;23316.999999999996;5146;676
1690545108;1048;23650.999999999996;1351;8116
1690545109;616;13204.999999999998;792;1826
1690545110;556;28637.999999999996;925;690
1690545111;18994;19990.999999999996;610;1907
1690545112;51276049;22186.999999999996;558;16308285
1690545113;88471322;17756.999999999996;610;87037423
1690545114;1178;29659.999999999996;760;36493575
1690545115;932;16464.999999999996;610;742
1690545116;2739;44813.99999999999;845;690
1690545117;3428;67405.99999999999;5324;742
1690545118;3035;14688.999999999998;558;624
1690545119;15361;31123.999999999996;1508;11680
1690545120;12969;27056.999999999996;746;6144
1690545121;77555546;30461.999999999996;610;31654095
1690545122;97156190;11039.999999999998;558;100543717
1690545123;30667274;33816.99999999999;610;42528546
1690545124;67661243;25245.999999999996;765;69951842
1690545125;83933020;31395.999999999996;1582;79939602
1690545126;40676065;21591.999999999996;558;59815336
1690545127;84053651;41445.99999999999;5080;60170199
1690545128;100309133;66821.99999999999;10726;93484119
1690545129;91679413;26824.999999999996;1784;93380852
1690545130;25356189;26539.999999999996;558;67319471
1690545131;676;11600.999999999998;610;676
1690545132;616;22574.999999999996;558;690
1690545133;616;12389.999999999998;610;676
1690545134;1284;29719.999999999996;723;690
1690545135;550;18929.999999999996;610;944
1690545136;15417;16254.999999999998;558;16338
1690545137;8842;45393.99999999999;5212;742
1690545138;16963840;16005.999999999998;743;8968
1690545139;97468760;30197.999999999996;1468;71048947
1690545140;100494824;19103.999999999996;558;95441909
1690545141;41095534;28125.999999999996;610;89629326
1690545142;616;12860.999999999998;558;690
1690545143;1408;19071.999999999996;610;742
1690545144;616;29834.999999999996;558;624
1690545145;745;21474.999999999996;610;676
1690545146;676;50946.99999999999;558;690
1690545147;616;53012.99999999999;610;676
1690545148;676;27980.999999999996;5216;690
1690545149;1006;77986.99999999999;12156;742
1690545150;17326;34201.99999999999;558;48666
1690545151;676;22896.999999999996;610;808
1690545152;62212404;24659.999999999996;1215;22281154
1690545153;42585132;21996.999999999996;610;82505962
1690545154;94743418;28098.999999999996;558;49031806
1690545155;91742668;24756.999999999996;610;106771688
1690545156;96938577;33202.99999999999;740;84919780
1690545157;110423274;25516.999999999996;610;101099468
1690545158;60547808;19017.999999999996;5160;104068343
1690545159;556;27265.999999999996;1469;8253902
1690545160;1108;20895.999999999996;558;10019
1690545161;550;18940.999999999996;610;993
1690545162;556;9585.999999999998;558;690
1690545163;619;32466.999999999996;610;742
1690545164;784;14946.999999999998;558;624
1690545165;13421;26183.999999999996;610;676
1690545166;34971272;27802.999999999996;558;20392017
1690545167;616;44696.99999999999;610;14611273
1690545168;62776812;17018.999999999996;5211;27493862
1690545169;53713486;31686.999999999996;1403;65599362
1690545170;616;21136.999999999996;723;23476310
1690545171;1168;26233.999999999996;610;1792
1690545172;556;11382.999999999998;558;690
1690545173;784;34809.99999999999;610;742
1690545174;51815317;13664.999999999998;558;5498966
1690545175;77454604;29973.999999999996;610;102194619
1690545176;95180497;63981.99999999999;760;78690079
1690545177;79175373;60032.99999999999;775;102695847
1690545178;87577224;12468.999999999998;558;60316710
1690545179;84489966;100319.99999999999;5185;82207119
1690545180;13493897;21632.999999999996;12849;57667595
1690545181;616;27211.999999999996;798;12202
1690545182;46566370;13118.999999999998;558;27278653
1690545183;44633691;32989.99999999999;610;45334948
1690545184;25163276;14602.999999999998;558;43825866
1690545185;616;13186.999999999998;817;676
1690545186;550;43144.99999999999;1541;624
1690545187;556;18431.999999999996;610;676
1690545188;1714;36677.99999999999;558;726
1690545189;31315;16998.999999999996;5331;32570
1690545190;88307373;37497.99999999999;1355;45485608
1690545191;96940472;9026.999999999998;610;102309260
1690545192;96864331;30169.999999999996;558;96413965
1690545193;67064015;17743.999999999996;610;93882023
1690545194;724;16166.999999999998;723;11196067
1690545195;33026901;24871.999999999996;610;676
1690545196;25141373;36817.99999999999;558;58202087
1690545197;556;31282.999999999996;1578;676
1690545198;1178;13502.999999999998;743;624
1690545199;988;33748.99999999999;5513;676
1690545200;616;21047.999999999996;1351;10091
1690545201;15592;29887.999999999996;610;1446
1690545202;676;12339.999999999998;558;16513
1690545203;33494917;32517.999999999996;610;1816
1690545204;36267610;16834.999999999996;558;69818821
1690545205;616;21436.999999999996;610;1513
1690545206;766;49148.99999999999;558;624
1690545207;12946480;68017.99999999999;610;676
1690545208;97166860;15487.999999999998;558;62890044
1690545209;76312618;23835.999999999996;5146;104380368
1690545210;62740393;97214.99999999999;13474;37126724
1690545211;65221299;25652.999999999996;1686;95135981
1690545212;676;11073.999999999998;1397;14767359
1690545213;9403;35574.99999999999;610;676
1690545214;17293;17774.999999999996;866;27617
1690545215;616;26115.999999999996;610;676
1690545216;81479967;25832.999999999996;740;44206023
1690545217;93175135;39881.99999999999;610;89705377
1690545218;88871770;13730.999999999998;558;91146432
1690545219;39105381;17947.999999999996;610;77099510
1690545220;676;11480.999999999998;5094;484580
1690545221;676;45641.99999999999;1581;11835
1690545222;556;10721.999999999998;558;624
1690545223;556;23761.999999999996;897;676
1690545224;784;22361.999999999996;558;624
1690545225;22668;25115.999999999996;610;676
1690545226;1108;32783.99999999999;558;24033
1690545227;62096727;34790.99999999999;610;16818518
1690545228;109522521;19582.999999999996;558;105545252
1690545229;49551065;17519.999999999996;610;98777867
1690545230;616;18967.999999999996;5094;624
1690545231;772;30940.999999999996;676;10858
1690545232;616;17404.999999999996;1311;1398
1690545233;16902;25805.999999999996;610;18001
1690545234;28806491;19893.999999999996;558;1803
1690545235;75948791;27641.999999999996;610;84494523
1690545236;76277731;55228.99999999999;760;51487157
1690545237;105684453;48879.99999999999;775;102993530
1690545238;50814104;21924.999999999996;558;98672989
1690545239;6955;23045.999999999996;610;676
1690545240;10379;23360.999999999996;5199;18255
1690545241;2547;103137.99999999999;13830;1920
1690545242;86695254;28641.999999999996;1354;44637836
1690545243;17988595;18513.999999999996;610;60113449
1690545244;676;19189.999999999996;831;812
1690545245;616;41005.99999999999;610;676
1690545246;245208;26020.999999999996;558;942
1690545247;23032994;40762.99999999999;610;23296672
1690545248;616;22258.999999999996;558;624
1690545249;58127816;17665.999999999996;795;46080736
1690545250;616;20918.999999999996;5282;12097473
1690545251;616;18925.999999999996;610;676
1690545252;16740;32068.999999999996;1417;12182
1690545253;556;21102.999999999996;610;17839
1690545254;89855892;39155.99999999999;723;48111556
1690545255;3179234;27250.999999999996;798;44994400
1690545256;616;33301.99999999999;746;1643
1690545257;735;24927.999999999996;1908;676
1690545258;1118;37517.99999999999;558;826
1690545259;1243;21685.999999999996;795;3866
1690545260;556;25191.999999999996;558;3067
1690545261;556;18589.999999999996;5146;610
1690545262;616;30600.999999999996;2323;12055
1690545263;706;20943.999999999996;610;610
1690545264;718;21867.999999999996;558;558
1690545265;616;21005.999999999996;610;610
1690545266;556;55796.99999999999;558;558
1690545267;556;48378.99999999999;610;610
1690545268;982;28481.999999999996;558;558
1690545269;772;20203.999999999996;610;610
1690545270;784;19419.999999999996;760;558
1690545271;745;16134.999999999998;5317;957
1690545272;556;111736.99999999999;16006;729
1690545273;1118;18384.999999999996;792;61252
1690545274;616;24052.999999999996;558;558
1690545275;676;21767.999999999996;610;610
1690545276;772;30680.999999999996;740;1050
1690545277;556;22541.999999999996;610;610
1690545278;616;25157.999999999996;558;558
1690545279;1276;19192.999999999996;610;610
1690545280;556;21915.999999999996;558;743
1690545281;556;21203.999999999996;5146;610
1690545282;832;24081.999999999996;558;558
1690545283;556;20172.999999999996;1567;13259
1690545284;616;14651.999999999998;558;558
1690545285;1348;25970.999999999996;610;688
1690545286;616;29406.999999999996;558;558
1690545287;556;27811.999999999996;610;610
1690545288;1178;10197.999999999998;558;558
1690545289;556;33357.99999999999;610;792
1690545290;745;19354.999999999996;558;558
1690545291;556;22936.999999999996;5146;775
1690545292;616;13250.999999999998;558;723
1690545293;556;41201.99999999999;1508;13127
1690545294;784;18297.999999999996;558;809
1690545295;1966;29664.999999999996;610;610
1690545296;616;55078.99999999999;558;558
1690545297;490;53915.99999999999;977;610
1690545298;1103;7084.999999999999;558;558
1690545299;616;103154.99999999999;7926;775
1690545300;794;17856.999999999996;663;8006
1690545301;556;24370.999999999996;5146;610
1690545302;616;7705.999999999999;558;723
1690545303;616;34745.99999999999;1402;13149
1690545304;556;15916.999999999998;831;558
1690545305;676;25236.999999999996;610;610
1690545306;556;30977.999999999996;558;746
1690545307;556;22745.999999999996;610;610
1690545308;616;17576.999999999996;558;558
1690545309;784;21765.999999999996;795;610
1690545310;556;23357.999999999996;558;558
1690545311;616;49961.99999999999;24699;610
1690545312;556;15103.999999999998;558;6663
1690545313;616;29389.999999999996;610;12358
1690545314;556;21911.999999999996;1416;1495
1690545315;724;17224.999999999996;775;812
1690545316;616;44258.99999999999;558;558
1690545317;556;24511.999999999996;798;610
1690545318;1178;18495.999999999996;558;558
1690545319;556;24576.999999999996;795;610
1690545320;616;21157.999999999996;558;760
1690545321;616;19175.999999999996;610;610
1690545322;556;26154.999999999996;5160;558
1690545323;556;37701.99999999999;610;610
1690545324;2128;22512.999999999996;1416;13959
1690545325;556;15969.999999999998;610;610
1690545326;748;64627.99999999999;558;558
1690545327;616;51118.99999999999;610;610
1690545328;556;17608.999999999996;1664;558
1690545329;556;24861.999999999996;610;1578
1690545330;784;27057.999999999996;760;558
1690545331;616;21102.999999999996;610;610
1690545332;616;18867.999999999996;6797;905
1690545333;616;17980.999999999996;792;1002
1690545334;556;31579.999999999996;1377;13048
1690545335;556;15659.999999999998;610;610
1690545336;616;41729.99999999999;558;1050
1690545337;556;22213.999999999996;792;610
1690545338;616;17681.999999999996;558;558
1690545339;556;19893.999999999996;610;610
1690545340;616;27941.999999999996;558;558
1690545341;724;16206.999999999998;610;795
1690545342;616;25476.999999999996;5094;558
1690545343;556;14501.999999999998;775;610
1690545344;616;34696.99999999999;1352;12966
1690545345;784;15006.999999999998;610;610
1690545346;556;36745.99999999999;558;558
1690545347;556;22766.999999999996;610;610
1690545348;1178;24341.999999999996;558;558
1690545349;616;15237.999999999998;610;792
1690545350;556;29456.999999999996;558;558
1690545351;556;17336.999999999996;610;610
1690545352;616;20970.999999999996;5151;558
1690545353;616;16377.999999999998;610;610
1690545354;556;32588.999999999996;558;13264
1690545355;556;18333.999999999996;1403;610
1690545356;784;53300.99999999999;760;558
1690545357;616;56926.99999999999;610;610
1690545358;1043;18187.999999999996;723;558
1690545359;616;19111.999999999996;610;775
1690545360;724;30929.999999999996;663;558
1690545361;556;18309.999999999996;610;610
1690545362;676;18262.999999999996;5265;723
1690545363;676;17351.999999999996;610;610
1690545364;556;31470.999999999996;558;12356
1690545365;556;19969.999999999996;1711;1380
1690545366;616;32538.999999999996;558;1099
1690545367;556;31499.999999999996;610;896
1690545368;550;25355.999999999996;558;558
1690545369;556;22338.999999999996;795;610
1690545370;616;25358.999999999996;558;558
1690545371;724;18416.999999999996;610;610
1690545372;616;18034.999999999996;558;558
1690545373;556;17262.999999999996;5146;610
1690545374;735;30275.999999999996;723;760
1690545375;724;20987.999999999996;1403;13251
1690545376;616;30508.999999999996;558;558
1690545377;556;28749.999999999996;798;610
1690545378;1178;20672.999999999996;558;558
1690545379;556;18896.999999999996;795;610
1690545380;706;26207.999999999996;558;760
1690545381;616;18644.999999999996;610;610
1690545382;556;16786.999999999996;558;558
1690545383;556;18748.999999999996;5146;610
1690545384;616;27858.999999999996;558;558
1690545385;685;18736.999999999996;1403;13193
1690545386;616;55078.99999999999;558;558
1690545387;724;46325.99999999999;610;610
1690545388;616;29829.999999999996;558;558
1690545389;556;14941.999999999998;1589;610
1690545390;784;24307.999999999996;760;558
1690545391;556;26764.999999999996;610;610
1690545392;676;16758.999999999996;1320;723
1690545393;616;16269.999999999998;5327;610
1690545394;556;33918.99999999999;558;950
1690545395;616;20309.999999999996;1583;13189
1690545396;556;29882.999999999996;1537;1221
1690545397;556;21065.999999999996;610;610
1690545398;745;29693.999999999996;558;558
1690545399;616;19227.999999999996;610;610
1690545400;556;24275.999999999996;558;743
1690545401;556;25777.999999999996;610;610
1690545402;784;17754.999999999996;558;558
1690545403;556;23947.999999999996;5311;610
1690545404;616;25054.999999999996;558;1538
1690545405;718;25663.999999999996;610;1403
1690545406;556;34159.99999999999;1354;12240
1690545407;556;24846.999999999996;610;610
1690545408;616;24883.999999999996;558;558
1690545409;556;16207.999999999998;610;610
1690545410;616;25866.999999999996;558;740
1690545411;556;30216.999999999996;610;610
1690545412;616;20155.999999999996;558;558
1690545413;556;8842.999999999998;5147;610
1690545414;1178;29455.999999999996;558;723
1690545415;556;21207.999999999996;775;1472
1690545416;805;67010.99999999999;1906;13365
1690545417;784;37948.99999999999;610;610
1690545418;1163;30495.999999999996;723;558
1690545419;676;12474.999999999998;610;775
1690545420;784;29297.999999999996;663;558
