Time;{mode="idle"};{mode="iowait"};{mode="irq"};{mode="nice"};{mode="softirq"};{mode="steal"};{mode="system"};{mode="user"}
1690544940;1.9499999999989086;0;0;0;0;0.010000000000005116;0.03999999999999204;0.020000000000095497
1690544941;1.9399999999986903;0;0;0;0;0.010000000000005116;0.010000000000019327;0.029999999999972715
1690544942;1.9200000000000728;0;0;0;0;0;0.060000000000002274;0.029999999999972715
1690544943;1.8000000000029104;0;0;0;0;0;0.04999999999998295;0.08999999999991815
1690544944;1.499999999998181;0.0799999999999983;0;0;0;0.010000000000005116;0.1699999999999875;0.2300000000000182
1690544945;1.2399999999997817;0.0799999999999983;0;0;0.02999999999999936;0.01999999999999602;0.18000000000000682;0.37000000000000455
1690544946;0.7999999999992724;0.010000000000005116;0;0;0.009999999999999787;0;0.18999999999999773;0.9600000000000364
1690544947;0.4000000000014552;0.05000000000001137;0;0;0.019999999999999574;0.01999999999999602;0.27000000000001023;1.259999999999991
1690544948;0.6000000000003638;0.18999999999999773;0;0;0.02999999999999936;0;0.4299999999999784;0.67999999999995
1690544949;0.6599999999998545;0.06999999999999318;0;0;0.030000000000001137;0.020000000000010232;0.19000000000002615;0.970000000000141
1690544950;0.819999999999709;0.01999999999999602;0;0;0.009999999999999787;0;0.15000000000000568;0.9599999999999227
1690544951;0.42000000000007276;0.12000000000000455;0;0;0.030000000000001137;0.01999999999998181;0.3299999999999841;1.07000000000005
1690544952;0.16999999999825377;0.09999999999999432;0;0;0.07000000000000028;0.020000000000010232;0.3100000000000307;1.2599999999998772
1690544953;0.2000000000007276;0.10000000000000853;0;0;0.08000000000000007;0.009999999999990905;0.3599999999999852;1.240000000000009
1690544954;0.19000000000050932;0.09999999999999432;0;0;0.05999999999999872;0.010000000000005116;0.24999999999997158;1.3500000000001364
1690544955;0.05999999999949068;0.10999999999999943;0;0;0.08999999999999986;0.010000000000005116;0.29000000000002046;1.4399999999999409
1690544956;0.07000000000152795;0.12999999999999545;0;0;0.05000000000000071;0;0.25;1.4699999999999136
1690544957;0;0.040000000000020464;0;0;0.009999999999999787;0.009999999999990905;0.160000000000025;1.75
1690544958;0.06999999999970896;0.01999999999999602;0;0;0.019999999999999574;0.020000000000010232;0.24999999999997158;1.6200000000001182
1690544959;0.010000000000218279;0.029999999999986926;0;0;0.009999999999999787;0;0.14999999999997726;1.7799999999999727
1690544960;0.749999999998181;0.730000000000004;0;0;0.010000000000001563;0;0.0700000000000216;0.44000000000005457
1690544961;0.050000000001091394;0.01999999999999602;0;0;0.009999999999999787;0;0.21999999999999886;1.6899999999999409
1690544962;0.3999999999996362;0.3200000000000074;0;0;0;0;0.12000000000000455;1.1200000000000045
1690544963;0.5499999999992724;0.5899999999999892;0;0;0.009999999999999787;0.01999999999999602;0.09000000000000341;0.7300000000000182
1690544964;0.2400000000016007;0.3100000000000165;0;0;0;0;0.2600000000000193;1.169999999999959
1690544965;0.7899999999990541;0.9200000000000017;0;0;0.009999999999999787;0.01999999999999602;0.05999999999997385;0.2400000000000091
1690544966;0.4099999999998545;0.3399999999999892;0;0;0.03999999999999915;0.020000000000010232;0.36000000000004206;0.7599999999999909
1690544967;0.040000000000873115;0.12999999999999545;0;0;0.0600000000000005;0;0.2899999999999636;1.4800000000000182
1690544968;0.020000000000436557;0.12000000000000455;0;0;0.02999999999999936;0.01999999999999602;0.2300000000000182;1.6100000000000136
1690544969;0.09000000000014552;0.09999999999999432;0;0;0.019999999999999574;0;0.3699999999999761;1.3600000000000136
1690544970;0.039999999999054126;0.13000000000000966;0;0;0.05000000000000071;0.010000000000005116;0.1799999999999784;1.5900000000000318
1690544971;0.039999999999054126;0.01999999999999602;0;0;0.009999999999999787;0;0.25;1.6599999999999682
1690544972;0.6900000000005093;0.6599999999999966;0;0;0.010000000000001563;0.009999999999990905;0.05000000000003979;0.5899999999999181
1690544973;0.06000000000130967;0.020000000000010232;0;0;0.009999999999999787;0;0.1999999999999602;1.7000000000000455
1690544974;0.5;0.5599999999999881;0;0;0.009999999999999787;0;0.10000000000002274;0.8500000000000227
1690544975;0.15999999999985448;0.25;0;0;0.009999999999999787;0.009999999999990905;0.2500000000000284;1.259999999999991
1690544976;0.13999999999941792;1.5300000000000011;0;0;0.009999999999999787;0.030000000000015348;0.0999999999999659;0.2300000000000182
1690544977;0.5300000000006548;0.7800000000000011;0;0;0.019999999999999574;0.009999999999990905;0.18999999999999773;0.37999999999999545
1690544978;0.07999999999992724;0.10000000000000853;0;0;0.05999999999999872;0;0.37000000000000455;1.4399999999999409
1690544979;0.010000000000218279;0.060000000000002274;0;0;0.030000000000001137;0.010000000000005116;0.19999999999998863;1.6300000000001091
1690544980;0.020000000000436557;0.030000000000001137;0;0;0;0;0.12999999999999545;1.8099999999999454
1690544981;0.029999999997016857;0.0799999999999983;0;0;0.019999999999999574;0;0.2400000000000091;1.6299999999999955
1690544982;0.050000000001091394;1.539999999999992;0;0;0.009999999999999787;0.01999999999999602;0.08000000000004093;0.2699999999999818
1690544983;0.040000000000873115;1.6600000000000108;0;0;0.010000000000001563;0.04000000000000625;0.0999999999999659;0.16999999999995907
1690544984;0.05999999999949068;0.01999999999998181;0;0;0;0;0.18000000000000682;1.7100000000000364
1690544985;0.7099999999991269;0.700000000000017;0;0;0.019999999999999574;0.01999999999999602;0.08999999999997499;0.5199999999999818
1690544986;0.2000000000007276;0.09000000000000341;0;0;0.07000000000000028;0.009999999999990905;0.4399999999999977;1.1300000000001091
1690544987;0.06000000000130967;0.07999999999998408;0;0;0.05999999999999872;0.010000000000005116;0.3199999999999932;1.5099999999998772
1690544988;0.039999999999054126;0.12000000000000455;0;0;0.07000000000000028;0.020000000000010232;0.2300000000000182;1.46000000000015
1690544989;0.019999999998617568;0.28000000000000114;0;0;0.019999999999999574;0.009999999999990905;0.25;1.4399999999998272
1690544990;0.08000000000174623;1.309999999999988;0;0;0.009999999999999787;0.010000000000005116;0.18999999999999773;0.37000000000000455
1690544991;0.1599999999980355;0.060000000000002274;0;0;0.060000000000002274;0.010000000000005116;0.3199999999999932;1.3899999999999864
1690544992;0.040000000000873115;0.12000000000000455;0;0;0.06999999999999851;0;0.2400000000000091;1.5300000000000864
1690544993;0.07999999999992724;0.0799999999999983;0;0;0.05000000000000071;0;0.2400000000000091;1.5299999999999727
1690544994;0.42000000000007276;0.36000000000001364;0;0;0.009999999999999787;0;0.10000000000002274;1.0299999999999727
1690544995;0.5;0.44999999999998863;0;0;0;0.010000000000005116;0.12000000000000455;0.9500000000000455
1690544996;0.06000000000130967;0.01999999999999602;0;0;0;0;0.22999999999996135;1.669999999999959
1690544997;0;0.020000000000010232;0;0;0;0;0.12000000000000455;1.8100000000000591
1690544998;0.049999999999272404;0.22999999999998977;0;0;0.019999999999999574;0.01999999999999602;0.2300000000000182;1.5
1690544999;0.20999999999912689;0.12000000000000455;0;0;0;0;0.16999999999995907;1.4600000000000364
1690545000;0.3500000000003638;0.7199999999999989;0;0;0.019999999999999574;0;0.10000000000007958;0.7799999999999727
1690545001;0.2600000000002183;0.010000000000005116;0;0;0;0.009999999999990905;0.21999999999997044;1.4400000000000546
1690545002;0.37000000000080036;0.6500000000000057;0;0;0.019999999999999574;0.010000000000005116;0.18000000000000682;0.75
1690545003;0.37999999999919964;1.4599999999999937;0;0;0.010000000000001563;0.01999999999999602;0.060000000000002274;0.10999999999989996
1690545004;0.3000000000010914;0.28000000000000114;0;0;0.02999999999999936;0.009999999999990905;0.32999999999992724;0.9700000000000273
1690545005;0.21999999999934516;0.12999999999999545;0;0;0.07000000000000028;0.010000000000005116;0.34000000000003183;1.240000000000009
1690545006;0.3000000000010914;0.37000000000000455;0;0;0.05999999999999872;0.010000000000005116;0.29000000000002046;0.9199999999999591
1690545007;0.249999999998181;0.37000000000000455;0;0;0.040000000000000924;0.010000000000005116;0.2699999999999818;1.0300000000000864
1690545008;0.030000000000654836;0.0799999999999983;0;0;0.08000000000000007;0.009999999999990905;0.3100000000000023;1.5199999999999818
1690545009;0.12000000000080036;0.1799999999999926;0;0;0.040000000000000924;0.020000000000010232;0.2400000000000091;1.3899999999998727
1690545010;0.049999999999272404;0.07000000000000739;0;0;0.049999999999998934;0.009999999999990905;0.35000000000002274;1.5000000000001137
1690545011;0.4899999999997817;0.6500000000000057;0;0;0.019999999999999574;0;0.07999999999998408;0.67999999999995
1690545012;0.050000000001091394;1.039999999999992;0;0;0.030000000000001137;0;0.12000000000000455;0.7599999999999909
1690545013;0.030000000000654836;0.07000000000000739;0;0;0;0;0.27000000000003865;1.6000000000000227
1690545014;0;0.01999999999999602;0;0;0;0;0.13999999999998636;1.8500000000000227
1690545015;0.039999999997235136;0.01999999999999602;0;0;0.009999999999999787;0.010000000000005116;0.24999999999994316;1.6599999999999682
1690545016;0.4099999999998545;0.5400000000000063;0;0;0.009999999999999787;0;0.12000000000000455;0.9300000000000637
1690545017;0.010000000000218279;0.010000000000005116;0;0;0.009999999999999787;0;0.18000000000006366;1.8099999999999454
1690545018;0.020000000000436557;1.6299999999999812;0;0;0.02000000000000135;0.009999999999990905;0.0999999999999659;0.2199999999999136
1690545019;0.28000000000065484;0.25;0;0;0;0;0.18999999999999773;1.1800000000000637
1690545020;0.049999999999272404;0.030000000000001137;0;0;0.009999999999999787;0;0.2300000000000182;1.7100000000000364
1690545021;0.040000000000873115;0.46999999999999886;0;0;0.019999999999999574;0.020000000000010232;0.2300000000000182;1.2000000000000455
1690545022;0.06999999999970896;1.75;0;0;0;0.03999999999999204;0.06999999999999318;0.09999999999990905
1690545023;0.13999999999941792;0.7099999999999937;0;0;0.019999999999999574;0.010000000000005116;0.2899999999999636;0.7000000000000455
1690545024;0.08000000000174623;0.0800000000000125;0;0;0.03999999999999915;0.01999999999999602;0.2899999999999636;1.5
1690545025;0.06999999999788997;0.07000000000000739;0;0;0.030000000000001137;0;0.3300000000000409;1.509999999999991
1690545026;0.020000000000436557;0.0899999999999892;0;0;0.03999999999999915;0;0.21000000000003638;1.6299999999999955
1690545027;0.050000000001091394;0.0800000000000125;0;0;0.02999999999999936;0.020000000000010232;0.2599999999999909;1.5500000000000682
1690545028;0.07999999999992724;0.029999999999986926;0;0;0.030000000000001137;0;0.23999999999995225;1.599999999999909
1690545029;0.9600000000009459;0.8999999999999915;0;0;0.02999999999999936;0.009999999999990905;0.01999999999998181;0.049999999999954525
1690545030;0.4699999999975262;0.4200000000000017;0;0;0;0.030000000000001137;0.19000000000005457;0.8500000000001364
1690545031;0.2000000000007276;0.20000000000001705;0;0;0.030000000000001137;0.020000000000010232;0.31999999999993634;1.25
1690545032;0.06999999999970896;0.06999999999999318;0;0;0.049999999999998934;0.009999999999990905;0.26000000000004775;1.5299999999999727
1690545033;0.050000000001091394;0.2400000000000091;0;0;0.040000000000000924;0;0.27000000000003865;1.3199999999999363
1690545034;0.1499999999996362;0.1799999999999926;0;0;0.009999999999999787;0.010000000000005116;0.17999999999994998;1.5300000000000864
1690545035;0.07999999999992724;0.030000000000001137;0;0;0;0;0.22000000000002728;1.669999999999959
1690545036;0.03988035892410082;0.00997008973081268;0;0;0.009970089730807366;0.009970089730798512;0.09970089730804178;1.7746759720837217
1690545037;0.4914744232695905;0.8324974924774307;0;0;0.040120361083248894;0;0.09027081243734386;0.5015045135407359
1690545038;0.00999999999839929;1.769999999999996;0;0;0;0;0.13999999999998636;0.09999999999990905
1690545039;0.08000000000174623;0.12000000000000455;0;0;0.009999999999999787;0.010000000000005116;0.20999999999997954;1.5399999999999636
1690545040;0;0.009999999999990905;0;0;0;0;0.1400000000000432;1.8400000000000318
1690545041;0.05999999999949068;0.01999999999999602;0;0;0;0;0.2699999999999818;1.6899999999999409
1690545042;0.08999999999832653;0.05000000000001137;0;0;0.019999999999999574;0;0.29000000000002046;1.5200000000000955
1690545043;0.18000000000211003;1.3799999999999955;0;0;0.02000000000000135;0.03999999999999204;0.1199999999999477;0.14999999999997726
1690545044;0.23999999999978172;0.519999999999996;0;0;0.02000000000000135;0.010000000000005116;0.36000000000001364;0.7799999999999727
1690545045;0.020000000000436557;0.07000000000000739;0;0;0.08999999999999986;0;0.30000000000001137;1.5299999999999727
1690545046;0.07999999999810825;0.10000000000000853;0;0;0.03999999999999915;0.009999999999990905;0.25;1.5600000000000591
1690545047;0.050000000001091394;0.4899999999999807;0;0;0.019999999999999574;0.010000000000005116;0.25;1.1199999999998909
1690545048;0.13000000000101863;0.6200000000000045;0;0;0.030000000000001137;0.010000000000005116;0.23999999999995225;0.9500000000001592
1690545049;0.05999999999949068;0.0800000000000125;0;0;0.049999999999998934;0;0.26000000000004775;1.5299999999999727
1690545050;0.019999999998617568;0.03999999999999204;0;0;0.019999999999999574;0;0.18000000000000682;1.7999999999999545
1690545051;0.7600000000002183;0.7399999999999949;0;0;0;0;0.0999999999999659;0.37000000000000455
1690545052;0.13000000000101863;0.10000000000000853;0;0;0;0;0.12000000000000455;1.5600000000000591
1690545053;0.00999999999839929;0.01999999999999602;0;0;0;0;0.18000000000000682;1.8399999999999181
1690545054;0;0.01999999999999602;0;0;0.009999999999999787;0;0.13999999999998636;1.7699999999999818
1690545055;0.820000000001528;0.8200000000000074;0;0;0.019999999999999574;0;0.09000000000003183;0.2599999999999909
1690545056;0.3099999999994907;0.25;0;0;0.05000000000000071;0.01999999999999602;0.25;1.1000000000000227
1690545057;0.7899999999990541;0.7299999999999898;0;0;0.009999999999999787;0;0.13999999999998636;0.34000000000003183
1690545058;0.08000000000174623;0.060000000000002274;0;0;0.0600000000000005;0;0.2699999999999818;1.4999999999998863
1690545059;0.07999999999810825;0.06999999999999318;0;0;0.040000000000000924;0.020000000000010232;0.28000000000002956;1.4700000000000273
1690545060;0.17000000000007276;0.2400000000000091;0;0;0.06999999999999851;0;0.22000000000002728;1.3700000000000045
1690545061;0.3900000000012369;0.28999999999999204;0;0;0.040000000000000924;0;0.2799999999999727;0.8800000000001091
1690545062;0.20999999999912689;1.6000000000000085;0;0;0.009999999999999787;0.01999999999999602;0.06999999999999318;0.12000000000000455
1690545063;0.23999999999978172;0.3200000000000074;0;0;0.07000000000000028;0;0.36000000000001364;0.9499999999999318
1690545064;0.22000000000116415;0.20000000000000284;0;0;0.08000000000000007;0.010000000000005116;0.2599999999999909;1.2100000000000364
1690545065;0.5799999999999272;0.6099999999999852;0;0;0.07000000000000028;0;0.2300000000000182;1.2100000000000364
1690545066;0.2999999999992724;0.23999999999999488;0;0;0.02999999999999936;0;0.0999999999999659;0.5900000000000318
1690545067;0.020000000000436557;0.020000000000010232;0;0;0;0;0.1500000000000341;1.8099999999999454
1690545068;0;0.010000000000005116;0;0;0;0;0.1299999999999386;1.8699999999998909
1690545069;0.020000000000436557;1.5600000000000023;0;0;0;0;0.16000000000008185;1.4100000000000819
1690545070;0;0;0;0;0;0;0.06999999999993634;0.7200000000000273
1690545071;0;0.01999999999999602;0;0;0;0;0.160000000000025;1.7999999999999545
1690545072;0.7299999999995634;0.6099999999999852;0;0;0.009999999999999787;0.01999999999999602;0.08999999999997499;0.5500000000000682
1690545073;0.12000000000080036;1.0900000000000034;0;0;0.02000000000000135;0;0.2400000000000091;0.5599999999999454
1690545074;0.18999999999869033;0.9399999999999977;0;0;0.019999999999999574;0.010000000000005116;0.22000000000002728;0.5600000000000591
1690545075;0.06000000000130967;0.14000000000001478;0;0;0.08000000000000007;0.009999999999990905;0.21999999999997044;1.5099999999998772
1690545076;0.019999999998617568;0.12000000000000455;0;0;0.05999999999999872;0;0.2300000000000182;1.6400000000001
1690545077;0.020000000000436557;0.10999999999998522;0;0;0.07000000000000028;0;0.21999999999997044;1.5599999999999454
1690545078;0.020000000000436557;0.09000000000000341;0;0;0.03999999999999915;0.010000000000005116;0.2300000000000182;1.5399999999999636
1690545079;0.12999999999919964;0.14000000000000057;0;0;0.010000000000001563;0.009999999999990905;0.15999999999996817;1.5500000000000682
1690545080;0.7800000000006548;0.7800000000000011;0;0;0;0;0.10000000000002274;0.38999999999998636
1690545081;0.010000000000218279;0.009999999999990905;0;0;0;0;0.18000000000000682;1.7699999999999818
1690545082;0.6000000000003638;0.6000000000000085;0;0;0.009999999999999787;0;0.10000000000002274;0.6700000000000728
1690545083;0.4500000000007276;0.39000000000000057;0;0;0.009999999999999787;0.010000000000005116;0.12000000000000455;1.0499999999999545
1690545084;0;0.01999999999999602;0;0;0;0;0.17000000000001592;1.7700000000000955
1690545085;0.5;1.0700000000000074;0;0;0.019999999999999574;0.010000000000005116;0.0999999999999659;0.31999999999993634
1690545086;0.6199999999989814;0.6400000000000006;0;0;0.009999999999999787;0;0.07000000000005002;0.6299999999998818
1690545087;0.05999999999949068;0.5600000000000023;0;0;0.009999999999999787;0.009999999999990905;0.27999999999991587;1.1200000000000045
1690545088;0.3400000000001455;0.5799999999999983;0;0;0.019999999999999574;0;0.24000000000006594;0.7500000000001137
1690545089;0;0.10999999999999943;0;0;0;0;0.16999999999995907;1.6599999999999682
1690545090;0.3400000000001455;0.8899999999999864;0;0;0.010000000000001563;0.020000000000010232;0.20000000000004547;0.5699999999999363
1690545091;0.33999999999832653;0.29000000000000625;0;0;0.049999999999998934;0.009999999999990905;0.25999999999993406;1.0900000000000318
1690545092;0.08000000000174623;0.060000000000002274;0;0;0.02999999999999936;0.009999999999990905;0.22000000000002728;1.6000000000000227
1690545093;0.07999999999992724;0.09000000000000341;0;0;0.07000000000000206;0;0.25;1.4600000000000364
1690545094;0.039999999999054126;0.07000000000000739;0;0;0.049999999999998934;0.010000000000005116;0.18000000000000682;1.67999999999995
1690545095;0.010000000000218279;0;0;0;0;0.020000000000010232;0.1099999999999568;1.8500000000000227
1690545096;0.6399999999994179;0.6700000000000017;0;0;0.009999999999999787;0;0.10000000000002274;0.5800000000000409
1690545097;0.6000000000003638;0.6299999999999955;0;0;0.019999999999999574;0;0.07000000000005002;0.6499999999998636
1690545098;0.030000000000654836;0.029999999999986926;0;0;0;0;0.22999999999996135;1.6900000000000546
1690545099;0.06999999999970896;1.0700000000000074;0;0;0.040000000000000924;0.01999999999999602;0.25;0.5900000000000318
1690545100;0.23000000000138243;0.7999999999999972;0;0;0.0600000000000005;0;0.18000000000000682;0.6900000000000546
1690545101;0.020000000000436557;0.0799999999999983;0;0;0.040000000000000924;0;0.2400000000000091;1.5599999999999454
1690545102;0.029999999998835847;0.07000000000000739;0;0;0.03999999999999915;0.009999999999990905;0.2300000000000182;1.6200000000000045
1690545103;0.09000000000014552;0.1699999999999875;0;0;0.0600000000000005;0;0.2099999999999227;1.419999999999959
1690545104;0.05999999999949068;0.12000000000000455;0;0;0.049999999999998934;0;0.2300000000000182;1.5900000000000318
1690545105;0.3099999999994907;0.5300000000000011;0;0;0.03999999999999915;0;0.18000000000000682;0.9700000000000273
1690545106;0.8800000000010186;0.9399999999999977;0;0;0;0;0.05000000000001137;0.06999999999993634
1690545107;0.3499999999985448;0.3100000000000023;0;0;0;0;0.12999999999999545;1.1700000000000728
1690545108;0;0.01999999999999602;0;0;0;0.010000000000005116;0.17000000000001592;1.8299999999999272
1690545109;0.020000000000436557;0.020000000000010232;0;0;0;0;0.11000000000001364;1.8099999999999454
1690545110;0.5500000000010914;0.6400000000000006;0;0;0.019999999999999574;0;0.08999999999997499;0.7300000000001319
1690545111;0.8999999999996362;0.9099999999999966;0;0;0.010000000000001563;0;0.040000000000020464;0.09000000000003183
1690545112;0.1000000000003638;0.8400000000000034;0;0;0.019999999999999574;0;0.3199999999999932;0.7299999999999045
1690545113;0.10999999999876309;0.05999999999998806;0;0;0.03999999999999915;0.010000000000005116;0.30000000000001137;1.5
1690545114;0.030000000000654836;0.04999999999999716;0;0;0.040000000000000924;0;0.20999999999997954;1.5900000000000318
1690545115;0.010000000000218279;0.020000000000010232;0;0;0;0.010000000000005116;0.17000000000001592;1.8000000000000682
1690545116;0.15999999999985448;0.18000000000000682;0;0;0.019999999999999574;0;0.14999999999997726;1.4899999999998954
1690545117;0.9700000000011642;1.4799999999999898;0;0;0.009999999999999787;0;0.06999999999999318;0.16000000000008185
1690545118;0.010000000000218279;0;0;0;0;0.009999999999990905;0.12999999999999545;1.1599999999999682
1690545119;0.039999999997235136;0.030000000000001137;0;0;0;0;0.27000000000003865;1.6499999999999773
1690545120;0.5200000000004366;1.0500000000000114;0;0;0.02000000000000135;0.010000000000005116;0.07999999999998408;0.32000000000005
1690545121;0.09000000000014552;1.1899999999999977;0;0;0;0.010000000000005116;0.18999999999999773;0.4799999999999045
1690545122;0.030000000000654836;0.0799999999999983;0;0;0.07000000000000028;0.010000000000005116;0.2400000000000091;1.5900000000000318
1690545123;0.46999999999934516;0.44999999999998863;0;0;0.019999999999997797;0.009999999999990905;0.18999999999999773;0.8700000000000045
1690545124;0.1400000000012369;0.5700000000000074;0;0;0.05000000000000071;0;0.3100000000000023;0.8799999999999955
1690545125;0.21999999999934516;0.09000000000000341;0;0;0.07000000000000028;0.010000000000005116;0.339999999999975;1.2799999999999727
1690545126;0.37000000000080036;0.3400000000000034;0;0;0.060000000000002274;0.009999999999990905;0.2300000000000182;1.0500000000000682
1690545127;0.26999999999861757;0.20999999999999375;0;0;0.019999999999999574;0;0.22000000000002728;1.1999999999999318
1690545128;0.040000000000873115;0.09999999999999432;0;0;0.06999999999999673;0.01999999999999602;0.2400000000000091;1.5600000000000591
1690545129;0.020000000000436557;0.0799999999999983;0;0;0.0400000000000027;0;0.21999999999997044;1.5699999999999363
1690545130;0.020000000000436557;0.09999999999999432;0;0;0.029999999999997584;0.010000000000005116;0.18999999999999773;1.6700000000000728
1690545131;0.22999999999956344;0.28000000000000114;0;0;0;0.009999999999990905;0.12999999999999545;1.330000000000041
1690545132;0.6399999999994179;0.6500000000000057;0;0;0.009999999999999787;0;0.060000000000002274;0.6299999999998818
1690545133;0.010000000000218279;0.020000000000010232;0;0;0;0;0.18000000000000682;1.830000000000041
1690545134;0.7299999999995634;0.7199999999999989;0;0;0.02999999999999936;0.010000000000005116;0.06999999999999318;0.42000000000007276
1690545135;0.3500000000003638;0.37999999999999545;0;0;0;0;0.12999999999999545;1.1499999999999773
1690545136;0.07000000000152795;0.04999999999999716;0;0;0.020000000000003126;0.010000000000005116;0.20000000000004547;1.6000000000000227
1690545137;0;1.480000000000004;0;0;0;0;0.14999999999992042;0.35999999999989996
1690545138;0.32999999999992724;1;0;0;0.029999999999997584;0.009999999999990905;0.18000000000006366;0.4900000000000091
1690545139;0.3099999999994907;0.2600000000000051;0;0;0.0600000000000005;0.010000000000005116;0.2899999999999636;1.0300000000000864
1690545140;0.029999999998835847;0.10999999999998522;0;0;0.07000000000000028;0.010000000000005116;0.2599999999999909;1.5499999999999545
1690545141;0.039999999999054126;0.13000000000000966;0;0;0.05000000000000249;0;0.19000000000005457;1.5199999999999818
1690545142;0.8299999999999272;0.8900000000000006;0;0;0;0.010000000000005116;0.07999999999992724;0.18000000000006366
1690545143;0.050000000001091394;0.04000000000000625;0;0;0;0;0.160000000000025;1.7599999999998772
1690545144;0;0.01999999999998181;0;0;0;0;0.1300000000000523;1.8600000000001273
1690545145;0;0.030000000000015348;0;0;0.00999999999999801;0;0.18000000000000682;1.8199999999999363
1690545146;0.930000000000291;0.9399999999999977;0;0;0;0;0.049999999999954525;0.05999999999994543
1690545147;0.7999999999992724;0.7800000000000011;0;0;0;0;0.03000000000002956;0.3300000000000409
1690545148;0.010000000000218279;0.029999999999986926;0;0;0;0;0.1099999999999568;1.8600000000000136
1690545149;0.010000000000218279;0.010000000000005116;0;0;0;0;0.13999999999998636;1.8100000000000591
1690545150;0.3500000000003638;0.37000000000000455;0;0;0.030000000000001137;0.009999999999990905;0.23000000000007503;1.0699999999999363
1690545151;0.8599999999987631;0.710000000000008;0;0;0.009999999999999787;0.009999999999990905;0.06999999999993634;0.3100000000000591
1690545152;0.47000000000116415;0.8299999999999983;0;0;0.019999999999997797;0;0.18999999999999773;0.42999999999995
1690545153;0.040000000000873115;0.14999999999999147;0;0;0.0400000000000027;0.010000000000005116;0.20000000000004547;1.5399999999999636
1690545154;0.42999999999847205;0.45000000000000284;0;0;0.05999999999999872;0;0.2799999999999727;0.8000000000000682
1690545155;0.13999999999941792;0.2600000000000051;0;0;0.07000000000000028;0;0.34000000000003183;1.1599999999999682
1690545156;0.16000000000167347;0.1799999999999926;0;0;0.05000000000000071;0.020000000000010232;0.21999999999997044;1.4099999999999682
1690545157;0.05999999999949068;0.12999999999999545;0;0;0.049999999999998934;0.009999999999990905;0.2400000000000091;1.490000000000009
1690545158;0.09000000000014552;0.23999999999999488;0;0;0.05999999999999872;0.010000000000005116;0.30000000000001137;1.5
1690545159;0.09000000000014552;0.22000000000001307;0;0;0;0.010000000000005116;0.13999999999998636;1.3500000000000227
1690545160;0;0.009999999999990905;0;0;0.010000000000001563;0;0.16999999999995907;1.82000000000005
1690545161;0.5300000000006548;0.6200000000000045;0;0;0;0.009999999999990905;0.07000000000005002;0.7200000000000273
1690545162;0.09000000000014552;0.11000000000001364;0;0;0.010000000000001563;0;0.18000000000000682;1.6099999999999
1690545163;0.9200000000000728;0.9499999999999886;0;0;0;0;0.06999999999993634;0.029999999999972715
1690545164;0.31999999999970896;0.3499999999999943;0;0;0;0;0.08000000000004093;1.259999999999991
1690545165;0.019999999998617568;0.020000000000010232;0;0;0;0;0.12999999999999545;1.8000000000000682
1690545166;0.030000000000654836;0.6099999999999852;0;0;0.03999999999999737;0;0.36000000000001364;0.9499999999999318
1690545167;0;1.7700000000000102;0;0;0;0;0.05000000000001137;0.13000000000010914
1690545168;0.09000000000014552;0.9899999999999949;0;0;0.019999999999999574;0.010000000000005116;0.18999999999994088;0.6699999999999591
1690545169;0.3500000000003638;0.4000000000000057;0;0;0.08000000000000007;0.01999999999999602;0.18000000000000682;1.0299999999999727
1690545170;0.1000000000003638;0.10999999999999943;0;0;0.010000000000001563;0;0.17000000000001592;1.5200000000000955
1690545171;0.010000000000218279;0.01999999999999602;0;0;0.00999999999999801;0;0.12999999999999545;1.8399999999999181
1690545172;0;0.6899999999999977;0;0;0.019999999999999574;0;0.1500000000000341;1.1599999999999682
1690545173;0.6199999999989814;1.2000000000000028;0;0;0.010000000000001563;0.010000000000005116;0.06999999999999318;0.05999999999994543
1690545174;0.27999999999883585;0.27000000000001023;0;0;0.010000000000001563;0.010000000000005116;0.25;1.1600000000000819
1690545175;0.1499999999996362;0.05999999999998806;0;0;0.06999999999999851;0.009999999999990905;0.29000000000002046;1.4100000000000819
1690545176;0.16000000000167347;0.10000000000000853;0;0;0.019999999999999574;0;0.2300000000000182;1.42999999999995
1690545177;0.17000000000007276;0.21999999999999886;0;0;0.1000000000000032;0.020000000000010232;0.3899999999999295;1.1000000000000227
1690545178;0.11000000000058208;0.4099999999999966;0;0;0.03999999999999915;0;0.28000000000002956;1.1100000000000136
1690545179;0.049999999997453415;0.10999999999999943;0;0;0.029999999999997584;0.009999999999990905;0.2699999999999818;1.5399999999999636
1690545180;0.1000000000003638;0.06999999999999318;0;0;0.030000000000001137;0.009999999999990905;0.25;1.5199999999999818
1690545181;0.010000000000218279;1.6000000000000085;0;0;0.02999999999999936;0;0.12000000000000455;0.2799999999999727
1690545182;0.07000000000152795;1.1299999999999955;0;0;0.02000000000000135;0.010000000000005116;0.20999999999997954;0.5
1690545183;0.27999999999883585;0.5200000000000102;0;0;0.03999999999999737;0.009999999999990905;0.20000000000004547;0.9700000000000273
1690545184;0.2400000000016007;0.18999999999999773;0;0;0.019999999999999574;0.010000000000005116;0.13999999999998636;1.3500000000000227
1690545185;0;0.01999999999999602;0;0;0;0;0.12000000000000455;1.8299999999999272
1690545186;0.029999999998835847;0.020000000000010232;0;0;0;0;0.07999999999998408;1.8700000000000045
1690545187;0.1000000000003638;0.8599999999999994;0;0;0.009999999999999787;0;0.1500000000000341;0.9100000000000819
1690545188;0.049999999999272404;1.7299999999999898;0;0;0.010000000000001563;0;0.049999999999954525;0.10999999999989996
1690545189;0.21999999999934516;0.28000000000000114;0;0;0.030000000000001137;0;0.32000000000005;1.150000000000091
1690545190;0.21000000000094587;0.7599999999999909;0;0;0.040000000000000924;0.020000000000010232;0.21999999999997044;0.7400000000000091
1690545191;0.07000000000152795;0.060000000000016485;0;0;0.03999999999999737;0.009999999999990905;0.2799999999999727;1.4899999999998954
1690545192;0.019999999998617568;0.12000000000000455;0;0;0.0400000000000027;0;0.2300000000000182;1.5900000000000318
1690545193;0.050000000001091394;0.10999999999998522;0;0;0.059999999999996945;0;0.2400000000000091;1.6399999999999864
1690545194;0.6900000000005093;0.7199999999999989;0;0;0.02000000000000135;0.010000000000005116;0.11000000000001364;0.36000000000012733
1690545195;0.929999999998472;0.9599999999999937;0;0;0;0;0.06999999999999318;0.05999999999994543
1690545196;0.040000000000873115;0.07000000000000739;0;0;0.07000000000000206;0.010000000000005116;0.19999999999998863;1.6099999999999
1690545197;0.019999999998617568;0.020000000000010232;0;0;0;0;0.17000000000001592;1.82000000000005
1690545198;0;0.01999999999998181;0;0;0;0;0.13999999999998636;1.82000000000005
1690545199;0;1.8400000000000034;0;0;0.019999999999999574;0.010000000000005116;0.07999999999998408;0.4600000000000364
1690545200;0.5100000000002183;0.4900000000000091;0;0;0;0;0.040000000000020464;0.5
1690545201;0;0.010000000000005116;0;0;0.00999999999999801;0;0.1099999999999568;1.8799999999998818
1690545202;0.2600000000002183;0.539999999999992;0;0;0.05000000000000071;0.009999999999990905;0.25;0.900000000000091
1690545203;0.5;1.3500000000000085;0;0;0.009999999999999787;0;0.06000000000005912;0.07999999999992724
1690545204;0.08000000000174623;0.10999999999999943;0;0;0.05000000000000071;0;0.2799999999999727;1.4499999999999318
1690545205;0.01999999999679858;0.01999999999998181;0;0;0;0;0.160000000000025;1.8200000000001637
1690545206;0.5500000000010914;0.710000000000008;0;0;0.019999999999999574;0;0.06999999999999318;0.6399999999998727
1690545207;0.6200000000008004;0.6000000000000085;0;0;0.009999999999999787;0;0.11000000000001364;0.6900000000000546
1690545208;0.15999999999985448;0.13999999999998636;0;0;0.0799999999999983;0.010000000000005116;0.339999999999975;1.3100000000000591
1690545209;0.040000000000873115;0.09000000000001762;0;0;0.05000000000000426;0;0.25;1.5199999999999818
1690545210;0.5799999999999272;0.6299999999999955;0;0;0.02999999999999936;0.009999999999990905;0.12999999999999545;0.6399999999999864
1690545211;0.039999999999054126;0.09999999999999432;0;0;0.03999999999999737;0;0.22999999999996135;1.5399999999999636
1690545212;0.020000000000436557;0.04000000000000625;0;0;0.010000000000001563;0;0.18000000000000682;1.7300000000000182
1690545213;0.010000000000218279;0.030000000000001137;0;0;0;0;0.1400000000000432;1.8500000000000227
1690545214;0.25;0.46999999999999886;0;0;0.029999999999997584;0.010000000000005116;0.20999999999997954;1.009999999999991
1690545215;0.9500000000007276;0.9300000000000068;0;0;0.009999999999999787;0.01999999999999602;0.05000000000001137;0.029999999999972715
1690545216;0.499999999998181;0.47999999999998977;0;0;0.020000000000003126;0;0.20999999999997954;0.7599999999999909
1690545217;0.1000000000003638;0.060000000000002274;0;0;0.059999999999996945;0;0.2300000000000182;1.5100000000001046
1690545218;0.020000000000436557;0.11999999999999034;0;0;0.030000000000002913;0.030000000000001137;0.2300000000000182;1.5899999999999181
1690545219;0.030000000000654836;0.09999999999999432;0;0;0.05999999999999872;0;0.18999999999999773;1.5600000000000591
1690545220;0.5299999999988358;0.6000000000000085;0;0;0.019999999999999574;0;0.06999999999999318;0.7899999999999636
1690545221;0.7900000000008731;0.730000000000004;0;0;0;0;0.07999999999998408;0.4399999999999409
1690545222;0.010000000000218279;0.020000000000010232;0;0;0;0;0.18000000000000682;1.8000000000000682
1690545223;0.029999999998835847;0.009999999999990905;0;0;0;0;0.13999999999998636;1.7799999999999727
1690545224;0.21000000000094587;0.19999999999998863;0;0;0;0;0.17000000000001592;1.4500000000000455
1690545225;0.819999999999709;0.710000000000008;0;0;0.010000000000001563;0;0.049999999999954525;0.35999999999989996
1690545226;0.030000000000654836;0.8200000000000074;0;0;0.019999999999999574;0.01999999999999602;0.25000000000005684;0.8600000000000136
1690545227;0.09999999999854481;1.2999999999999972;0;0;0.019999999999999574;0.010000000000005116;0.12000000000000455;0.37000000000000455
1690545228;0.09000000000014552;0.09999999999999432;0;0;0.049999999999998934;0.010000000000005116;0.28000000000002956;1.4600000000000364
1690545229;0.040000000000873115;0.11999999999999034;0;0;0.07000000000000206;0.009999999999990905;0.2799999999999727;1.5
1690545230;0.020000000000436557;0.020000000000010232;0;0;0;0;0.11000000000001364;1.8299999999999272
1690545231;0;0.04000000000000625;0;0;0.009999999999999787;0;0.15999999999996817;1.8100000000000591
1690545232;0.9599999999991269;0.9200000000000017;0;0;0.009999999999999787;0;0.010000000000047748;0.08000000000004093
1690545233;0.1499999999996362;0.5900000000000034;0;0;0;0.010000000000005116;0.22999999999996135;1.009999999999991
1690545234;0.07000000000152795;1.6299999999999955;0;0;0.00999999999999801;0.010000000000005116;0.07999999999998408;0.25
1690545235;0.16999999999825377;0.06999999999999318;0;0;0.08000000000000362;0;0.3100000000000023;1.330000000000041
1690545236;0.25;0.5199999999999818;0;0;0.029999999999997584;0.009999999999990905;0.12000000000000455;1.0199999999999818
1690545237;0.049999999999272404;0.11000000000002785;0;0;0.08000000000000185;0.010000000000005116;0.28000000000002956;1.4999999999998863
1690545238;0.050000000001091394;0.10999999999999943;0;0;0.04999999999999716;0.010000000000005116;0.21999999999997044;1.5100000000001046
1690545239;0;0.01999999999999602;0;0;0;0;0.1500000000000341;1.8299999999999272
1690545240;0.25;0.47999999999998977;0;0;0.020000000000003126;0;0.2999999999999545;0.9800000000000182
1690545241;0.7299999999995634;1.1200000000000045;0;0;0.00999999999999801;0.01999999999999602;0.029999999999972715;0.049999999999954525
1690545242;0.3600000000005821;0.46000000000000796;0;0;0.02999999999999936;0.01999999999999602;0.18000000000006366;0.8899999999999864
1690545243;0.049999999999272404;0.10999999999998522;0;0;0.0600000000000005;0;0.23999999999995225;1.5300000000000864
1690545244;0.5400000000008731;0.5600000000000023;0;0;0.009999999999999787;0.010000000000005116;0.08000000000004093;0.7799999999999727
1690545245;0.010000000000218279;0.009999999999990905;0;0;0;0;0.13999999999998636;1.8700000000000045
1690545246;0;0.03000000000002956;0;0;0;0;0.11000000000001364;1.8500000000000227
1690545247;0.47999999999956344;0.30999999999997385;0;0;0.03999999999999915;0.01999999999999602;0.19999999999998863;0.8900000000001
1690545248;0.11000000000058208;1.8300000000000125;0;0;0;0;0.05000000000001137;0.009999999999990905
1690545249;0.09000000000014552;0.8799999999999955;0;0;0.040000000000000924;0.010000000000005116;0.16999999999995907;0.7999999999999545
1690545250;0.12999999999919964;0.3300000000000125;0;0;0.019999999999999574;0.009999999999990905;0.17000000000001592;1.2899999999999636
1690545251;0.2899999999990541;0.01999999999998181;0;0;0;0;0.160000000000025;1.5400000000000773
1690545252;0.2900000000008731;0.020000000000010232;0;0;0;0;0.13999999999998636;1.5499999999998408
1690545253;0.05999999999949068;0.9799999999999898;0;0;0.019999999999999574;0.010000000000005116;0.19999999999998863;0.7100000000000364
1690545254;0.11000000000058208;0.8400000000000034;0;0;0.040000000000000924;0.010000000000005116;0.22999999999996135;0.7300000000000182
1690545255;0.11000000000058208;0.6299999999999955;0;0;0.019999999999999574;0.009999999999990905;0.25000000000005684;0.9600000000000364
1690545256;0.8599999999987631;0.03000000000002956;0;0;0;0;0.12000000000000455;0.9700000000000273
1690545257;0.9099999999998545;0.20999999999997954;0;0;0;0.020000000000010232;0.10000000000002274;0.7499999999998863
1690545258;0.9400000000005093;0.2400000000000091;0;0;0;0;0.08999999999997499;0.7800000000000864
1690545259;1.2800000000006548;0.18999999999999773;0;0;0.010000000000001563;0;0.2400000000000091;0.19000000000005457
1690545260;1.8299999999999272;0.030000000000001137;0;0;0;0;0.06999999999999318;0.07999999999992724
1690545261;1.8500000000003638;0.009999999999990905;0;0;0;0;0.05000000000001137;0.07999999999992724
1690545262;1.860000000000582;0;0;0;0;0.009999999999990905;0.01999999999998181;0.060000000000172804
1690545263;1.9399999999986903;0;0;0;0.009999999999999787;0;0.03000000000002956;0.03999999999996362
1690545264;1.8400000000001455;0;0;0;0;0;0.06999999999993634;0.03999999999996362
1690545265;1.9500000000007276;0.009999999999990905;0;0;0;0;0.03000000000002956;0.009999999999990905
1690545266;1.9599999999991269;0;0;0;0;0;0.010000000000047748;0.03999999999996362
1690545267;1.9399999999986903;0;0;0;0.009999999999999787;0.009999999999990905;0.009999999999990905;0.01999999999998181
1690545268;1.9500000000007276;0;0;0;0;0;0.009999999999990905;0.020000000000095497
1690545269;1.9000000000014552;0;0;0;0;0;0.05999999999994543;0.05999999999994543
1690545270;1.9599999999991269;0;0;0;0;0;0.009999999999990905;0.009999999999990905
1690545271;1.9200000000000728;0;0;0;0;0;0;0.01999999999998181
1690545272;1.9200000000000728;0;0;0;0;0;0.040000000000020464;0.029999999999972715
1690545273;1.9099999999998545;0;0;0;0.009999999999999787;0;0.05000000000001137;0.07000000000005002
1690545274;1.8800000000010186;0;0;0;0;0;0.040000000000020464;0.029999999999972715
1690545275;1.9499999999989086;0;0;0;0;0;0.009999999999990905;0.030000000000086402
1690545276;1.9499999999989086;0;0;0;0;0;0.029999999999972715;0.01999999999998181
1690545277;1.9600000000009459;0;0;0;0;0;0.01999999999998181;0.03999999999996362
1690545278;1.9200000000000728;0;0;0;0;0;0.03000000000002956;0.030000000000086402
1690545279;1.8700000000008004;0;0;0;0;0.010000000000005116;0.060000000000002274;0.05999999999994543
1690545280;1.9500000000007276;0;0;0;0;0;0;0.01999999999998181
1690545281;1.9399999999986903;0;0;0;0;0;0.01999999999998181;0.049999999999954525
1690545282;1.8999999999996362;0;0;0;0;0;0.03000000000002956;0.05999999999994543
1690545283;1.890000000001237;0;0;0;0;0;0.01999999999998181;0.04000000000007731
1690545284;1.8999999999996362;0;0;0;0;0;0.060000000000002274;0.06000000000005912
1690545285;1.9399999999986903;0;0;0;0;0;0.010000000000047748;0.029999999999972715
1690545286;1.9400000000005093;0;0;0;0;0.010000000000005116;0;0.01999999999998181
1690545287;1.9500000000007276;0;0;0;0;0;0.029999999999972715;0.009999999999990905
1690545288;1.9400000000005093;0;0;0;0;0;0.01999999999998181;0.029999999999972715
1690545289;1.889999999999418;0;0;0;0;0;0.05000000000001137;0.05000000000006821
1690545290;1.9399999999986903;0;0;0;0;0.010000000000005116;0.009999999999990905;0.01999999999998181
1690545291;1.9500000000007276;0;0;0;0;0.010000000000005116;0.029999999999972715;0.029999999999972715
1690545292;1.930000000000291;0;0;0;0;0;0.020000000000038654;0.049999999999954525
1690545293;1.890000000001237;0;0;0;0;0;0.03000000000002956;0.07000000000005002
1690545294;1.859999999998763;0;0;0;0;0;0.049999999999954525;0.04000000000007731
1690545295;1.9600000000009459;0;0;0;0;0;0.01999999999998181;0.01999999999998181
1690545296;1.9499999999989086;0;0;0;0.00999999999999801;0;0.020000000000038654;0.029999999999972715
1690545297;1.9400000000005093;0;0;0;0;0.009999999999990905;0.009999999999990905;0.01999999999998181
1690545298;1.9499999999989086;0;0;0;0.009999999999999787;0;0.009999999999990905;0.01999999999998181
1690545299;1.8099999999994907;0;0;0;0;0;0.08999999999997499;0.09000000000003183
1690545300;1.9400000000023283;0;0;0;0;0;0.010000000000047748;0.06999999999993634
1690545301;1.9399999999986903;0;0;0;0;0;0.009999999999990905;0.009999999999990905
1690545302;1.9200000000000728;0;0;0;0;0;0.01999999999998181;0.049999999999954525
1690545303;1.860000000000582;0.03999999999999204;0;0;0;0;0.060000000000002274;0.04000000000007731
1690545304;1.8700000000008004;0;0;0;0;0;0.05000000000001137;0.04000000000007731
1690545305;1.9399999999986903;0;0;0;0;0;0.009999999999990905;0.029999999999972715
1690545306;1.9600000000009459;0;0;0;0;0;0.03000000000002956;0.029999999999972715
1690545307;1.9399999999986903;0;0;0;0;0.010000000000005116;0.03999999999996362;0.01999999999998181
1690545308;1.9599999999991269;0;0;0;0.010000000000001563;0;0.009999999999990905;0.01999999999998181
1690545309;1.8700000000008004;0;0;0;0;0;0.07000000000005002;0.020000000000095497
1690545310;1.9500000000007276;0;0;0;0;0;0.01999999999998181;0.029999999999972715
1690545311;1.9200000000000728;0;0;0;0;0;0.009999999999990905;0.05999999999994543
1690545312;1.8299999999999272;0;0;0;0;0;0.08000000000004093;0.09000000000003183
1690545313;1.819999999999709;0;0;0;0;0;0.05999999999994543;0.10000000000002274
1690545314;1.8700000000008004;0;0;0;0.010000000000001563;0;0.07000000000005002;0.06999999999993634
1690545315;1.9399999999986903;0;0;0;0;0;0.01999999999998181;0.009999999999990905
1690545316;1.9400000000005093;0;0;0;0;0;0.01999999999998181;0.04000000000007731
1690545317;1.9400000000005093;0;0;0;0;0;0.009999999999990905;0.029999999999972715
1690545318;1.9599999999991269;0;0;0;0;0;0.009999999999990905;0
1690545319;1.890000000001237;0;0;0;0;0;0.05000000000001137;0.049999999999954525
1690545320;1.9399999999986903;0;0;0;0;0;0;0.009999999999990905
1690545321;1.9500000000007276;0;0;0;0;0;0.01999999999998181;0.04000000000007731
1690545322;1.9099999999980355;0;0;0;0;0.009999999999990905;0.009999999999990905;0.049999999999954525
1690545323;1.9000000000014552;0;0;0;0.009999999999999787;0;0.05000000000006821;0.029999999999972715
1690545324;1.889999999999418;0;0;0;0;0.010000000000005116;0.05999999999994543;0.049999999999954525
1690545325;1.930000000000291;0;0;0;0;0;0.01999999999998181;0.009999999999990905
1690545326;1.9699999999993452;0;0;0;0;0;0.009999999999990905;0.04000000000007731
1690545327;1.93000000000211;0;0;0;0;0.010000000000005116;0.020000000000038654;0.01999999999998181
1690545328;1.9399999999986903;0;0;0;0;0;0.009999999999990905;0.01999999999998181
1690545329;1.8800000000010186;0.010000000000019327;0;0;0;0;0.060000000000002274;0.05000000000006821
1690545330;1.9399999999986903;0;0;0;0;0;0.009999999999990905;0.01999999999998181
1690545331;1.9700000000011642;0;0;0;0;0;0.03000000000002956;0.03999999999996362
1690545332;1.8999999999996362;0;0;0;0;0;0;0.049999999999954525
1690545333;1.929999999998472;0;0;0;0.00999999999999801;0;0.03000000000002956;0.05000000000006821
1690545334;1.8700000000008004;0;0;0;0;0;0.03999999999996362;0.04000000000007731
1690545335;1.9400000000005093;0;0;0;0;0;0.03000000000002956;0.029999999999972715
1690545336;1.929999999998472;0.010000000000019327;0;0;0;0;0.01999999999998181;0
1690545337;1.9400000000023283;0;0;0;0;0;0.009999999999990905;0.029999999999972715
1690545338;1.9699999999993452;0;0;0;0;0;0.029999999999972715;0.009999999999990905
1690545339;1.8700000000008004;0;0;0;0;0.009999999999990905;0.06000000000005912;0.05000000000006821
1690545340;1.9399999999986903;0;0;0;0;0;0.01999999999998181;0.01999999999998181
1690545341;1.930000000000291;0;0;0;0;0;0.029999999999972715;0.049999999999954525
1690545342;1.9200000000000728;0;0;0;0;0;0.009999999999990905;0.05999999999994543
1690545343;1.9099999999998545;0;0;0;0;0.010000000000005116;0.040000000000020464;0.009999999999990905
1690545344;1.8700000000008004;0;0;0;0;0;0.08000000000004093;0.06000000000005912
1690545345;1.9400000000005093;0;0;0;0;0;0.01999999999998181;0.01999999999998181
1690545346;1.929999999998472;0;0;0;0.009999999999999787;0;0.01999999999998181;0.01999999999998181
1690545347;1.9500000000007276;0;0;0;0;0.010000000000005116;0.01999999999998181;0.029999999999972715
1690545348;1.9699999999993452;0;0;0;0;0;0.01999999999998181;0.030000000000086402
1690545349;1.8800000000010186;0;0;0;0;0;0.05000000000006821;0.049999999999954525
1690545350;1.9399999999986903;0;0;0;0.009999999999999787;0;0.009999999999990905;0.04000000000007731
1690545351;1.9400000000023283;0;0;0;0;0;0.01999999999998181;0.009999999999990905
1690545352;1.9199999999982538;0;0;0;0;0;0.03999999999996362;0.05999999999994543
1690545353;1.9200000000000728;0;0;0;0;0;0.020000000000038654;0.049999999999954525
1690545354;1.9200000000000728;0;0;0;0;0;0.020000000000038654;0.029999999999972715
1690545355;1.8999999999996362;0;0;0;0;0.009999999999990905;0.009999999999990905;0.029999999999972715
1690545356;1.9699999999993452;0;0;0;0;0;0.01999999999998181;0.040000000000190994
1690545357;1.9200000000018917;0;0;0;0;0;0.009999999999990905;0.01999999999998181
1690545358;1.9599999999991269;0;0;0;0;0;0.009999999999990905;0.01999999999998181
1690545359;1.859999999998763;0;0;0;0.020000000000003126;0.010000000000005116;0.060000000000002274;0.05999999999994543
1690545360;1.9200000000018917;0;0;0;0;0;0.03999999999996362;0.04000000000007731
1690545361;1.9500000000007276;0;0;0;0;0;0.009999999999990905;0.029999999999972715
1690545362;1.9099999999980355;0;0;0;0;0;0.009999999999990905;0.029999999999972715
1690545363;1.9200000000000728;0;0;0;0;0;0.030000000000086402;0.06999999999993634
1690545364;1.8800000000010186;0;0;0;0;0;0.03999999999996362;0.03999999999996362
1690545365;1.8999999999996362;0;0;0;0;0;0.03999999999996362;0.05000000000006821
1690545366;1.9699999999993452;0;0;0;0;0;0.010000000000047748;0.01999999999998181
1690545367;1.9099999999998545;0;0;0;0;0.009999999999990905;0.009999999999990905;0.05000000000006821
1690545368;1.9500000000007276;0;0;0;0;0;0.03000000000002956;0.009999999999990905
1690545369;1.9199999999982538;0;0;0;0;0;0.029999999999972715;0.03999999999996362
1690545370;1.9200000000018917;0;0;0;0;0;0.049999999999954525;0.03999999999996362
1690545371;1.890000000001237;0;0;0;0;0;0.020000000000038654;0.07000000000005002
1690545372;1.9199999999982538;0;0;0;0;0;0;0.03999999999996362
1690545373;1.9200000000000728;0;0;0;0;0.010000000000005116;0.029999999999972715;0.07000000000005002
1690545374;1.9200000000000728;0;0;0;0;0;0.04000000000007731;0.029999999999972715
1690545375;1.8799999999991996;0;0;0;0;0;0.01999999999998181;0.05000000000006821
1690545376;1.9400000000023283;0;0;0;0;0;0.029999999999972715;0.009999999999990905
1690545377;1.929999999998472;0;0;0;0;0.010000000000005116;0.01999999999998181;0.03999999999996362
1690545378;1.9700000000011642;0;0;0;0.00999999999999801;0;0.03000000000002956;0.009999999999990905
1690545379;1.9099999999980355;0;0;0;0;0;0;0.01999999999998181
1690545380;1.9200000000018917;0;0;0;0;0;0.01999999999998181;0.049999999999954525
1690545381;1.9599999999991269;0;0;0;0;0;0.01999999999998181;0.05000000000006821
1690545382;1.8999999999996362;0;0;0;0;0;0.029999999999972715;0.049999999999954525
1690545383;1.9100000000016735;0;0;0;0;0;0.03000000000002956;0.05000000000006821
1690545384;1.929999999998472;0;0;0;0;0;0.03000000000002956;0.01999999999998181
1690545385;1.8700000000008004;0;0;0;0;0;0.03000000000002956;0.05999999999994543
1690545386;1.9599999999991269;0;0;0;0;0;0.009999999999990905;0.029999999999972715
1690545387;1.930000000000291;0;0;0;0;0.009999999999990905;0.01999999999998181;0.020000000000095497
1690545388;1.9600000000009459;0;0;0;0.009999999999999787;0;0.009999999999990905;0.029999999999972715
1690545389;1.929999999998472;0;0;0;0;0;0.01999999999998181;0.049999999999954525
1690545390;1.8999999999996362;0;0;0;0;0;0.03000000000002956;0.049999999999954525
1690545391;1.9600000000009459;0;0;0;0;0;0.029999999999972715;0.020000000000095497
1690545392;1.889999999999418;0;0;0;0;0;0.010000000000047748;0.08000000000004093
1690545393;1.9099999999998545;0;0;0;0;0.010000000000005116;0.01999999999998181;0.029999999999972715
1690545394;1.930000000000291;0;0;0;0;0;0.05000000000001137;0.03999999999996362
1690545395;1.8700000000008004;0;0;0;0;0;0.01999999999998181;0.06999999999993634
1690545396;1.9599999999991269;0;0;0;0;0;0.029999999999972715;0.020000000000095497
1690545397;1.9400000000005093;0;0;0;0.009999999999999787;0.01999999999999602;0.01999999999998181;0.01999999999998181
1690545398;1.9400000000005093;0;0;0;0;0;0.009999999999990905;0.01999999999998181
1690545399;1.9200000000000728;0;0;0;0;0;0.030000000000086402;0.01999999999998181
1690545400;1.9399999999986903;0;0;0;0;0;0.03999999999996362;0.03999999999996362
1690545401;1.8999999999996362;0;0;0;0;0;0;0.04000000000007731
1690545402;1.93000000000211;0;0;0;0;0;0.03000000000002956;0.04000000000007731
1690545403;1.9199999999982538;0;0;0;0;0;0.049999999999954525;0.049999999999954525
1690545404;1.890000000001237;0.009999999999990905;0;0;0;0.009999999999990905;0.03999999999996362;0.03999999999996362
1690545405;1.889999999999418;0;0;0;0;0;0.020000000000038654;0.03999999999996362
1690545406;1.9500000000007276;0;0;0;0;0;0.01999999999998181;0.029999999999972715
1690545407;1.9399999999986903;0;0;0;0;0;0.010000000000047748;0.030000000000086402
1690545408;1.9500000000007276;0;0;0;0;0;0.009999999999990905;0.029999999999972715
1690545409;1.9200000000000728;0;0;0;0;0;0.049999999999954525;0.009999999999990905
1690545410;1.9200000000000728;0;0;0;0;0;0.040000000000020464;0.049999999999954525
1690545411;1.9599999999991269;0;0;0;0;0;0.009999999999990905;0.030000000000086402
1690545412;1.890000000001237;0;0;0;0;0;0.020000000000038654;0.05000000000006821
1690545413;1.929999999998472;0;0;0;0.010000000000001563;0.010000000000005116;0.01999999999998181;0.049999999999954525
1690545414;1.9200000000018917;0;0;0;0;0;0.03999999999996362;0.029999999999972715
1690545415;1.9199999999982538;0;0;0;0;0;0.05000000000006821;0.03999999999996362
1690545416;1.930000000000291;0;0;0;0;0.010000000000005116;0.01999999999998181;0.01999999999998181
1690545417;1.9600000000009459;0;0;0;0;0;0.01999999999998181;0.04000000000007731
1690545418;1.9499999999989086;0;0;0;0;0.010000000000005116;0;0.01999999999998181
1690545419;1.860000000000582;0;0;0;0;0;0.05000000000001137;0.06999999999993634
1690545420;1.9200000000000728;0;0;0;0;0;0.05000000000001137;0.029999999999972715
